# Created: 2019-11-28 13:05:44.045274
# rshift intensity
76.1738 0.28330000000000055
76.4989 0.3832999999999984
76.824 0.31670000000000087
77.1491 0.21669999999999945
77.4721 0.23329999999999984
77.7972 0.13329999999999842
78.1223 0.16669999999999874
78.4474 0.1999999999999993
78.7724 0.14999999999999858
79.0975 0.16669999999999874
79.4204 0.09999999999999787
79.7454 0.1999999999999993
80.0704 0.11669999999999803
80.3954 0.08329999999999771
80.7204 0.18329999999999913
81.0454 0.06670000000000087
81.3682 0.13329999999999842
81.6931 0.18329999999999913
82.0181 0.05000000000000071
82.343 0.14999999999999858
82.6679 0.11669999999999803
82.9907 0.13329999999999842
83.3156 0.11669999999999803
83.6405 0.14999999999999858
83.9654 0.14999999999999858
84.2903 0.16669999999999874
84.613 0.09999999999999787
84.9378 0.13329999999999842
85.2626 0.14999999999999858
85.5875 0.14999999999999858
85.9101 0.18329999999999913
86.2349 0.14999999999999858
86.5597 0.16669999999999874
86.8845 0.18329999999999913
87.2093 0.14999999999999858
87.5319 0.11669999999999803
87.8566 0.08329999999999771
88.1814 0.14999999999999858
88.5061 0.09999999999999787
88.8286 0.23329999999999984
89.1533 0.1999999999999993
89.478 0.08329999999999771
89.8027 0.14999999999999858
90.1252 0.23329999999999984
90.4499 0.08329999999999771
90.7745 0.09999999999999787
91.0992 0.13329999999999842
91.4216 0.21669999999999945
91.7462 0.16669999999999874
92.0708 0.11669999999999803
92.3954 0.18329999999999913
92.7179 0.03330000000000055
93.0424 0.21669999999999945
93.367 0.11669999999999803
93.6915 0.23329999999999984
94.0139 0.13329999999999842
94.3384 0.08329999999999771
94.6629 0.21669999999999945
94.9853 0.14999999999999858
95.3098 0.11669999999999803
95.6342 0.11669999999999803
95.9587 0.08329999999999771
96.281 0.1999999999999993
96.6055 0.18329999999999913
96.9299 0.11669999999999803
97.2522 0.16669999999999874
97.5766 0.16669999999999874
97.901 0.14999999999999858
98.2232 0.1999999999999993
98.5476 0.14999999999999858
98.8719 0.09999999999999787
99.1942 0.18329999999999913
99.5185 0.01670000000000016
99.8428 0.21669999999999945
100.165 0.1999999999999993
100.489 0.09999999999999787
100.814 0.18329999999999913
101.136 0.13329999999999842
101.46 0.11669999999999803
101.784 0.14999999999999858
102.106 0.23329999999999984
102.431 0.1999999999999993
102.755 0.23329999999999984
103.077 0.13329999999999842
103.401 0.18329999999999913
103.725 0.13329999999999842
104.047 0.14999999999999858
104.372 0.11669999999999803
104.696 0.21669999999999945
105.018 0.1999999999999993
105.342 0.14999999999999858
105.666 0.25
105.988 0.16669999999999874
106.312 0.16669999999999874
106.634 0.21669999999999945
106.958 0.18329999999999913
107.282 0.25
107.604 0.21669999999999945
107.928 0.1999999999999993
108.252 0.23329999999999984
108.574 0.0
108.898 0.18329999999999913
109.22 0.16669999999999874
109.544 0.16669999999999874
109.868 0.09999999999999787
110.19 0.11669999999999803
110.514 0.18329999999999913
110.836 0.08329999999999771
111.159 0.08329999999999771
111.483 0.09999999999999787
111.805 0.13329999999999842
112.129 0.16669999999999874
112.451 0.14999999999999858
112.775 0.1999999999999993
113.096 0.16669999999999874
113.42 0.08329999999999771
113.744 0.21669999999999945
114.066 0.14999999999999858
114.39 0.11669999999999803
114.711 0.13329999999999842
115.035 0.09999999999999787
115.357 0.16669999999999874
115.681 0.13329999999999842
116.004 0.18329999999999913
116.326 0.23329999999999984
116.65 0.18329999999999913
116.971 0.13329999999999842
117.295 0.26670000000000016
117.617 0.16669999999999874
117.94 0.13329999999999842
118.262 0.21669999999999945
118.586 0.26670000000000016
118.907 0.09999999999999787
119.231 0.16669999999999874
119.554 0.21669999999999945
119.876 0.18329999999999913
120.199 0.14999999999999858
120.521 0.09999999999999787
120.845 0.11669999999999803
121.166 0.13329999999999842
121.49 0.16669999999999874
121.811 0.18329999999999913
122.135 0.11669999999999803
122.456 0.13329999999999842
122.78 0.09999999999999787
123.101 0.06670000000000087
123.424 0.21669999999999945
123.746 0.08329999999999771
124.069 0.09999999999999787
124.391 0.14999999999999858
124.714 0.11669999999999803
125.035 0.13329999999999842
125.359 0.08329999999999771
125.68 0.25
126.004 0.06670000000000087
126.325 0.18329999999999913
126.648 0.14999999999999858
126.97 0.11669999999999803
127.291 0.16669999999999874
127.614 0.14999999999999858
127.935 0.13329999999999842
128.259 0.25
128.58 0.18329999999999913
128.903 0.16669999999999874
129.224 0.16669999999999874
129.548 0.1999999999999993
129.869 0.3000000000000007
130.192 0.11669999999999803
130.513 0.21669999999999945
130.834 0.26670000000000016
131.158 0.1999999999999993
131.479 0.25
131.802 0.13329999999999842
132.123 0.23329999999999984
132.446 0.1999999999999993
132.767 0.18329999999999913
133.09 0.18329999999999913
133.411 0.11669999999999803
133.733 0.21669999999999945
134.056 0.26670000000000016
134.377 0.16669999999999874
134.7 0.1999999999999993
135.021 0.14999999999999858
135.342 0.21669999999999945
135.665 0.11669999999999803
135.986 0.18329999999999913
136.309 0.16669999999999874
136.63 0.1999999999999993
136.951 0.23329999999999984
137.274 0.13329999999999842
137.595 0.16669999999999874
137.918 0.09999999999999787
138.238 0.18329999999999913
138.559 0.21669999999999945
138.882 0.16669999999999874
139.203 0.18329999999999913
139.526 0.13329999999999842
139.847 0.18329999999999913
140.168 0.23329999999999984
140.491 0.14999999999999858
140.811 0.26670000000000016
141.132 0.3000000000000007
141.455 0.18329999999999913
141.776 0.18329999999999913
142.097 0.13329999999999842
142.419 0.23329999999999984
142.74 0.13329999999999842
143.061 0.1999999999999993
143.384 0.18329999999999913
143.704 0.25
144.027 0.3000000000000007
144.348 0.1999999999999993
144.668 0.1999999999999993
144.991 0.25
145.312 0.16669999999999874
145.632 0.18329999999999913
145.955 0.25
146.276 0.21669999999999945
146.596 0.21669999999999945
146.917 0.21669999999999945
147.24 0.3000000000000007
147.56 0.14999999999999858
147.881 0.25
148.203 0.16669999999999874
148.524 0.13329999999999842
148.844 0.13329999999999842
149.167 0.13329999999999842
149.487 0.11669999999999803
149.808 0.18329999999999913
150.131 0.1999999999999993
150.451 0.21669999999999945
150.771 0.16669999999999874
151.092 0.23329999999999984
151.414 0.23329999999999984
151.735 0.09999999999999787
152.055 0.1999999999999993
152.378 0.21669999999999945
152.698 0.11669999999999803
153.018 0.1999999999999993
153.339 0.1999999999999993
153.661 0.18329999999999913
153.982 0.13329999999999842
154.302 0.09999999999999787
154.622 0.1999999999999993
154.945 0.21669999999999945
155.265 0.16669999999999874
155.585 0.18329999999999913
155.905 0.1999999999999993
156.228 0.16669999999999874
156.548 0.28330000000000055
156.868 0.3000000000000007
157.188 0.09999999999999787
157.511 0.18329999999999913
157.831 0.16669999999999874
158.151 0.3000000000000007
158.471 0.16669999999999874
158.794 0.18329999999999913
159.114 0.1999999999999993
159.434 0.21669999999999945
159.754 0.14999999999999858
160.074 0.18329999999999913
160.396 0.16669999999999874
160.717 0.25
161.037 0.16669999999999874
161.357 0.26670000000000016
161.679 0.28330000000000055
161.999 0.14999999999999858
162.319 0.21669999999999945
162.639 0.1999999999999993
162.959 0.1999999999999993
163.281 0.13329999999999842
163.601 0.21669999999999945
163.921 0.18329999999999913
164.241 0.16669999999999874
164.561 0.18329999999999913
164.881 0.23329999999999984
165.203 0.21669999999999945
165.523 0.26670000000000016
165.843 0.14999999999999858
166.163 0.1999999999999993
166.483 0.21669999999999945
166.803 0.18329999999999913
167.125 0.13329999999999842
167.445 0.21669999999999945
167.764 0.21669999999999945
168.084 0.18329999999999913
168.404 0.28330000000000055
168.724 0.26670000000000016
169.046 0.16669999999999874
169.366 0.14999999999999858
169.685 0.23329999999999984
170.005 0.16669999999999874
170.325 0.28330000000000055
170.645 0.14999999999999858
170.964 0.16669999999999874
171.286 0.13329999999999842
171.606 0.21669999999999945
171.926 0.16669999999999874
172.245 0.21669999999999945
172.565 0.18329999999999913
172.885 0.26670000000000016
173.204 0.14999999999999858
173.524 0.1999999999999993
173.846 0.05000000000000071
174.166 0.11669999999999803
174.485 0.13329999999999842
174.805 0.11669999999999803
175.124 0.08329999999999771
175.444 0.16669999999999874
175.764 0.08329999999999771
176.083 0.09999999999999787
176.403 0.21669999999999945
176.722 0.21669999999999945
177.044 0.11669999999999803
177.363 0.18329999999999913
177.683 0.14999999999999858
178.002 0.3000000000000007
178.322 0.31670000000000087
178.641 0.14999999999999858
178.961 0.18329999999999913
179.28 0.16669999999999874
179.6 0.13329999999999842
179.919 0.21669999999999945
180.239 0.13329999999999842
180.558 0.26670000000000016
180.877 0.13329999999999842
181.197 0.08329999999999771
181.516 0.21669999999999945
181.838 0.21669999999999945
182.157 0.23329999999999984
182.476 0.14999999999999858
182.796 0.14999999999999858
183.115 0.16669999999999874
183.434 0.23329999999999984
183.754 0.13329999999999842
184.073 0.26670000000000016
184.392 0.18329999999999913
184.712 0.18329999999999913
185.031 0.09999999999999787
185.35 0.21669999999999945
185.669 0.18329999999999913
185.989 0.1999999999999993
186.308 0.09999999999999787
186.627 0.11669999999999803
186.946 0.21669999999999945
187.265 0.18329999999999913
187.585 0.26670000000000016
187.904 0.23329999999999984
188.223 0.1999999999999993
188.542 0.13329999999999842
188.861 0.13329999999999842
189.18 0.21669999999999945
189.499 0.23329999999999984
189.818 0.16669999999999874
190.138 0.1999999999999993
190.457 0.09999999999999787
190.776 0.16669999999999874
191.095 0.21669999999999945
191.414 0.18329999999999913
191.733 0.23329999999999984
192.052 0.16669999999999874
192.371 0.1999999999999993
192.69 0.18329999999999913
193.009 0.18329999999999913
193.328 0.16669999999999874
193.647 0.11669999999999803
193.966 0.18329999999999913
194.285 0.18329999999999913
194.602 0.1999999999999993
194.92 0.18329999999999913
195.239 0.14999999999999858
195.558 0.09999999999999787
195.877 0.18329999999999913
196.196 0.1999999999999993
196.515 0.25
196.834 0.28330000000000055
197.153 0.1999999999999993
197.471 0.13329999999999842
197.79 0.28330000000000055
198.109 0.14999999999999858
198.428 0.14999999999999858
198.747 0.11669999999999803
199.065 0.21669999999999945
199.382 0.13329999999999842
199.701 0.16669999999999874
200.02 0.21669999999999945
200.338 0.14999999999999858
200.657 0.25
200.976 0.18329999999999913
201.295 0.16669999999999874
201.613 0.16669999999999874
201.932 0.11669999999999803
202.251 0.23329999999999984
202.567 0.16669999999999874
202.886 0.16669999999999874
203.204 0.18329999999999913
203.523 0.16669999999999874
203.842 0.26670000000000016
204.16 0.18329999999999913
204.479 0.1999999999999993
204.797 0.28330000000000055
205.114 0.31670000000000087
205.433 0.26670000000000016
205.751 0.21669999999999945
206.07 0.18329999999999913
206.388 0.3000000000000007
206.707 0.14999999999999858
207.025 0.31670000000000087
207.342 0.1999999999999993
207.66 0.1999999999999993
207.979 0.28330000000000055
208.297 0.26670000000000016
208.615 0.09999999999999787
208.934 0.16669999999999874
209.25 0.25
209.569 0.25
209.887 0.1999999999999993
210.205 0.23329999999999984
210.524 0.11669999999999803
210.842 0.25
211.158 0.23329999999999984
211.477 0.25
211.795 0.16669999999999874
212.113 0.23329999999999984
212.432 0.21669999999999945
212.75 0.16669999999999874
213.066 0.23329999999999984
213.385 0.23329999999999984
213.703 0.14999999999999858
214.021 0.25
214.339 0.16669999999999874
214.656 0.25
214.974 0.16669999999999874
215.292 0.18329999999999913
215.61 0.21669999999999945
215.926 0.14999999999999858
216.245 0.1999999999999993
216.563 0.23329999999999984
216.881 0.34999999999999787
217.199 0.18329999999999913
217.515 0.25
217.833 0.21669999999999945
218.151 0.23329999999999984
218.469 0.28330000000000055
218.785 0.1999999999999993
219.104 0.26670000000000016
219.422 0.28330000000000055
219.74 0.16669999999999874
220.056 0.3000000000000007
220.374 0.1999999999999993
220.692 0.14999999999999858
221.01 0.21669999999999945
221.326 0.18329999999999913
221.644 0.23329999999999984
221.962 0.21669999999999945
222.28 0.11669999999999803
222.596 0.26670000000000016
222.914 0.08329999999999771
223.232 0.3000000000000007
223.547 0.23329999999999984
223.865 0.1999999999999993
224.183 0.18329999999999913
224.501 0.16669999999999874
224.817 0.31670000000000087
225.135 0.23329999999999984
225.453 0.14999999999999858
225.768 0.26670000000000016
226.086 0.23329999999999984
226.404 0.366699999999998
226.722 0.11669999999999803
227.038 0.26670000000000016
227.355 0.26670000000000016
227.673 0.26670000000000016
227.989 0.25
228.307 0.23329999999999984
228.625 0.3000000000000007
228.94 0.28330000000000055
229.258 0.16669999999999874
229.576 0.26670000000000016
229.891 0.26670000000000016
230.209 0.31670000000000087
230.527 0.26670000000000016
230.842 0.23329999999999984
231.16 0.3000000000000007
231.478 0.23329999999999984
231.793 0.23329999999999984
232.111 0.21669999999999945
232.428 0.26670000000000016
232.744 0.1999999999999993
233.062 0.18329999999999913
233.379 0.21669999999999945
233.695 0.18329999999999913
234.012 0.16669999999999874
234.33 0.3332999999999977
234.645 0.16669999999999874
234.963 0.16669999999999874
235.278 0.18329999999999913
235.596 0.06670000000000087
235.913 0.23329999999999984
236.229 0.18329999999999913
236.546 0.28330000000000055
236.864 0.16669999999999874
237.179 0.1999999999999993
237.497 0.26670000000000016
237.812 0.23329999999999984
238.129 0.366699999999998
238.447 0.23329999999999984
238.762 0.1999999999999993
239.08 0.18329999999999913
239.395 0.16669999999999874
239.712 0.16669999999999874
240.03 0.28330000000000055
240.345 0.1999999999999993
240.662 0.25
240.978 0.1999999999999993
241.295 0.1999999999999993
241.61 0.23329999999999984
241.927 0.1999999999999993
242.245 0.26670000000000016
242.56 0.28330000000000055
242.877 0.3332999999999977
243.192 0.1999999999999993
243.51 0.23329999999999984
243.825 0.14999999999999858
244.142 0.18329999999999913
244.459 0.1999999999999993
244.774 0.21669999999999945
245.092 0.26670000000000016
245.407 0.21669999999999945
245.724 0.25
246.039 0.28330000000000055
246.356 0.3000000000000007
246.671 0.25
246.988 0.1999999999999993
247.303 0.16669999999999874
247.62 0.23329999999999984
247.938 0.34999999999999787
248.253 0.366699999999998
248.57 0.23329999999999984
248.885 0.23329999999999984
249.202 0.26670000000000016
249.517 0.14999999999999858
249.834 0.1999999999999993
250.149 0.21669999999999945
250.466 0.16669999999999874
250.781 0.28330000000000055
251.098 0.21669999999999945
251.412 0.13329999999999842
251.729 0.28330000000000055
252.044 0.21669999999999945
252.361 0.3000000000000007
252.676 0.23329999999999984
252.993 0.1999999999999993
253.308 0.25
253.625 0.23329999999999984
253.94 0.21669999999999945
254.256 0.28330000000000055
254.571 0.26670000000000016
254.888 0.18329999999999913
255.203 0.21669999999999945
255.518 0.34999999999999787
255.834 0.14999999999999858
256.149 0.26670000000000016
256.466 0.25
256.781 0.1999999999999993
257.097 0.18329999999999913
257.412 0.1999999999999993
257.729 0.28330000000000055
258.044 0.31670000000000087
258.36 0.25
258.675 0.3332999999999977
258.99 0.21669999999999945
259.306 0.23329999999999984
259.621 0.21669999999999945
259.938 0.25
260.252 0.16669999999999874
260.569 0.31670000000000087
260.883 0.18329999999999913
261.198 0.16669999999999874
261.515 0.23329999999999984
261.829 0.23329999999999984
262.146 0.16669999999999874
262.46 0.31670000000000087
262.775 0.25
263.091 0.18329999999999913
263.406 0.26670000000000016
263.723 0.25
264.037 0.25
264.354 0.1999999999999993
264.668 0.3832999999999984
264.982 0.31670000000000087
265.299 0.21669999999999945
265.613 0.28330000000000055
265.928 0.1999999999999993
266.244 0.25
266.559 0.28330000000000055
266.875 0.26670000000000016
267.189 0.366699999999998
267.504 0.28330000000000055
267.82 0.21669999999999945
268.134 0.1999999999999993
268.449 0.16669999999999874
268.765 0.28330000000000055
269.079 0.16669999999999874
269.394 0.26670000000000016
269.71 0.1999999999999993
270.024 0.25
270.341 0.26670000000000016
270.655 0.18329999999999913
270.969 0.28330000000000055
271.286 0.1999999999999993
271.6 0.21669999999999945
271.914 0.25
272.23 0.21669999999999945
272.544 0.3000000000000007
272.859 0.23329999999999984
273.175 0.31670000000000087
273.489 0.1999999999999993
273.803 0.1999999999999993
274.119 0.25
274.433 0.23329999999999984
274.747 0.1999999999999993
275.062 0.25
275.378 0.1999999999999993
275.692 0.18329999999999913
276.006 0.16669999999999874
276.322 0.23329999999999984
276.636 0.1999999999999993
276.95 0.14999999999999858
277.266 0.1999999999999993
277.58 0.1999999999999993
277.894 0.25
278.208 0.1999999999999993
278.524 0.28330000000000055
278.838 0.25
279.152 0.3332999999999977
279.468 0.26670000000000016
279.782 0.25
280.096 0.1999999999999993
280.41 0.26670000000000016
280.726 0.21669999999999945
281.04 0.3000000000000007
281.354 0.28330000000000055
281.668 0.1999999999999993
281.983 0.3000000000000007
282.297 0.18329999999999913
282.611 0.28330000000000055
282.925 0.23329999999999984
283.241 0.21669999999999945
283.555 0.3000000000000007
283.868 0.23329999999999984
284.182 0.31670000000000087
284.498 0.26670000000000016
284.812 0.23329999999999984
285.126 0.23329999999999984
285.439 0.16669999999999874
285.753 0.1999999999999993
286.069 0.14999999999999858
286.383 0.14999999999999858
286.696 0.3000000000000007
287.01 0.11669999999999803
287.326 0.3000000000000007
287.639 0.1999999999999993
287.953 0.23329999999999984
288.267 0.26670000000000016
288.58 0.18329999999999913
288.896 0.3000000000000007
289.21 0.1999999999999993
289.523 0.21669999999999945
289.837 0.3000000000000007
290.15 0.1999999999999993
290.466 0.366699999999998
290.78 0.21669999999999945
291.093 0.21669999999999945
291.407 0.3000000000000007
291.72 0.1999999999999993
292.034 0.3832999999999984
292.349 0.25
292.663 0.14999999999999858
292.976 0.23329999999999984
293.29 0.18329999999999913
293.603 0.1999999999999993
293.917 0.21669999999999945
294.232 0.366699999999998
294.546 0.31670000000000087
294.859 0.28330000000000055
295.172 0.25
295.486 0.16669999999999874
295.799 0.26670000000000016
296.113 0.21669999999999945
296.428 0.18329999999999913
296.741 0.3000000000000007
297.055 0.31670000000000087
297.368 0.3000000000000007
297.681 0.31670000000000087
297.995 0.18329999999999913
298.308 0.25
298.621 0.3000000000000007
298.937 0.25
299.25 0.18329999999999913
299.563 0.28330000000000055
299.876 0.25
300.19 0.16669999999999874
300.503 0.14999999999999858
300.816 0.18329999999999913
301.129 0.25
301.442 0.25
301.756 0.1999999999999993
302.071 0.1999999999999993
302.384 0.21669999999999945
302.697 0.23329999999999984
303.01 0.21669999999999945
303.323 0.21669999999999945
303.637 0.3000000000000007
303.95 0.18329999999999913
304.263 0.25
304.576 0.25
304.889 0.21669999999999945
305.202 0.28330000000000055
305.515 0.25
305.828 0.28330000000000055
306.141 0.25
306.456 0.25
306.769 0.25
307.082 0.26670000000000016
307.395 0.14999999999999858
307.708 0.25
308.021 0.25
308.334 0.23329999999999984
308.647 0.23329999999999984
308.96 0.08329999999999771
309.273 0.23329999999999984
309.586 0.26670000000000016
309.899 0.25
310.212 0.26670000000000016
310.525 0.26670000000000016
310.838 0.14999999999999858
311.15 0.18329999999999913
311.463 0.23329999999999984
311.776 0.31670000000000087
312.089 0.25
312.402 0.1999999999999993
312.715 0.21669999999999945
313.027 0.25
313.34 0.25
313.653 0.25
313.966 0.1999999999999993
314.278 0.21669999999999945
314.591 0.25
314.904 0.21669999999999945
315.217 0.3332999999999977
315.529 0.25
315.842 0.1999999999999993
316.155 0.3000000000000007
316.467 0.16669999999999874
316.78 0.1999999999999993
317.093 0.1999999999999993
317.405 0.18329999999999913
317.718 0.18329999999999913
318.031 0.21669999999999945
318.343 0.18329999999999913
318.656 0.28330000000000055
318.969 0.1999999999999993
319.281 0.31670000000000087
319.592 0.18329999999999913
319.904 0.23329999999999984
320.217 0.25
320.529 0.23329999999999984
320.842 0.34999999999999787
321.154 0.21669999999999945
321.467 0.14999999999999858
321.779 0.1999999999999993
322.092 0.16669999999999874
322.404 0.3000000000000007
322.717 0.28330000000000055
323.029 0.28330000000000055
323.342 0.3000000000000007
323.654 0.21669999999999945
323.965 0.14999999999999858
324.277 0.1999999999999993
324.589 0.3000000000000007
324.902 0.18329999999999913
325.214 0.21669999999999945
325.527 0.26670000000000016
325.839 0.18329999999999913
326.151 0.28330000000000055
326.464 0.3000000000000007
326.776 0.18329999999999913
327.086 0.26670000000000016
327.399 0.3000000000000007
327.711 0.26670000000000016
328.023 0.31670000000000087
328.335 0.366699999999998
328.648 0.3000000000000007
328.96 0.34999999999999787
329.27 0.3832999999999984
329.582 0.366699999999998
329.895 0.26670000000000016
330.207 0.34999999999999787
330.519 0.3332999999999977
330.831 0.21669999999999945
331.143 0.46669999999999945
331.454 0.34999999999999787
331.766 0.34999999999999787
332.078 0.46669999999999945
332.39 0.34999999999999787
332.702 0.28330000000000055
333.014 0.3832999999999984
333.326 0.26670000000000016
333.636 0.21669999999999945
333.948 0.3999999999999986
334.261 0.26670000000000016
334.573 0.3832999999999984
334.885 0.43329999999999913
335.195 0.26670000000000016
335.507 0.34999999999999787
335.819 0.25
336.131 0.366699999999998
336.443 0.31670000000000087
336.753 0.14999999999999858
337.065 0.3000000000000007
337.377 0.3332999999999977
337.689 0.26670000000000016
338.001 0.23329999999999984
338.31 0.13329999999999842
338.622 0.31670000000000087
338.934 0.31670000000000087
339.246 0.3332999999999977
339.558 0.3000000000000007
339.868 0.1999999999999993
340.18 0.31670000000000087
340.492 0.21669999999999945
340.804 0.23329999999999984
341.113 0.3000000000000007
341.425 0.21669999999999945
341.737 0.16669999999999874
342.049 0.3832999999999984
342.361 0.3000000000000007
342.67 0.26670000000000016
342.982 0.28330000000000055
343.294 0.3000000000000007
343.606 0.21669999999999945
343.915 0.26670000000000016
344.227 0.26670000000000016
344.539 0.28330000000000055
344.849 0.25
345.16 0.23329999999999984
345.472 0.1999999999999993
345.784 0.1999999999999993
346.093 0.25
346.405 0.1999999999999993
346.717 0.23329999999999984
347.028 0.25
347.338 0.3332999999999977
347.649 0.3832999999999984
347.961 0.3000000000000007
348.271 0.25
348.582 0.31670000000000087
348.894 0.31670000000000087
349.205 0.3000000000000007
349.515 0.25
349.826 0.3000000000000007
350.138 0.5
350.447 0.31670000000000087
350.759 0.23329999999999984
351.07 0.26670000000000016
351.38 0.18329999999999913
351.691 0.31670000000000087
352.003 0.26670000000000016
352.312 0.23329999999999984
352.624 0.4499999999999993
352.935 0.09999999999999787
353.245 0.21669999999999945
353.556 0.3000000000000007
353.867 0.28330000000000055
354.177 0.3000000000000007
354.488 0.18329999999999913
354.799 0.1999999999999993
355.109 0.1999999999999993
355.42 0.21669999999999945
355.732 0.21669999999999945
356.041 0.25
356.352 0.34999999999999787
356.663 0.14999999999999858
356.973 0.26670000000000016
357.284 0.21669999999999945
357.593 0.28330000000000055
357.905 0.23329999999999984
358.216 0.26670000000000016
358.525 0.34999999999999787
358.836 0.18329999999999913
359.147 0.21669999999999945
359.457 0.31670000000000087
359.768 0.23329999999999984
360.077 0.366699999999998
360.388 0.3832999999999984
360.699 0.21669999999999945
361.008 0.34999999999999787
361.32 0.3000000000000007
361.629 0.34999999999999787
361.94 0.21669999999999945
362.251 0.16669999999999874
362.56 0.31670000000000087
362.871 0.26670000000000016
363.18 0.25
363.491 0.3332999999999977
363.8 0.1999999999999993
364.111 0.28330000000000055
364.422 0.21669999999999945
364.731 0.366699999999998
365.042 0.23329999999999984
365.351 0.3000000000000007
365.662 0.28330000000000055
365.971 0.23329999999999984
366.282 0.31670000000000087
366.593 0.26670000000000016
366.902 0.21669999999999945
367.213 0.23329999999999984
367.522 0.23329999999999984
367.833 0.3332999999999977
368.142 0.23329999999999984
368.453 0.23329999999999984
368.762 0.16669999999999874
369.073 0.26670000000000016
369.381 0.23329999999999984
369.692 0.31670000000000087
370.001 0.31670000000000087
370.312 0.25
370.623 0.23329999999999984
370.932 0.3832999999999984
371.242 0.25
371.551 0.28330000000000055
371.862 0.1999999999999993
372.171 0.18329999999999913
372.482 0.3999999999999986
372.79 0.23329999999999984
373.101 0.3000000000000007
373.41 0.3332999999999977
373.721 0.3000000000000007
374.029 0.28330000000000055
374.34 0.26670000000000016
374.649 0.26670000000000016
374.959 0.28330000000000055
375.268 0.16669999999999874
375.577 0.26670000000000016
375.887 0.34999999999999787
376.196 0.34999999999999787
376.506 0.23329999999999984
376.815 0.31670000000000087
377.126 0.3332999999999977
377.434 0.28330000000000055
377.745 0.3000000000000007
378.053 0.23329999999999984
378.364 0.13329999999999842
378.672 0.366699999999998
378.983 0.25
379.292 0.23329999999999984
379.6 0.23329999999999984
379.911 0.13329999999999842
380.219 0.25
380.53 0.25
380.838 0.21669999999999945
381.148 0.3000000000000007
381.457 0.23329999999999984
381.767 0.23329999999999984
382.076 0.23329999999999984
382.384 0.3000000000000007
382.695 0.1999999999999993
383.003 0.18329999999999913
383.313 0.3000000000000007
383.622 0.3332999999999977
383.93 0.34999999999999787
384.24 0.25
384.549 0.28330000000000055
384.859 0.25
385.167 0.3832999999999984
385.476 0.3000000000000007
385.786 0.1999999999999993
386.094 0.28330000000000055
386.405 0.25
386.713 0.1999999999999993
387.021 0.31670000000000087
387.331 0.3000000000000007
387.64 0.1999999999999993
387.948 0.3999999999999986
388.258 0.1999999999999993
388.566 0.28330000000000055
388.877 0.28330000000000055
389.185 0.25
389.493 0.26670000000000016
389.803 0.26670000000000016
390.111 0.34999999999999787
390.419 0.3000000000000007
390.729 0.34999999999999787
391.038 0.26670000000000016
391.346 0.26670000000000016
391.656 0.34999999999999787
391.964 0.21669999999999945
392.272 0.21669999999999945
392.582 0.3000000000000007
392.89 0.34999999999999787
393.198 0.28330000000000055
393.508 0.25
393.816 0.366699999999998
394.124 0.3332999999999977
394.434 0.34999999999999787
394.742 0.3000000000000007
395.05 0.366699999999998
395.36 0.3000000000000007
395.668 0.366699999999998
395.976 0.3000000000000007
396.286 0.31670000000000087
396.594 0.34999999999999787
396.902 0.3000000000000007
397.21 0.41669999999999874
397.52 0.31670000000000087
397.828 0.3332999999999977
398.135 0.25
398.445 0.3000000000000007
398.753 0.34999999999999787
399.061 0.28330000000000055
399.369 0.366699999999998
399.679 0.26670000000000016
399.987 0.41669999999999874
400.294 0.41669999999999874
400.604 0.25
400.912 0.34999999999999787
401.22 0.34999999999999787
401.527 0.34999999999999787
401.837 0.3000000000000007
402.145 0.3000000000000007
402.453 0.3000000000000007
402.76 0.21669999999999945
403.07 0.31670000000000087
403.378 0.31670000000000087
403.686 0.26670000000000016
403.993 0.31670000000000087
404.303 0.3000000000000007
404.611 0.34999999999999787
404.918 0.21669999999999945
405.226 0.43329999999999913
405.533 0.366699999999998
405.843 0.3999999999999986
406.151 0.34999999999999787
406.458 0.3000000000000007
406.766 0.3999999999999986
407.076 0.43329999999999913
407.383 0.34999999999999787
407.691 0.3332999999999977
407.998 0.28330000000000055
408.306 0.3832999999999984
408.615 0.3000000000000007
408.923 0.25
409.23 0.31670000000000087
409.538 0.31670000000000087
409.845 0.34999999999999787
410.153 0.366699999999998
410.462 0.3332999999999977
410.77 0.34999999999999787
411.077 0.41669999999999874
411.384 0.46669999999999945
411.692 0.43329999999999913
412.001 0.3332999999999977
412.309 0.34999999999999787
412.616 0.28330000000000055
412.923 0.3332999999999977
413.231 0.46669999999999945
413.538 0.3999999999999986
413.845 0.5167000000000002
414.155 0.3832999999999984
414.462 0.46669999999999945
414.769 0.41669999999999874
415.077 0.3999999999999986
415.384 0.43329999999999913
415.691 0.5
415.999 0.366699999999998
416.308 0.5167000000000002
416.615 0.5
416.922 0.5167000000000002
417.23 0.3999999999999986
417.537 0.5832999999999977
417.844 0.5832999999999977
418.151 0.5667000000000009
418.458 0.6832999999999991
418.768 0.5333000000000006
419.075 0.5667000000000009
419.382 0.7166999999999994
419.689 0.7332999999999998
419.996 0.75
420.303 0.5999999999999979
420.61 0.7166999999999994
420.918 1.0
421.225 0.9666999999999994
421.532 1.116699999999998
421.841 1.0167000000000002
422.148 1.0832999999999977
422.455 1.1332999999999984
422.762 1.2166999999999994
423.069 1.2166999999999994
423.376 1.3000000000000007
423.683 1.2166999999999994
423.99 1.4166999999999987
424.297 1.5832999999999977
424.604 1.5667000000000009
424.911 1.3167000000000009
425.218 1.2667000000000002
425.525 1.366699999999998
425.832 1.4666999999999994
426.139 1.6832999999999991
426.446 1.3832999999999984
426.753 1.4166999999999987
427.061 1.5167000000000002
427.368 1.5667000000000009
427.675 1.4166999999999987
427.982 1.3999999999999986
428.289 1.3832999999999984
428.596 1.2667000000000002
428.903 1.1832999999999991
429.209 1.2667000000000002
429.516 1.0
429.823 1.0500000000000007
430.13 1.116699999999998
430.437 0.9666999999999994
430.743 0.7332999999999998
431.05 0.8000000000000007
431.357 1.0500000000000007
431.664 0.8000000000000007
431.97 0.6999999999999993
432.277 0.8999999999999986
432.584 0.6999999999999993
432.891 0.7667000000000002
433.197 0.5500000000000007
433.504 0.6499999999999986
433.811 0.7667000000000002
434.117 0.5333000000000006
434.424 0.7667000000000002
434.731 0.5999999999999979
435.037 0.5
435.344 0.48329999999999984
435.65 0.48329999999999984
435.957 0.7166999999999994
436.262 0.41669999999999874
436.568 0.616699999999998
436.875 0.5167000000000002
437.181 0.5667000000000009
437.488 0.46669999999999945
437.794 0.31670000000000087
438.101 0.48329999999999984
438.407 0.3832999999999984
438.714 0.5
439.02 0.5167000000000002
439.327 0.366699999999998
439.633 0.4499999999999993
439.94 0.43329999999999913
440.246 0.4499999999999993
440.553 0.43329999999999913
440.859 0.4499999999999993
441.163 0.3999999999999986
441.47 0.3999999999999986
441.776 0.43329999999999913
442.083 0.43329999999999913
442.389 0.3832999999999984
442.695 0.3999999999999986
443.002 0.366699999999998
443.308 0.3832999999999984
443.614 0.3332999999999977
443.921 0.3999999999999986
444.225 0.41669999999999874
444.531 0.3000000000000007
444.838 0.3832999999999984
445.144 0.3332999999999977
445.45 0.366699999999998
445.757 0.366699999999998
446.063 0.5
446.369 0.366699999999998
446.675 0.3832999999999984
446.979 0.3000000000000007
447.286 0.48329999999999984
447.592 0.31670000000000087
447.898 0.3999999999999986
448.204 0.34999999999999787
448.51 0.3999999999999986
448.817 0.4499999999999993
449.121 0.34999999999999787
449.427 0.366699999999998
449.733 0.4499999999999993
450.039 0.3332999999999977
450.345 0.5500000000000007
450.651 0.3332999999999977
450.955 0.5
451.261 0.5500000000000007
451.568 0.46669999999999945
451.874 0.4499999999999993
452.18 0.34999999999999787
452.486 0.34999999999999787
452.79 0.48329999999999984
453.096 0.3999999999999986
453.402 0.5333000000000006
453.708 0.41669999999999874
454.014 0.31670000000000087
454.318 0.41669999999999874
454.624 0.31670000000000087
454.93 0.5167000000000002
455.236 0.3332999999999977
455.541 0.41669999999999874
455.845 0.3832999999999984
456.151 0.31670000000000087
456.457 0.3999999999999986
456.763 0.366699999999998
457.067 0.31670000000000087
457.373 0.34999999999999787
457.679 0.3832999999999984
457.985 0.3999999999999986
458.29 0.25
458.594 0.3832999999999984
458.9 0.366699999999998
459.206 0.3332999999999977
459.512 0.3999999999999986
459.815 0.43329999999999913
460.121 0.31670000000000087
460.427 0.3332999999999977
460.733 0.34999999999999787
461.036 0.3000000000000007
461.342 0.31670000000000087
461.648 0.3332999999999977
461.954 0.3999999999999986
462.257 0.366699999999998
462.563 0.43329999999999913
462.869 0.366699999999998
463.172 0.21669999999999945
463.478 0.41669999999999874
463.784 0.3332999999999977
464.089 0.366699999999998
464.393 0.26670000000000016
464.699 0.43329999999999913
465.004 0.34999999999999787
465.308 0.31670000000000087
465.613 0.43329999999999913
465.919 0.34999999999999787
466.225 0.366699999999998
466.528 0.34999999999999787
466.834 0.366699999999998
467.139 0.26670000000000016
467.443 0.28330000000000055
467.748 0.3332999999999977
468.054 0.366699999999998
468.357 0.3000000000000007
468.663 0.3832999999999984
468.968 0.34999999999999787
469.272 0.48329999999999984
469.577 0.28330000000000055
469.883 0.31670000000000087
470.186 0.41669999999999874
470.492 0.28330000000000055
470.797 0.34999999999999787
471.1 0.3999999999999986
471.406 0.366699999999998
471.711 0.31670000000000087
472.014 0.48329999999999984
472.32 0.3000000000000007
472.625 0.28330000000000055
472.929 0.366699999999998
473.234 0.366699999999998
473.539 0.3000000000000007
473.843 0.366699999999998
474.148 0.34999999999999787
474.451 0.5167000000000002
474.756 0.3332999999999977
475.062 0.41669999999999874
475.365 0.43329999999999913
475.67 0.4499999999999993
475.973 0.43329999999999913
476.279 0.5999999999999979
476.584 0.366699999999998
476.887 0.5667000000000009
477.192 0.5167000000000002
477.498 0.5667000000000009
477.801 0.5999999999999979
478.106 0.7332999999999998
478.409 0.75
478.714 0.9332999999999991
479.017 0.75
479.322 0.7332999999999998
479.628 0.8499999999999979
479.931 0.7833000000000006
480.236 0.8499999999999979
480.539 0.75
480.844 0.9166999999999987
481.147 0.8167000000000009
481.452 0.8999999999999986
481.757 0.7332999999999998
482.06 0.8332999999999977
482.365 0.8499999999999979
482.668 0.7833000000000006
482.973 0.6999999999999993
483.276 0.7833000000000006
483.581 0.7166999999999994
483.884 0.6999999999999993
484.189 0.5667000000000009
484.494 0.6332999999999984
484.797 0.46669999999999945
485.102 0.43329999999999913
485.405 0.5167000000000002
485.71 0.43329999999999913
486.013 0.3832999999999984
486.318 0.3332999999999977
486.621 0.3332999999999977
486.925 0.366699999999998
487.228 0.3832999999999984
487.533 0.28330000000000055
487.836 0.3832999999999984
488.141 0.46669999999999945
488.444 0.3832999999999984
488.748 0.34999999999999787
489.051 0.3832999999999984
489.356 0.4499999999999993
489.659 0.41669999999999874
489.964 0.31670000000000087
490.266 0.31670000000000087
490.571 0.366699999999998
490.874 0.41669999999999874
491.179 0.3332999999999977
491.481 0.31670000000000087
491.786 0.3332999999999977
492.089 0.4499999999999993
492.393 0.3332999999999977
492.696 0.3999999999999986
493.001 0.34999999999999787
493.303 0.366699999999998
493.606 0.31670000000000087
493.911 0.3999999999999986
494.213 0.41669999999999874
494.518 0.28330000000000055
494.821 0.3332999999999977
495.125 0.48329999999999984
495.428 0.23329999999999984
495.732 0.3832999999999984
496.035 0.3832999999999984
496.337 0.3999999999999986
496.642 0.366699999999998
496.945 0.3832999999999984
497.249 0.26670000000000016
497.552 0.23329999999999984
497.856 0.3999999999999986
498.159 0.3332999999999977
498.461 0.28330000000000055
498.766 0.41669999999999874
499.068 0.28330000000000055
499.372 0.31670000000000087
499.675 0.3832999999999984
499.977 0.3332999999999977
500.282 0.4499999999999993
500.584 0.3332999999999977
500.889 0.41669999999999874
501.191 0.31670000000000087
501.493 0.25
501.798 0.366699999999998
502.1 0.3000000000000007
502.402 0.31670000000000087
502.707 0.25
503.009 0.1999999999999993
503.314 0.4499999999999993
503.616 0.31670000000000087
503.918 0.3332999999999977
504.222 0.3999999999999986
504.525 0.3999999999999986
504.827 0.41669999999999874
505.131 0.21669999999999945
505.433 0.3000000000000007
505.736 0.366699999999998
506.04 0.28330000000000055
506.342 0.3000000000000007
506.646 0.3000000000000007
506.949 0.34999999999999787
507.251 0.3999999999999986
507.555 0.366699999999998
507.857 0.25
508.159 0.31670000000000087
508.461 0.3000000000000007
508.766 0.23329999999999984
509.068 0.366699999999998
509.37 0.31670000000000087
509.674 0.28330000000000055
509.976 0.34999999999999787
510.278 0.26670000000000016
510.582 0.3332999999999977
510.884 0.3832999999999984
511.186 0.3000000000000007
511.49 0.3832999999999984
511.792 0.3832999999999984
512.094 0.28330000000000055
512.396 0.23329999999999984
512.701 0.31670000000000087
513.003 0.31670000000000087
513.305 0.366699999999998
513.609 0.34999999999999787
513.91 0.3000000000000007
514.212 0.25
514.514 0.48329999999999984
514.818 0.25
515.12 0.28330000000000055
515.422 0.366699999999998
515.724 0.16669999999999874
516.028 0.3000000000000007
516.33 0.25
516.632 0.28330000000000055
516.934 0.28330000000000055
517.237 0.3000000000000007
517.539 0.3000000000000007
517.841 0.31670000000000087
518.143 0.26670000000000016
518.447 0.3000000000000007
518.749 0.25
519.05 0.23329999999999984
519.352 0.3332999999999977
519.656 0.28330000000000055
519.958 0.31670000000000087
520.26 0.3000000000000007
520.561 0.18329999999999913
520.863 0.31670000000000087
521.167 0.41669999999999874
521.468 0.3332999999999977
521.77 0.26670000000000016
522.072 0.3000000000000007
522.376 0.25
522.677 0.31670000000000087
522.979 0.366699999999998
523.281 0.28330000000000055
523.582 0.43329999999999913
523.884 0.3000000000000007
524.187 0.34999999999999787
524.489 0.26670000000000016
524.791 0.3999999999999986
525.092 0.31670000000000087
525.394 0.31670000000000087
525.697 0.26670000000000016
525.999 0.41669999999999874
526.301 0.31670000000000087
526.602 0.31670000000000087
526.904 0.28330000000000055
527.205 0.3000000000000007
527.507 0.34999999999999787
527.81 0.3332999999999977
528.112 0.3000000000000007
528.413 0.366699999999998
528.715 0.48329999999999984
529.016 0.5
529.318 0.3999999999999986
529.619 0.3000000000000007
529.922 0.28330000000000055
530.224 0.26670000000000016
530.525 0.3000000000000007
530.827 0.34999999999999787
531.128 0.3999999999999986
531.429 0.3999999999999986
531.731 0.34999999999999787
532.032 0.3332999999999977
532.336 0.366699999999998
532.637 0.3332999999999977
532.938 0.4499999999999993
533.24 0.4499999999999993
533.541 0.28330000000000055
533.842 0.25
534.143 0.3000000000000007
534.445 0.41669999999999874
534.746 0.31670000000000087
535.047 0.3332999999999977
535.351 0.1999999999999993
535.652 0.3332999999999977
535.953 0.28330000000000055
536.254 0.3999999999999986
536.555 0.28330000000000055
536.857 0.3999999999999986
537.158 0.3000000000000007
537.459 0.34999999999999787
537.76 0.31670000000000087
538.061 0.48329999999999984
538.362 0.366699999999998
538.664 0.31670000000000087
538.965 0.31670000000000087
539.266 0.31670000000000087
539.567 0.34999999999999787
539.868 0.366699999999998
540.169 0.3000000000000007
540.472 0.3832999999999984
540.773 0.366699999999998
541.074 0.34999999999999787
541.375 0.34999999999999787
541.677 0.46669999999999945
541.978 0.34999999999999787
542.279 0.366699999999998
542.58 0.34999999999999787
542.881 0.3332999999999977
543.182 0.366699999999998
543.483 0.366699999999998
543.784 0.3832999999999984
544.085 0.3332999999999977
544.385 0.43329999999999913
544.686 0.3332999999999977
544.987 0.3332999999999977
545.288 0.3332999999999977
545.589 0.3000000000000007
545.89 0.41669999999999874
546.191 0.3332999999999977
546.492 0.43329999999999913
546.793 0.34999999999999787
547.094 0.3999999999999986
547.394 0.5500000000000007
547.695 0.34999999999999787
547.996 0.46669999999999945
548.297 0.3999999999999986
548.596 0.5167000000000002
548.897 0.5167000000000002
549.197 0.43329999999999913
549.498 0.43329999999999913
549.799 0.41669999999999874
550.1 0.41669999999999874
550.4 0.3332999999999977
550.701 0.3832999999999984
551.002 0.26670000000000016
551.303 0.46669999999999945
551.603 0.48329999999999984
551.904 0.6499999999999986
552.205 0.5
552.505 0.5500000000000007
552.806 0.5
553.107 0.6499999999999986
553.407 0.5500000000000007
553.706 0.41669999999999874
554.007 0.5500000000000007
554.307 0.5333000000000006
554.608 0.5999999999999979
554.909 0.5333000000000006
555.209 0.5167000000000002
555.51 0.5667000000000009
555.81 0.6332999999999984
556.111 0.5500000000000007
556.411 0.5333000000000006
556.71 0.41669999999999874
557.01 0.5667000000000009
557.311 0.5667000000000009
557.612 0.3999999999999986
557.912 0.4499999999999993
558.213 0.43329999999999913
558.513 0.3999999999999986
558.813 0.5667000000000009
559.112 0.3332999999999977
559.412 0.4499999999999993
559.713 0.43329999999999913
560.013 0.46669999999999945
560.314 0.3832999999999984
560.614 0.41669999999999874
560.914 0.41669999999999874
561.213 0.41669999999999874
561.513 0.5167000000000002
561.814 0.3999999999999986
562.114 0.34999999999999787
562.414 0.3832999999999984
562.715 0.3832999999999984
563.015 0.31670000000000087
563.313 0.3999999999999986
563.614 0.31670000000000087
563.914 0.26670000000000016
564.214 0.3999999999999986
564.515 0.3332999999999977
564.813 0.3999999999999986
565.113 0.34999999999999787
565.413 0.43329999999999913
565.714 0.31670000000000087
566.014 0.25
566.312 0.3332999999999977
566.612 0.3000000000000007
566.912 0.31670000000000087
567.213 0.3000000000000007
567.513 0.34999999999999787
567.811 0.3000000000000007
568.111 0.31670000000000087
568.411 0.3332999999999977
568.712 0.28330000000000055
569.012 0.34999999999999787
569.31 0.3000000000000007
569.61 0.34999999999999787
569.91 0.26670000000000016
570.21 0.26670000000000016
570.508 0.31670000000000087
570.808 0.1999999999999993
571.108 0.31670000000000087
571.408 0.366699999999998
571.706 0.3332999999999977
572.006 0.3832999999999984
572.306 0.23329999999999984
572.607 0.366699999999998
572.904 0.3832999999999984
573.204 0.34999999999999787
573.505 0.41669999999999874
573.805 0.3000000000000007
574.102 0.25
574.402 0.3000000000000007
574.702 0.3000000000000007
575.002 0.31670000000000087
575.3 0.14999999999999858
575.6 0.366699999999998
575.9 0.3332999999999977
576.198 0.28330000000000055
576.498 0.25
576.798 0.3332999999999977
577.098 0.31670000000000087
577.395 0.46669999999999945
577.695 0.1999999999999993
577.995 0.25
578.293 0.23329999999999984
578.593 0.31670000000000087
578.893 0.23329999999999984
579.19 0.25
579.49 0.3999999999999986
579.79 0.3000000000000007
580.088 0.25
580.387 0.3832999999999984
580.687 0.3332999999999977
580.985 0.28330000000000055
581.285 0.3332999999999977
581.584 0.366699999999998
581.882 0.3332999999999977
582.182 0.28330000000000055
582.482 0.34999999999999787
582.779 0.26670000000000016
583.079 0.3332999999999977
583.378 0.3000000000000007
583.676 0.3332999999999977
583.976 0.34999999999999787
584.275 0.16669999999999874
584.573 0.3832999999999984
584.873 0.31670000000000087
585.17 0.366699999999998
585.47 0.48329999999999984
585.769 0.28330000000000055
586.067 0.31670000000000087
586.367 0.18329999999999913
586.666 0.23329999999999984
586.964 0.3332999999999977
587.263 0.23329999999999984
587.561 0.3332999999999977
587.86 0.28330000000000055
588.16 0.25
588.457 0.26670000000000016
588.757 0.34999999999999787
589.054 0.26670000000000016
589.354 0.26670000000000016
589.653 0.26670000000000016
589.951 0.3832999999999984
590.25 0.3332999999999977
590.547 0.43329999999999913
590.847 0.26670000000000016
591.144 0.3332999999999977
591.444 0.3332999999999977
591.743 0.4499999999999993
592.04 0.3000000000000007
592.34 0.28330000000000055
592.637 0.26670000000000016
592.936 0.26670000000000016
593.234 0.34999999999999787
593.533 0.41669999999999874
593.832 0.3332999999999977
594.13 0.43329999999999913
594.429 0.26670000000000016
594.726 0.31670000000000087
595.026 0.3000000000000007
595.323 0.31670000000000087
595.622 0.34999999999999787
595.919 0.23329999999999984
596.219 0.23329999999999984
596.516 0.3832999999999984
596.815 0.3332999999999977
597.112 0.31670000000000087
597.411 0.28330000000000055
597.709 0.366699999999998
598.008 0.31670000000000087
598.305 0.23329999999999984
598.604 0.366699999999998
598.901 0.366699999999998
599.2 0.366699999999998
599.497 0.3332999999999977
599.797 0.28330000000000055
600.094 0.3832999999999984
600.393 0.1999999999999993
600.69 0.366699999999998
600.989 0.23329999999999984
601.286 0.31670000000000087
601.585 0.28330000000000055
601.882 0.26670000000000016
602.181 0.4499999999999993
602.478 0.4499999999999993
602.777 0.28330000000000055
603.074 0.25
603.373 0.23329999999999984
603.67 0.3332999999999977
603.969 0.31670000000000087
604.266 0.3332999999999977
604.563 0.41669999999999874
604.862 0.5167000000000002
605.159 0.3000000000000007
605.458 0.366699999999998
605.755 0.26670000000000016
606.054 0.3999999999999986
606.351 0.3999999999999986
606.65 0.34999999999999787
606.946 0.31670000000000087
607.243 0.43329999999999913
607.542 0.41669999999999874
607.839 0.3332999999999977
608.138 0.41669999999999874
608.435 0.34999999999999787
608.732 0.46669999999999945
609.03 0.41669999999999874
609.327 0.3832999999999984
609.626 0.3832999999999984
609.923 0.34999999999999787
610.22 0.43329999999999913
610.518 0.46669999999999945
610.815 0.41669999999999874
611.114 0.43329999999999913
611.411 0.46669999999999945
611.707 0.41669999999999874
612.006 0.6332999999999984
612.303 0.41669999999999874
612.601 0.4499999999999993
612.898 0.41669999999999874
613.195 0.46669999999999945
613.493 0.3999999999999986
613.79 0.46669999999999945
614.087 0.34999999999999787
614.385 0.366699999999998
614.682 0.5
614.979 0.43329999999999913
615.277 0.48329999999999984
615.574 0.46669999999999945
615.87 0.4499999999999993
616.169 0.31670000000000087
616.466 0.41669999999999874
616.764 0.41669999999999874
617.061 0.3332999999999977
617.357 0.48329999999999984
617.656 0.41669999999999874
617.952 0.3332999999999977
618.249 0.4499999999999993
618.545 0.3332999999999977
618.844 0.26670000000000016
619.14 0.3999999999999986
619.437 0.3332999999999977
619.735 0.26670000000000016
620.032 0.3000000000000007
620.328 0.3832999999999984
620.626 0.366699999999998
620.923 0.41669999999999874
621.219 0.28330000000000055
621.518 0.3832999999999984
621.814 0.3000000000000007
622.11 0.28330000000000055
622.407 0.26670000000000016
622.705 0.3999999999999986
623.002 0.26670000000000016
623.298 0.3000000000000007
623.594 0.3999999999999986
623.893 0.34999999999999787
624.189 0.366699999999998
624.485 0.3832999999999984
624.784 0.3332999999999977
625.08 0.43329999999999913
625.376 0.34999999999999787
625.672 0.16669999999999874
625.971 0.3332999999999977
626.267 0.366699999999998
626.563 0.366699999999998
626.859 0.31670000000000087
627.158 0.21669999999999945
627.454 0.366699999999998
627.75 0.34999999999999787
628.046 0.34999999999999787
628.342 0.3832999999999984
628.641 0.23329999999999984
628.937 0.3332999999999977
629.233 0.3999999999999986
629.529 0.3999999999999986
629.827 0.41669999999999874
630.123 0.3000000000000007
630.419 0.26670000000000016
630.715 0.4499999999999993
631.011 0.34999999999999787
631.31 0.3332999999999977
631.606 0.43329999999999913
631.902 0.3999999999999986
632.198 0.366699999999998
632.494 0.3999999999999986
632.792 0.3332999999999977
633.088 0.26670000000000016
633.384 0.34999999999999787
633.68 0.3332999999999977
633.976 0.31670000000000087
634.272 0.25
634.57 0.31670000000000087
634.866 0.31670000000000087
635.162 0.25
635.458 0.3999999999999986
635.754 0.41669999999999874
636.05 0.3332999999999977
636.347 0.31670000000000087
636.643 0.26670000000000016
636.939 0.3000000000000007
637.235 0.31670000000000087
637.531 0.3332999999999977
637.827 0.25
638.123 0.41669999999999874
638.421 0.23329999999999984
638.716 0.34999999999999787
639.012 0.41669999999999874
639.308 0.366699999999998
639.604 0.25
639.9 0.34999999999999787
640.195 0.34999999999999787
640.491 0.3000000000000007
640.789 0.3832999999999984
641.085 0.3832999999999984
641.381 0.26670000000000016
641.676 0.43329999999999913
641.972 0.366699999999998
642.268 0.31670000000000087
642.563 0.3999999999999986
642.859 0.366699999999998
643.155 0.26670000000000016
643.451 0.26670000000000016
643.746 0.366699999999998
644.044 0.34999999999999787
644.34 0.3999999999999986
644.635 0.28330000000000055
644.931 0.5167000000000002
645.227 0.31670000000000087
645.522 0.3000000000000007
645.818 0.34999999999999787
646.113 0.41669999999999874
646.409 0.41669999999999874
646.704 0.3832999999999984
647.0 0.31670000000000087
647.296 0.3832999999999984
647.591 0.28330000000000055
647.887 0.41669999999999874
648.182 0.28330000000000055
648.478 0.3999999999999986
648.773 0.3999999999999986
649.069 0.34999999999999787
649.366 0.3999999999999986
649.662 0.366699999999998
649.957 0.3332999999999977
650.253 0.3999999999999986
650.548 0.31670000000000087
650.844 0.41669999999999874
651.139 0.366699999999998
651.434 0.3000000000000007
651.73 0.3832999999999984
652.025 0.41669999999999874
652.321 0.3000000000000007
652.616 0.366699999999998
652.911 0.4499999999999993
653.207 0.31670000000000087
653.502 0.43329999999999913
653.797 0.41669999999999874
654.093 0.3832999999999984
654.388 0.43329999999999913
654.683 0.43329999999999913
654.979 0.48329999999999984
655.274 0.41669999999999874
655.567 0.31670000000000087
655.863 0.5667000000000009
656.158 0.46669999999999945
656.453 0.41669999999999874
656.748 0.5
657.044 0.616699999999998
657.339 0.5832999999999977
657.634 0.46669999999999945
657.929 0.41669999999999874
658.224 0.5333000000000006
658.52 0.5500000000000007
658.815 0.5167000000000002
659.11 0.5333000000000006
659.405 0.5333000000000006
659.7 0.6332999999999984
659.995 0.43329999999999913
660.291 0.5667000000000009
660.586 0.5667000000000009
660.879 0.5167000000000002
661.174 0.7332999999999998
661.469 0.616699999999998
661.764 0.6332999999999984
662.059 0.5832999999999977
662.354 0.6999999999999993
662.649 0.46669999999999945
662.944 0.5167000000000002
663.239 0.5999999999999979
663.534 0.616699999999998
663.83 0.5999999999999979
664.122 0.5500000000000007
664.417 0.5667000000000009
664.713 0.6666999999999987
665.008 0.6499999999999986
665.302 0.46669999999999945
665.597 0.5333000000000006
665.892 0.43329999999999913
666.187 0.5500000000000007
666.48 0.48329999999999984
666.775 0.366699999999998
667.07 0.5
667.365 0.43329999999999913
667.66 0.43329999999999913
667.955 0.3999999999999986
668.25 0.5500000000000007
668.542 0.41669999999999874
668.837 0.41669999999999874
669.132 0.48329999999999984
669.427 0.43329999999999913
669.722 0.34999999999999787
670.017 0.43329999999999913
670.31 0.34999999999999787
670.604 0.5500000000000007
670.899 0.25
671.194 0.5167000000000002
671.489 0.366699999999998
671.783 0.3832999999999984
672.076 0.366699999999998
672.371 0.3999999999999986
672.666 0.3332999999999977
672.96 0.31670000000000087
673.255 0.28330000000000055
673.548 0.3000000000000007
673.842 0.31670000000000087
674.137 0.34999999999999787
674.432 0.34999999999999787
674.727 0.26670000000000016
675.019 0.3999999999999986
675.314 0.5
675.608 0.3000000000000007
675.903 0.366699999999998
676.196 0.25
676.49 0.3999999999999986
676.785 0.31670000000000087
677.079 0.26670000000000016
677.374 0.46669999999999945
677.667 0.1999999999999993
677.961 0.3999999999999986
678.256 0.3000000000000007
678.55 0.46669999999999945
678.843 0.28330000000000055
679.137 0.31670000000000087
679.432 0.41669999999999874
679.726 0.3999999999999986
680.019 0.26670000000000016
680.313 0.25
680.608 0.41669999999999874
680.902 0.5500000000000007
681.195 0.3332999999999977
681.489 0.26670000000000016
681.784 0.3000000000000007
682.076 0.31670000000000087
682.37 0.25
682.665 0.41669999999999874
682.959 0.41669999999999874
683.252 0.3832999999999984
683.546 0.34999999999999787
683.84 0.3332999999999977
684.133 0.366699999999998
684.427 0.366699999999998
684.721 0.366699999999998
685.014 0.3332999999999977
685.308 0.28330000000000055
685.602 0.23329999999999984
685.895 0.26670000000000016
686.189 0.28330000000000055
686.483 0.34999999999999787
686.778 0.3332999999999977
687.07 0.26670000000000016
687.364 0.3332999999999977
687.658 0.3332999999999977
687.951 0.31670000000000087
688.245 0.3000000000000007
688.537 0.23329999999999984
688.831 0.3832999999999984
689.125 0.3832999999999984
689.418 0.3000000000000007
689.712 0.21669999999999945
690.006 0.26670000000000016
690.298 0.41669999999999874
690.592 0.21669999999999945
690.886 0.41669999999999874
691.178 0.34999999999999787
691.473 0.34999999999999787
691.767 0.34999999999999787
692.059 0.31670000000000087
692.353 0.34999999999999787
692.645 0.34999999999999787
692.939 0.21669999999999945
693.233 0.31670000000000087
693.525 0.3332999999999977
693.819 0.34999999999999787
694.111 0.366699999999998
694.405 0.21669999999999945
694.699 0.34999999999999787
694.991 0.25
695.285 0.21669999999999945
695.577 0.31670000000000087
695.871 0.34999999999999787
696.165 0.3000000000000007
696.457 0.23329999999999984
696.751 0.3000000000000007
697.043 0.23329999999999984
697.337 0.26670000000000016
697.629 0.28330000000000055
697.923 0.21669999999999945
698.217 0.3000000000000007
698.509 0.25
698.802 0.3000000000000007
699.094 0.18329999999999913
699.388 0.34999999999999787
699.68 0.26670000000000016
699.974 0.3000000000000007
700.266 0.3999999999999986
700.56 0.3999999999999986
700.853 0.34999999999999787
701.145 0.31670000000000087
701.439 0.3999999999999986
701.731 0.31670000000000087
702.025 0.3000000000000007
702.316 0.26670000000000016
702.61 0.34999999999999787
702.902 0.25
703.196 0.31670000000000087
703.487 0.3832999999999984
703.781 0.366699999999998
704.073 0.5
704.367 0.28330000000000055
704.658 0.31670000000000087
704.952 0.366699999999998
705.244 0.11669999999999803
705.537 0.3000000000000007
705.829 0.26670000000000016
706.122 0.26670000000000016
706.414 0.25
706.708 0.26670000000000016
706.999 0.3332999999999977
707.293 0.3832999999999984
