# Created: 2019-11-28 13:05:42.998287
# rshift intensity
76.1738 0.34999999999999787
76.4989 0.16669999999999874
76.824 0.16669999999999874
77.1491 0.13329999999999842
77.4721 0.09999999999999787
77.7972 0.16669999999999874
78.1223 0.13329999999999842
78.4474 0.06669999999999732
78.7724 0.09999999999999787
79.0975 0.23329999999999984
79.4204 0.1999999999999993
79.7454 0.09999999999999787
80.0704 0.09999999999999787
80.3954 0.09999999999999787
80.7204 0.14999999999999858
81.0454 0.06669999999999732
81.3682 0.11669999999999803
81.6931 0.18329999999999913
82.0181 0.14999999999999858
82.343 0.13329999999999842
82.6679 0.16669999999999874
82.9907 0.06669999999999732
83.3156 0.08329999999999771
83.6405 0.11669999999999803
83.9654 0.11669999999999803
84.2903 0.11669999999999803
84.613 0.14999999999999858
84.9378 0.01670000000000016
85.2626 0.18329999999999913
85.5875 0.09999999999999787
85.9101 0.14999999999999858
86.2349 0.033299999999997
86.5597 0.11669999999999803
86.8845 0.01670000000000016
87.2093 0.18329999999999913
87.5319 0.13329999999999842
87.8566 0.09999999999999787
88.1814 0.11669999999999803
88.5061 0.1999999999999993
88.8286 0.033299999999997
89.1533 0.09999999999999787
89.478 0.08329999999999771
89.8027 0.11669999999999803
90.1252 0.11669999999999803
90.4499 0.04999999999999716
90.7745 0.09999999999999787
91.0992 0.14999999999999858
91.4216 0.16669999999999874
91.7462 0.06669999999999732
92.0708 0.13329999999999842
92.3954 0.13329999999999842
92.7179 0.033299999999997
93.0424 0.09999999999999787
93.367 0.04999999999999716
93.6915 0.033299999999997
94.0139 0.08329999999999771
94.3384 0.08329999999999771
94.6629 0.11669999999999803
94.9853 0.06669999999999732
95.3098 0.06669999999999732
95.6342 0.04999999999999716
95.9587 0.14999999999999858
96.281 0.09999999999999787
96.6055 0.18329999999999913
96.9299 0.18329999999999913
97.2522 0.09999999999999787
97.5766 0.11669999999999803
97.901 0.13329999999999842
98.2232 0.13329999999999842
98.5476 0.23329999999999984
98.8719 0.11669999999999803
99.1942 0.13329999999999842
99.5185 0.09999999999999787
99.8428 0.13329999999999842
100.165 0.13329999999999842
100.489 0.033299999999997
100.814 0.16669999999999874
101.136 0.13329999999999842
101.46 0.13329999999999842
101.784 0.0
102.106 0.16669999999999874
102.431 0.08329999999999771
102.755 0.14999999999999858
103.077 0.13329999999999842
103.401 0.09999999999999787
103.725 0.16669999999999874
104.047 0.16669999999999874
104.372 0.18329999999999913
104.696 0.09999999999999787
105.018 0.16669999999999874
105.342 0.14999999999999858
105.666 0.11669999999999803
105.988 0.11669999999999803
106.312 0.18329999999999913
106.634 0.08329999999999771
106.958 0.06669999999999732
107.282 0.21669999999999945
107.604 0.13329999999999842
107.928 0.033299999999997
108.252 0.09999999999999787
108.574 0.14999999999999858
108.898 0.1999999999999993
109.22 0.16669999999999874
109.544 0.11669999999999803
109.868 0.14999999999999858
110.19 0.14999999999999858
110.514 0.13329999999999842
110.836 0.14999999999999858
111.159 0.09999999999999787
111.483 0.23329999999999984
111.805 0.13329999999999842
112.129 0.18329999999999913
112.451 0.16669999999999874
112.775 0.11669999999999803
113.096 0.18329999999999913
113.42 0.11669999999999803
113.744 0.13329999999999842
114.066 0.033299999999997
114.39 0.18329999999999913
114.711 0.26670000000000016
115.035 0.13329999999999842
115.357 0.1999999999999993
115.681 0.09999999999999787
116.004 0.16669999999999874
116.326 0.11669999999999803
116.65 0.21669999999999945
116.971 0.16669999999999874
117.295 0.1999999999999993
117.617 0.1999999999999993
117.94 0.13329999999999842
118.262 0.11669999999999803
118.586 0.06669999999999732
118.907 0.04999999999999716
119.231 0.16669999999999874
119.554 0.1999999999999993
119.876 0.23329999999999984
120.199 0.16669999999999874
120.521 0.09999999999999787
120.845 0.11669999999999803
121.166 0.16669999999999874
121.49 0.13329999999999842
121.811 0.13329999999999842
122.135 0.09999999999999787
122.456 0.1999999999999993
122.78 0.14999999999999858
123.101 0.08329999999999771
123.424 0.16669999999999874
123.746 0.09999999999999787
124.069 0.14999999999999858
124.391 0.14999999999999858
124.714 0.18329999999999913
125.035 0.13329999999999842
125.359 0.16669999999999874
125.68 0.1999999999999993
126.004 0.11669999999999803
126.325 0.11669999999999803
126.648 0.26670000000000016
126.97 0.18329999999999913
127.291 0.14999999999999858
127.614 0.08329999999999771
127.935 0.09999999999999787
128.259 0.18329999999999913
128.58 0.1999999999999993
128.903 0.16669999999999874
129.224 0.1999999999999993
129.548 0.1999999999999993
129.869 0.14999999999999858
130.192 0.21669999999999945
130.513 0.11669999999999803
130.834 0.13329999999999842
131.158 0.1999999999999993
131.479 0.11669999999999803
131.802 0.1999999999999993
132.123 0.18329999999999913
132.446 0.16669999999999874
132.767 0.23329999999999984
133.09 0.11669999999999803
133.411 0.21669999999999945
133.733 0.16669999999999874
134.056 0.09999999999999787
134.377 0.13329999999999842
134.7 0.13329999999999842
135.021 0.06669999999999732
135.342 0.09999999999999787
135.665 0.06669999999999732
135.986 0.16669999999999874
136.309 0.09999999999999787
136.63 0.18329999999999913
136.951 0.08329999999999771
137.274 0.21669999999999945
137.595 0.23329999999999984
137.918 0.04999999999999716
138.238 0.09999999999999787
138.559 0.18329999999999913
138.882 0.14999999999999858
139.203 0.11669999999999803
139.526 0.11669999999999803
139.847 0.033299999999997
140.168 0.16669999999999874
140.491 0.13329999999999842
140.811 0.16669999999999874
141.132 0.11669999999999803
141.455 0.18329999999999913
141.776 0.06669999999999732
142.097 0.11669999999999803
142.419 0.13329999999999842
142.74 0.13329999999999842
143.061 0.21669999999999945
143.384 0.11669999999999803
143.704 0.21669999999999945
144.027 0.16669999999999874
144.348 0.0
144.668 0.13329999999999842
144.991 0.21669999999999945
145.312 0.14999999999999858
145.632 0.1999999999999993
145.955 0.18329999999999913
146.276 0.283299999999997
146.596 0.09999999999999787
146.917 0.09999999999999787
147.24 0.16669999999999874
147.56 0.14999999999999858
147.881 0.04999999999999716
148.203 0.11669999999999803
148.524 0.18329999999999913
148.844 0.21669999999999945
149.167 0.26670000000000016
149.487 0.09999999999999787
149.808 0.14999999999999858
150.131 0.13329999999999842
150.451 0.21669999999999945
150.771 0.09999999999999787
151.092 0.09999999999999787
151.414 0.08329999999999771
151.735 0.13329999999999842
152.055 0.1999999999999993
152.378 0.13329999999999842
152.698 0.23329999999999984
153.018 0.14999999999999858
153.339 0.25
153.661 0.16669999999999874
153.982 0.08329999999999771
154.302 0.13329999999999842
154.622 0.16669999999999874
154.945 0.16669999999999874
155.265 0.14999999999999858
155.585 0.13329999999999842
155.905 0.23329999999999984
156.228 0.11669999999999803
156.548 0.23329999999999984
156.868 0.09999999999999787
157.188 0.14999999999999858
157.511 0.16669999999999874
157.831 0.1999999999999993
158.151 0.11669999999999803
158.471 0.14999999999999858
158.794 0.18329999999999913
159.114 0.18329999999999913
159.434 0.16669999999999874
159.754 0.08329999999999771
160.074 0.16669999999999874
160.396 0.13329999999999842
160.717 0.23329999999999984
161.037 0.21669999999999945
161.357 0.11669999999999803
161.679 0.18329999999999913
161.999 0.14999999999999858
162.319 0.11669999999999803
162.639 0.16669999999999874
162.959 0.1999999999999993
163.281 0.08329999999999771
163.601 0.13329999999999842
163.921 0.21669999999999945
164.241 0.1999999999999993
164.561 0.1999999999999993
164.881 0.14999999999999858
165.203 0.16669999999999874
165.523 0.26670000000000016
165.843 0.21669999999999945
166.163 0.23329999999999984
166.483 0.13329999999999842
166.803 0.04999999999999716
167.125 0.3832999999999984
167.445 0.08329999999999771
167.764 0.25
168.084 0.14999999999999858
168.404 0.16669999999999874
168.724 0.18329999999999913
169.046 0.14999999999999858
169.366 0.18329999999999913
169.685 0.06669999999999732
170.005 0.283299999999997
170.325 0.21669999999999945
170.645 0.14999999999999858
170.964 0.14999999999999858
171.286 0.16669999999999874
171.606 0.13329999999999842
171.926 0.06669999999999732
172.245 0.11669999999999803
172.565 0.1999999999999993
172.885 0.21669999999999945
173.204 0.25
173.524 0.21669999999999945
173.846 0.13329999999999842
174.166 0.25
174.485 0.18329999999999913
174.805 0.11669999999999803
175.124 0.16669999999999874
175.444 0.18329999999999913
175.764 0.16669999999999874
176.083 0.08329999999999771
176.403 0.23329999999999984
176.722 0.18329999999999913
177.044 0.09999999999999787
177.363 0.1999999999999993
177.683 0.14999999999999858
178.002 0.21669999999999945
178.322 0.13329999999999842
178.641 0.23329999999999984
178.961 0.13329999999999842
179.28 0.033299999999997
179.6 0.11669999999999803
179.919 0.09999999999999787
180.239 0.09999999999999787
180.558 0.23329999999999984
180.877 0.1999999999999993
181.197 0.16669999999999874
181.516 0.13329999999999842
181.838 0.16669999999999874
182.157 0.13329999999999842
182.476 0.04999999999999716
182.796 0.14999999999999858
183.115 0.11669999999999803
183.434 0.23329999999999984
183.754 0.16669999999999874
184.073 0.18329999999999913
184.392 0.13329999999999842
184.712 0.14999999999999858
185.031 0.23329999999999984
185.35 0.11669999999999803
185.669 0.1999999999999993
185.989 0.25
186.308 0.18329999999999913
186.627 0.21669999999999945
186.946 0.14999999999999858
187.265 0.13329999999999842
187.585 0.14999999999999858
187.904 0.08329999999999771
188.223 0.14999999999999858
188.542 0.11669999999999803
188.861 0.14999999999999858
189.18 0.13329999999999842
189.499 0.18329999999999913
189.818 0.1999999999999993
190.138 0.21669999999999945
190.457 0.16669999999999874
190.776 0.25
191.095 0.11669999999999803
191.414 0.08329999999999771
191.733 0.283299999999997
192.052 0.06669999999999732
192.371 0.23329999999999984
192.69 0.23329999999999984
193.009 0.13329999999999842
193.328 0.16669999999999874
193.647 0.13329999999999842
193.966 0.13329999999999842
194.285 0.09999999999999787
194.602 0.09999999999999787
194.92 0.13329999999999842
195.239 0.11669999999999803
195.558 0.14999999999999858
195.877 0.08329999999999771
196.196 0.14999999999999858
196.515 0.14999999999999858
196.834 0.14999999999999858
197.153 0.13329999999999842
197.471 0.14999999999999858
197.79 0.21669999999999945
198.109 0.18329999999999913
198.428 0.09999999999999787
198.747 0.1999999999999993
199.065 0.09999999999999787
199.382 0.25
199.701 0.06669999999999732
200.02 0.16669999999999874
200.338 0.18329999999999913
200.657 0.1999999999999993
200.976 0.14999999999999858
201.295 0.06669999999999732
201.613 0.18329999999999913
201.932 0.09999999999999787
202.251 0.16669999999999874
202.567 0.21669999999999945
202.886 0.1999999999999993
203.204 0.14999999999999858
203.523 0.21669999999999945
203.842 0.1999999999999993
204.16 0.13329999999999842
204.479 0.1999999999999993
204.797 0.23329999999999984
205.114 0.11669999999999803
205.433 0.11669999999999803
205.751 0.1999999999999993
206.07 0.14999999999999858
206.388 0.16669999999999874
206.707 0.16669999999999874
207.025 0.1999999999999993
207.342 0.13329999999999842
207.66 0.16669999999999874
207.979 0.26670000000000016
208.297 0.25
208.615 0.18329999999999913
208.934 0.21669999999999945
209.25 0.06669999999999732
209.569 0.25
209.887 0.18329999999999913
210.205 0.21669999999999945
210.524 0.14999999999999858
210.842 0.14999999999999858
211.158 0.1999999999999993
211.477 0.16669999999999874
211.795 0.21669999999999945
212.113 0.21669999999999945
212.432 0.13329999999999842
212.75 0.13329999999999842
213.066 0.21669999999999945
213.385 0.26670000000000016
213.703 0.21669999999999945
214.021 0.13329999999999842
214.339 0.1999999999999993
214.656 0.14999999999999858
214.974 0.26670000000000016
215.292 0.13329999999999842
215.61 0.13329999999999842
215.926 0.16669999999999874
216.245 0.14999999999999858
216.563 0.11669999999999803
216.881 0.14999999999999858
217.199 0.21669999999999945
217.515 0.25
217.833 0.23329999999999984
218.151 0.23329999999999984
218.469 0.25
218.785 0.21669999999999945
219.104 0.283299999999997
219.422 0.23329999999999984
219.74 0.14999999999999858
220.056 0.26670000000000016
220.374 0.1999999999999993
220.692 0.34999999999999787
221.01 0.25
221.326 0.18329999999999913
221.644 0.21669999999999945
221.962 0.18329999999999913
222.28 0.29999999999999716
222.596 0.25
222.914 0.18329999999999913
223.232 0.13329999999999842
223.547 0.29999999999999716
223.865 0.34999999999999787
224.183 0.09999999999999787
224.501 0.21669999999999945
224.817 0.21669999999999945
225.135 0.3332999999999977
225.453 0.25
225.768 0.1999999999999993
226.086 0.16669999999999874
226.404 0.14999999999999858
226.722 0.25
227.038 0.23329999999999984
227.355 0.14999999999999858
227.673 0.23329999999999984
227.989 0.16669999999999874
228.307 0.18329999999999913
228.625 0.18329999999999913
228.94 0.21669999999999945
229.258 0.13329999999999842
229.576 0.11669999999999803
229.891 0.3332999999999977
230.209 0.16669999999999874
230.527 0.08329999999999771
230.842 0.18329999999999913
231.16 0.18329999999999913
231.478 0.16669999999999874
231.793 0.11669999999999803
232.111 0.13329999999999842
232.428 0.29999999999999716
232.744 0.25
233.062 0.21669999999999945
233.379 0.1999999999999993
233.695 0.25
234.012 0.18329999999999913
234.33 0.16669999999999874
234.645 0.23329999999999984
234.963 0.18329999999999913
235.278 0.11669999999999803
235.596 0.14999999999999858
235.913 0.23329999999999984
236.229 0.25
236.546 0.18329999999999913
236.864 0.1999999999999993
237.179 0.11669999999999803
237.497 0.14999999999999858
237.812 0.18329999999999913
238.129 0.18329999999999913
238.447 0.13329999999999842
238.762 0.21669999999999945
239.08 0.25
239.395 0.21669999999999945
239.712 0.16669999999999874
240.03 0.366699999999998
240.345 0.21669999999999945
240.662 0.13329999999999842
240.978 0.283299999999997
241.295 0.18329999999999913
241.61 0.25
241.927 0.23329999999999984
242.245 0.23329999999999984
242.56 0.1999999999999993
242.877 0.21669999999999945
243.192 0.21669999999999945
243.51 0.283299999999997
243.825 0.18329999999999913
244.142 0.21669999999999945
244.459 0.18329999999999913
244.774 0.26670000000000016
245.092 0.25
245.407 0.13329999999999842
245.724 0.23329999999999984
246.039 0.1999999999999993
246.356 0.283299999999997
246.671 0.16669999999999874
246.988 0.1999999999999993
247.303 0.21669999999999945
247.62 0.29999999999999716
247.938 0.13329999999999842
248.253 0.25
248.57 0.23329999999999984
248.885 0.13329999999999842
249.202 0.25
249.517 0.1999999999999993
249.834 0.16669999999999874
250.149 0.14999999999999858
250.466 0.283299999999997
250.781 0.23329999999999984
251.098 0.18329999999999913
251.412 0.14999999999999858
251.729 0.23329999999999984
252.044 0.25
252.361 0.11669999999999803
252.676 0.21669999999999945
252.993 0.13329999999999842
253.308 0.11669999999999803
253.625 0.16669999999999874
253.94 0.14999999999999858
254.256 0.21669999999999945
254.571 0.25
254.888 0.16669999999999874
255.203 0.23329999999999984
255.518 0.18329999999999913
255.834 0.3166999999999973
256.149 0.09999999999999787
256.466 0.18329999999999913
256.781 0.16669999999999874
257.097 0.08329999999999771
257.412 0.21669999999999945
257.729 0.14999999999999858
258.044 0.3166999999999973
258.36 0.29999999999999716
258.675 0.21669999999999945
258.99 0.21669999999999945
259.306 0.14999999999999858
259.621 0.16669999999999874
259.938 0.23329999999999984
260.252 0.16669999999999874
260.569 0.16669999999999874
260.883 0.1999999999999993
261.198 0.16669999999999874
261.515 0.1999999999999993
261.829 0.14999999999999858
262.146 0.21669999999999945
262.46 0.1999999999999993
262.775 0.11669999999999803
263.091 0.21669999999999945
263.406 0.21669999999999945
263.723 0.29999999999999716
264.037 0.23329999999999984
264.354 0.23329999999999984
264.668 0.25
264.982 0.16669999999999874
265.299 0.14999999999999858
265.613 0.14999999999999858
265.928 0.23329999999999984
266.244 0.1999999999999993
266.559 0.25
266.875 0.18329999999999913
267.189 0.14999999999999858
267.504 0.23329999999999984
267.82 0.18329999999999913
268.134 0.21669999999999945
268.449 0.23329999999999984
268.765 0.06669999999999732
269.079 0.16669999999999874
269.394 0.21669999999999945
269.71 0.18329999999999913
270.024 0.283299999999997
270.341 0.1999999999999993
270.655 0.21669999999999945
270.969 0.14999999999999858
271.286 0.23329999999999984
271.6 0.23329999999999984
271.914 0.09999999999999787
272.23 0.26670000000000016
272.544 0.23329999999999984
272.859 0.14999999999999858
273.175 0.21669999999999945
273.489 0.21669999999999945
273.803 0.16669999999999874
274.119 0.26670000000000016
274.433 0.23329999999999984
274.747 0.25
275.062 0.18329999999999913
275.378 0.18329999999999913
275.692 0.25
276.006 0.16669999999999874
276.322 0.25
276.636 0.26670000000000016
276.95 0.3166999999999973
277.266 0.13329999999999842
277.58 0.21669999999999945
277.894 0.29999999999999716
278.208 0.26670000000000016
278.524 0.23329999999999984
278.838 0.3832999999999984
279.152 0.21669999999999945
279.468 0.283299999999997
279.782 0.1999999999999993
280.096 0.23329999999999984
280.41 0.14999999999999858
280.726 0.09999999999999787
281.04 0.3999999999999986
281.354 0.1999999999999993
281.668 0.21669999999999945
281.983 0.18329999999999913
282.297 0.23329999999999984
282.611 0.3332999999999977
282.925 0.23329999999999984
283.241 0.25
283.555 0.29999999999999716
283.868 0.06669999999999732
284.182 0.09999999999999787
284.498 0.1999999999999993
284.812 0.29999999999999716
285.126 0.29999999999999716
285.439 0.3166999999999973
285.753 0.283299999999997
286.069 0.18329999999999913
286.383 0.3166999999999973
286.696 0.25
287.01 0.1999999999999993
287.326 0.16669999999999874
287.639 0.29999999999999716
287.953 0.23329999999999984
288.267 0.18329999999999913
288.58 0.21669999999999945
288.896 0.13329999999999842
289.21 0.25
289.523 0.23329999999999984
289.837 0.23329999999999984
290.15 0.25
290.466 0.21669999999999945
290.78 0.23329999999999984
291.093 0.1999999999999993
291.407 0.08329999999999771
291.72 0.25
292.034 0.18329999999999913
292.349 0.26670000000000016
292.663 0.21669999999999945
292.976 0.16669999999999874
293.29 0.29999999999999716
293.603 0.16669999999999874
293.917 0.16669999999999874
294.232 0.23329999999999984
294.546 0.25
294.859 0.1999999999999993
295.172 0.18329999999999913
295.486 0.14999999999999858
295.799 0.23329999999999984
296.113 0.23329999999999984
296.428 0.16669999999999874
296.741 0.25
297.055 0.14999999999999858
297.368 0.14999999999999858
297.681 0.18329999999999913
297.995 0.26670000000000016
298.308 0.21669999999999945
298.621 0.16669999999999874
298.937 0.23329999999999984
299.25 0.283299999999997
299.563 0.16669999999999874
299.876 0.13329999999999842
300.19 0.283299999999997
300.503 0.26670000000000016
300.816 0.11669999999999803
301.129 0.25
301.442 0.11669999999999803
301.756 0.3166999999999973
302.071 0.21669999999999945
302.384 0.1999999999999993
302.697 0.14999999999999858
303.01 0.16669999999999874
303.323 0.23329999999999984
303.637 0.16669999999999874
303.95 0.1999999999999993
304.263 0.16669999999999874
304.576 0.14999999999999858
304.889 0.23329999999999984
305.202 0.11669999999999803
305.515 0.25
305.828 0.23329999999999984
306.141 0.1999999999999993
306.456 0.18329999999999913
306.769 0.1999999999999993
307.082 0.23329999999999984
307.395 0.26670000000000016
307.708 0.25
308.021 0.25
308.334 0.13329999999999842
308.647 0.283299999999997
308.96 0.11669999999999803
309.273 0.1999999999999993
309.586 0.23329999999999984
309.899 0.23329999999999984
310.212 0.26670000000000016
310.525 0.1999999999999993
310.838 0.16669999999999874
311.15 0.3166999999999973
311.463 0.21669999999999945
311.776 0.3332999999999977
312.089 0.283299999999997
312.402 0.23329999999999984
312.715 0.23329999999999984
313.027 0.16669999999999874
313.34 0.1999999999999993
313.653 0.16669999999999874
313.966 0.1999999999999993
314.278 0.21669999999999945
314.591 0.1999999999999993
314.904 0.3332999999999977
315.217 0.14999999999999858
315.529 0.283299999999997
315.842 0.23329999999999984
316.155 0.1999999999999993
316.467 0.14999999999999858
316.78 0.26670000000000016
317.093 0.1999999999999993
317.405 0.25
317.718 0.23329999999999984
318.031 0.23329999999999984
318.343 0.16669999999999874
318.656 0.13329999999999842
318.969 0.23329999999999984
319.281 0.14999999999999858
319.592 0.3166999999999973
319.904 0.21669999999999945
320.217 0.34999999999999787
320.529 0.25
320.842 0.08329999999999771
321.154 0.23329999999999984
321.467 0.21669999999999945
321.779 0.283299999999997
322.092 0.1999999999999993
322.404 0.1999999999999993
322.717 0.29999999999999716
323.029 0.29999999999999716
323.342 0.26670000000000016
323.654 0.18329999999999913
323.965 0.1999999999999993
324.277 0.25
324.589 0.14999999999999858
324.902 0.29999999999999716
325.214 0.18329999999999913
325.527 0.283299999999997
325.839 0.21669999999999945
326.151 0.21669999999999945
326.464 0.29999999999999716
326.776 0.283299999999997
327.086 0.29999999999999716
327.399 0.366699999999998
327.711 0.283299999999997
328.023 0.3332999999999977
328.335 0.283299999999997
328.648 0.1999999999999993
328.96 0.23329999999999984
329.27 0.25
329.582 0.25
329.895 0.23329999999999984
330.207 0.366699999999998
330.519 0.25
330.831 0.29999999999999716
331.143 0.23329999999999984
331.454 0.18329999999999913
331.766 0.3832999999999984
332.078 0.29999999999999716
332.39 0.3832999999999984
332.702 0.3332999999999977
333.014 0.4499999999999993
333.326 0.29999999999999716
333.636 0.34999999999999787
333.948 0.23329999999999984
334.261 0.3832999999999984
334.573 0.41669999999999874
334.885 0.283299999999997
335.195 0.29999999999999716
335.507 0.26670000000000016
335.819 0.3332999999999977
336.131 0.23329999999999984
336.443 0.1999999999999993
336.753 0.283299999999997
337.065 0.29999999999999716
337.377 0.29999999999999716
337.689 0.25
338.001 0.26670000000000016
338.31 0.14999999999999858
338.622 0.1999999999999993
338.934 0.18329999999999913
339.246 0.29999999999999716
339.558 0.283299999999997
339.868 0.26670000000000016
340.18 0.1999999999999993
340.492 0.3999999999999986
340.804 0.34999999999999787
341.113 0.1999999999999993
341.425 0.23329999999999984
341.737 0.3332999999999977
342.049 0.3166999999999973
342.361 0.13329999999999842
342.67 0.16669999999999874
342.982 0.26670000000000016
343.294 0.29999999999999716
343.606 0.3332999999999977
343.915 0.25
344.227 0.43329999999999913
344.539 0.3332999999999977
344.849 0.3166999999999973
345.16 0.3166999999999973
345.472 0.18329999999999913
345.784 0.3166999999999973
346.093 0.366699999999998
346.405 0.26670000000000016
346.717 0.26670000000000016
347.028 0.1999999999999993
347.338 0.34999999999999787
347.649 0.34999999999999787
347.961 0.283299999999997
348.271 0.283299999999997
348.582 0.23329999999999984
348.894 0.34999999999999787
349.205 0.26670000000000016
349.515 0.41669999999999874
349.826 0.3999999999999986
350.138 0.366699999999998
350.447 0.29999999999999716
350.759 0.3832999999999984
351.07 0.3832999999999984
351.38 0.21669999999999945
351.691 0.34999999999999787
352.003 0.23329999999999984
352.312 0.283299999999997
352.624 0.3832999999999984
352.935 0.26670000000000016
353.245 0.3166999999999973
353.556 0.26670000000000016
353.867 0.26670000000000016
354.177 0.29999999999999716
354.488 0.26670000000000016
354.799 0.25
355.109 0.3332999999999977
355.42 0.34999999999999787
355.732 0.23329999999999984
356.041 0.283299999999997
356.352 0.3332999999999977
356.663 0.23329999999999984
356.973 0.21669999999999945
357.284 0.3832999999999984
357.593 0.3166999999999973
357.905 0.21669999999999945
358.216 0.26670000000000016
358.525 0.23329999999999984
358.836 0.29999999999999716
359.147 0.26670000000000016
359.457 0.29999999999999716
359.768 0.29999999999999716
360.077 0.25
360.388 0.34999999999999787
360.699 0.3166999999999973
361.008 0.29999999999999716
361.32 0.3332999999999977
361.629 0.13329999999999842
361.94 0.26670000000000016
362.251 0.29999999999999716
362.56 0.25
362.871 0.29999999999999716
363.18 0.18329999999999913
363.491 0.29999999999999716
363.8 0.26670000000000016
364.111 0.3332999999999977
364.422 0.3166999999999973
364.731 0.366699999999998
365.042 0.34999999999999787
365.351 0.3332999999999977
365.662 0.29999999999999716
365.971 0.3332999999999977
366.282 0.16669999999999874
366.593 0.26670000000000016
366.902 0.1999999999999993
367.213 0.3832999999999984
367.522 0.23329999999999984
367.833 0.23329999999999984
368.142 0.26670000000000016
368.453 0.366699999999998
368.762 0.3166999999999973
369.073 0.3332999999999977
369.381 0.29999999999999716
369.692 0.3832999999999984
370.001 0.23329999999999984
370.312 0.25
370.623 0.29999999999999716
370.932 0.25
371.242 0.18329999999999913
371.551 0.16669999999999874
371.862 0.29999999999999716
372.171 0.1999999999999993
372.482 0.3166999999999973
372.79 0.29999999999999716
373.101 0.13329999999999842
373.41 0.366699999999998
373.721 0.29999999999999716
374.029 0.23329999999999984
374.34 0.283299999999997
374.649 0.366699999999998
374.959 0.25
375.268 0.16669999999999874
375.577 0.18329999999999913
375.887 0.21669999999999945
376.196 0.283299999999997
376.506 0.3166999999999973
376.815 0.23329999999999984
377.126 0.34999999999999787
377.434 0.283299999999997
377.745 0.23329999999999984
378.053 0.283299999999997
378.364 0.26670000000000016
378.672 0.1999999999999993
378.983 0.26670000000000016
379.292 0.283299999999997
379.6 0.283299999999997
379.911 0.29999999999999716
380.219 0.283299999999997
380.53 0.3166999999999973
380.838 0.23329999999999984
381.148 0.366699999999998
381.457 0.3832999999999984
381.767 0.26670000000000016
382.076 0.18329999999999913
382.384 0.21669999999999945
382.695 0.283299999999997
383.003 0.26670000000000016
383.313 0.25
383.622 0.21669999999999945
383.93 0.366699999999998
384.24 0.366699999999998
384.549 0.3332999999999977
384.859 0.13329999999999842
385.167 0.1999999999999993
385.476 0.3832999999999984
385.786 0.25
386.094 0.16669999999999874
386.405 0.11669999999999803
386.713 0.18329999999999913
387.021 0.43329999999999913
387.331 0.23329999999999984
387.64 0.1999999999999993
387.948 0.283299999999997
388.258 0.34999999999999787
388.566 0.34999999999999787
388.877 0.283299999999997
389.185 0.283299999999997
389.493 0.41669999999999874
389.803 0.3166999999999973
390.111 0.366699999999998
390.419 0.3332999999999977
390.729 0.21669999999999945
391.038 0.366699999999998
391.346 0.3332999999999977
391.656 0.41669999999999874
391.964 0.3166999999999973
392.272 0.26670000000000016
392.582 0.3166999999999973
392.89 0.34999999999999787
393.198 0.3166999999999973
393.508 0.18329999999999913
393.816 0.29999999999999716
394.124 0.3832999999999984
394.434 0.16669999999999874
394.742 0.366699999999998
395.05 0.26670000000000016
395.36 0.3166999999999973
395.668 0.43329999999999913
395.976 0.25
396.286 0.283299999999997
396.594 0.366699999999998
396.902 0.283299999999997
397.21 0.26670000000000016
397.52 0.23329999999999984
397.828 0.3832999999999984
398.135 0.21669999999999945
398.445 0.29999999999999716
398.753 0.3999999999999986
399.061 0.283299999999997
399.369 0.1999999999999993
399.679 0.3832999999999984
399.987 0.3166999999999973
400.294 0.283299999999997
400.604 0.29999999999999716
400.912 0.21669999999999945
401.22 0.1999999999999993
401.527 0.283299999999997
401.837 0.366699999999998
402.145 0.3166999999999973
402.453 0.366699999999998
402.76 0.3166999999999973
403.07 0.34999999999999787
403.378 0.25
403.686 0.43329999999999913
403.993 0.366699999999998
404.303 0.29999999999999716
404.611 0.4499999999999993
404.918 0.3166999999999973
405.226 0.23329999999999984
405.533 0.29999999999999716
405.843 0.3999999999999986
406.151 0.3332999999999977
406.458 0.3332999999999977
406.766 0.3166999999999973
407.076 0.3166999999999973
407.383 0.21669999999999945
407.691 0.3332999999999977
407.998 0.366699999999998
408.306 0.46669999999999945
408.615 0.3999999999999986
408.923 0.41669999999999874
409.23 0.43329999999999913
409.538 0.3832999999999984
409.845 0.3166999999999973
410.153 0.4499999999999993
410.462 0.283299999999997
410.77 0.5
411.077 0.3166999999999973
411.384 0.34999999999999787
411.692 0.3832999999999984
412.001 0.26670000000000016
412.309 0.48329999999999984
412.616 0.3832999999999984
412.923 0.29999999999999716
413.231 0.3832999999999984
413.538 0.366699999999998
413.845 0.5167000000000002
414.155 0.3999999999999986
414.462 0.4499999999999993
414.769 0.46669999999999945
415.077 0.43329999999999913
415.384 0.41669999999999874
415.691 0.6332999999999984
415.999 0.43329999999999913
416.308 0.6499999999999986
416.615 0.5167000000000002
416.922 0.6666999999999987
417.23 0.4499999999999993
417.537 0.616699999999998
417.844 0.7332999999999998
418.151 0.6666999999999987
418.458 0.6999999999999993
418.768 0.7166999999999994
419.075 0.8999999999999986
419.382 0.7166999999999994
419.689 0.6332999999999984
419.996 0.6999999999999993
420.303 0.9666999999999994
420.61 1.0999999999999979
420.918 1.0
421.225 0.9832999999999998
421.532 1.0666999999999973
421.841 1.0167000000000002
422.148 1.25
422.455 1.1499999999999986
422.762 1.116699999999998
423.069 1.1999999999999993
423.376 1.2166999999999994
423.683 1.2332999999999998
423.99 1.1999999999999993
424.297 1.1499999999999986
424.604 1.2667000000000002
424.911 1.4832999999999998
425.218 1.283299999999997
425.525 1.1999999999999993
425.832 1.366699999999998
426.139 1.366699999999998
426.446 1.2166999999999994
426.753 1.3166999999999973
427.061 1.3332999999999977
427.368 1.283299999999997
427.675 1.2166999999999994
427.982 1.1999999999999993
428.289 1.0167000000000002
428.596 1.0999999999999979
428.903 0.9499999999999993
429.209 0.9166999999999987
429.516 1.0666999999999973
429.823 0.8832999999999984
430.13 1.0999999999999979
430.437 0.9832999999999998
430.743 0.783299999999997
431.05 0.7332999999999998
431.357 0.8499999999999979
431.664 0.6499999999999986
431.97 0.7667000000000002
432.277 0.5999999999999979
432.584 0.48329999999999984
432.891 0.6999999999999993
433.197 0.7166999999999994
433.504 0.7166999999999994
433.811 0.6666999999999987
434.117 0.6332999999999984
434.424 0.5999999999999979
434.731 0.5832999999999977
435.037 0.48329999999999984
435.344 0.5666999999999973
435.65 0.6332999999999984
435.957 0.5666999999999973
436.262 0.5167000000000002
436.568 0.533299999999997
436.875 0.4499999999999993
437.181 0.616699999999998
437.488 0.3999999999999986
437.794 0.3166999999999973
438.101 0.41669999999999874
438.407 0.5167000000000002
438.714 0.3832999999999984
439.02 0.5666999999999973
439.327 0.4499999999999993
439.633 0.3332999999999977
439.94 0.29999999999999716
440.246 0.34999999999999787
440.553 0.366699999999998
440.859 0.5666999999999973
441.163 0.283299999999997
441.47 0.43329999999999913
441.776 0.366699999999998
442.083 0.533299999999997
442.389 0.43329999999999913
442.695 0.366699999999998
443.002 0.41669999999999874
443.308 0.41669999999999874
443.614 0.3332999999999977
443.921 0.3832999999999984
444.225 0.4499999999999993
444.531 0.366699999999998
444.838 0.366699999999998
445.144 0.29999999999999716
445.45 0.3166999999999973
445.757 0.25
446.063 0.43329999999999913
446.369 0.43329999999999913
446.675 0.3166999999999973
446.979 0.3999999999999986
447.286 0.3999999999999986
447.592 0.3332999999999977
447.898 0.43329999999999913
448.204 0.3832999999999984
448.51 0.5
448.817 0.3999999999999986
449.121 0.29999999999999716
449.427 0.3332999999999977
449.733 0.46669999999999945
450.039 0.3999999999999986
450.345 0.48329999999999984
450.651 0.366699999999998
450.955 0.41669999999999874
451.261 0.4499999999999993
451.568 0.4499999999999993
451.874 0.3166999999999973
452.18 0.25
452.486 0.533299999999997
452.79 0.5499999999999972
453.096 0.48329999999999984
453.402 0.29999999999999716
453.708 0.3166999999999973
454.014 0.46669999999999945
454.318 0.48329999999999984
454.624 0.3332999999999977
454.93 0.48329999999999984
455.236 0.3332999999999977
455.541 0.366699999999998
455.845 0.3999999999999986
456.151 0.366699999999998
456.457 0.46669999999999945
456.763 0.3332999999999977
457.067 0.3832999999999984
457.373 0.3166999999999973
457.679 0.3832999999999984
457.985 0.366699999999998
458.29 0.3999999999999986
458.594 0.3166999999999973
458.9 0.3166999999999973
459.206 0.34999999999999787
459.512 0.366699999999998
459.815 0.3166999999999973
460.121 0.41669999999999874
460.427 0.366699999999998
460.733 0.34999999999999787
461.036 0.366699999999998
461.342 0.3999999999999986
461.648 0.3332999999999977
461.954 0.3332999999999977
462.257 0.34999999999999787
462.563 0.25
462.869 0.3166999999999973
463.172 0.43329999999999913
463.478 0.366699999999998
463.784 0.3332999999999977
464.089 0.34999999999999787
464.393 0.25
464.699 0.3166999999999973
465.004 0.366699999999998
465.308 0.29999999999999716
465.613 0.21669999999999945
465.919 0.25
466.225 0.34999999999999787
466.528 0.3332999999999977
466.834 0.43329999999999913
467.139 0.29999999999999716
467.443 0.366699999999998
467.748 0.41669999999999874
468.054 0.43329999999999913
468.357 0.26670000000000016
468.663 0.366699999999998
468.968 0.3999999999999986
469.272 0.5
469.577 0.3332999999999977
469.883 0.43329999999999913
470.186 0.3832999999999984
470.492 0.3999999999999986
470.797 0.46669999999999945
471.1 0.3332999999999977
471.406 0.5499999999999972
471.711 0.46669999999999945
472.014 0.3999999999999986
472.32 0.3832999999999984
472.625 0.29999999999999716
472.929 0.3999999999999986
473.234 0.26670000000000016
473.539 0.3832999999999984
473.843 0.46669999999999945
474.148 0.3332999999999977
474.451 0.3832999999999984
474.756 0.29999999999999716
475.062 0.4499999999999993
475.365 0.3999999999999986
475.67 0.43329999999999913
475.973 0.43329999999999913
476.279 0.3332999999999977
476.584 0.616699999999998
476.887 0.5167000000000002
477.192 0.6332999999999984
477.498 0.46669999999999945
477.801 0.6832999999999991
478.106 0.5832999999999977
478.409 0.783299999999997
478.714 0.7332999999999998
479.017 0.8166999999999973
479.322 0.75
479.628 0.8832999999999984
479.931 0.8999999999999986
480.236 0.6666999999999987
480.539 0.8499999999999979
480.844 0.7667000000000002
481.147 0.8332999999999977
481.452 0.866699999999998
481.757 0.9332999999999991
482.06 0.75
482.365 0.7332999999999998
482.668 0.866699999999998
482.973 0.8332999999999977
483.276 0.6499999999999986
483.581 0.6999999999999993
483.884 0.41669999999999874
484.189 0.616699999999998
484.494 0.48329999999999984
484.797 0.616699999999998
485.102 0.6499999999999986
485.405 0.4499999999999993
485.71 0.5167000000000002
486.013 0.4499999999999993
486.318 0.3832999999999984
486.621 0.5
486.925 0.48329999999999984
487.228 0.3332999999999977
487.533 0.43329999999999913
487.836 0.41669999999999874
488.141 0.48329999999999984
488.444 0.43329999999999913
488.748 0.46669999999999945
489.051 0.3832999999999984
489.356 0.3832999999999984
489.659 0.3832999999999984
489.964 0.366699999999998
490.266 0.3166999999999973
490.571 0.3999999999999986
490.874 0.29999999999999716
491.179 0.3999999999999986
491.481 0.16669999999999874
491.786 0.34999999999999787
492.089 0.3332999999999977
492.393 0.3832999999999984
492.696 0.3166999999999973
493.001 0.366699999999998
493.303 0.43329999999999913
493.606 0.21669999999999945
493.911 0.29999999999999716
494.213 0.366699999999998
494.518 0.3999999999999986
494.821 0.34999999999999787
495.125 0.26670000000000016
495.428 0.43329999999999913
495.732 0.29999999999999716
496.035 0.34999999999999787
496.337 0.25
496.642 0.41669999999999874
496.945 0.3832999999999984
497.249 0.23329999999999984
497.552 0.1999999999999993
497.856 0.43329999999999913
498.159 0.34999999999999787
498.461 0.26670000000000016
498.766 0.283299999999997
499.068 0.3332999999999977
499.372 0.366699999999998
499.675 0.21669999999999945
499.977 0.366699999999998
500.282 0.34999999999999787
500.584 0.3832999999999984
500.889 0.3332999999999977
501.191 0.29999999999999716
501.493 0.34999999999999787
501.798 0.26670000000000016
502.1 0.26670000000000016
502.402 0.366699999999998
502.707 0.26670000000000016
503.009 0.3166999999999973
503.314 0.25
503.616 0.34999999999999787
503.918 0.3332999999999977
504.222 0.48329999999999984
504.525 0.3166999999999973
504.827 0.3332999999999977
505.131 0.366699999999998
505.433 0.25
505.736 0.23329999999999984
506.04 0.3332999999999977
506.342 0.25
506.646 0.3832999999999984
506.949 0.3166999999999973
507.251 0.366699999999998
507.555 0.29999999999999716
507.857 0.26670000000000016
508.159 0.3166999999999973
508.461 0.29999999999999716
508.766 0.283299999999997
509.068 0.3999999999999986
509.37 0.34999999999999787
509.674 0.3332999999999977
509.976 0.34999999999999787
510.278 0.366699999999998
510.582 0.16669999999999874
510.884 0.26670000000000016
511.186 0.3332999999999977
511.49 0.3166999999999973
511.792 0.3332999999999977
512.094 0.23329999999999984
512.396 0.1999999999999993
512.701 0.3832999999999984
513.003 0.3166999999999973
513.305 0.3166999999999973
513.609 0.3332999999999977
513.91 0.46669999999999945
514.212 0.43329999999999913
514.514 0.23329999999999984
514.818 0.34999999999999787
515.12 0.3166999999999973
515.422 0.1999999999999993
515.724 0.3332999999999977
516.028 0.26670000000000016
516.33 0.26670000000000016
516.632 0.283299999999997
516.934 0.23329999999999984
517.237 0.14999999999999858
517.539 0.23329999999999984
517.841 0.283299999999997
518.143 0.26670000000000016
518.447 0.34999999999999787
518.749 0.3332999999999977
519.05 0.23329999999999984
519.352 0.366699999999998
519.656 0.283299999999997
519.958 0.34999999999999787
520.26 0.3332999999999977
520.561 0.3999999999999986
520.863 0.366699999999998
521.167 0.34999999999999787
521.468 0.43329999999999913
521.77 0.26670000000000016
522.072 0.3332999999999977
522.376 0.29999999999999716
522.677 0.3332999999999977
522.979 0.366699999999998
523.281 0.3999999999999986
523.582 0.25
523.884 0.5
524.187 0.3832999999999984
524.489 0.3166999999999973
524.791 0.43329999999999913
525.092 0.26670000000000016
525.394 0.5167000000000002
525.697 0.25
525.999 0.3999999999999986
526.301 0.3832999999999984
526.602 0.23329999999999984
526.904 0.3832999999999984
527.205 0.34999999999999787
527.507 0.23329999999999984
527.81 0.366699999999998
528.112 0.26670000000000016
528.413 0.43329999999999913
528.715 0.283299999999997
529.016 0.3332999999999977
529.318 0.26670000000000016
529.619 0.29999999999999716
529.922 0.366699999999998
530.224 0.34999999999999787
530.525 0.3832999999999984
530.827 0.29999999999999716
531.128 0.3832999999999984
531.429 0.26670000000000016
531.731 0.29999999999999716
532.032 0.3166999999999973
532.336 0.3166999999999973
532.637 0.29999999999999716
532.938 0.26670000000000016
533.24 0.29999999999999716
533.541 0.46669999999999945
533.842 0.3832999999999984
534.143 0.29999999999999716
534.445 0.21669999999999945
534.746 0.3332999999999977
535.047 0.29999999999999716
535.351 0.23329999999999984
535.652 0.3166999999999973
535.953 0.3166999999999973
536.254 0.3166999999999973
536.555 0.41669999999999874
536.857 0.283299999999997
537.158 0.3166999999999973
537.459 0.34999999999999787
537.76 0.3332999999999977
538.061 0.34999999999999787
538.362 0.283299999999997
538.664 0.3999999999999986
538.965 0.3332999999999977
539.266 0.3332999999999977
539.567 0.366699999999998
539.868 0.26670000000000016
540.169 0.4499999999999993
540.472 0.3166999999999973
540.773 0.21669999999999945
541.074 0.3332999999999977
541.375 0.283299999999997
541.677 0.5167000000000002
541.978 0.4499999999999993
542.279 0.3166999999999973
542.58 0.34999999999999787
542.881 0.3166999999999973
543.182 0.26670000000000016
543.483 0.26670000000000016
543.784 0.283299999999997
544.085 0.26670000000000016
544.385 0.41669999999999874
544.686 0.5
544.987 0.3166999999999973
545.288 0.283299999999997
545.589 0.29999999999999716
545.89 0.29999999999999716
546.191 0.46669999999999945
546.492 0.16669999999999874
546.793 0.3332999999999977
547.094 0.23329999999999984
547.394 0.366699999999998
547.695 0.34999999999999787
547.996 0.23329999999999984
548.297 0.46669999999999945
548.596 0.3166999999999973
548.897 0.5
549.197 0.43329999999999913
549.498 0.29999999999999716
549.799 0.5666999999999973
550.1 0.283299999999997
550.4 0.34999999999999787
550.701 0.5
551.002 0.41669999999999874
551.303 0.6499999999999986
551.603 0.366699999999998
551.904 0.46669999999999945
552.205 0.6332999999999984
552.505 0.43329999999999913
552.806 0.5499999999999972
553.107 0.616699999999998
553.407 0.5
553.706 0.616699999999998
554.007 0.5666999999999973
554.307 0.4499999999999993
554.608 0.5999999999999979
554.909 0.6332999999999984
555.209 0.48329999999999984
555.51 0.5832999999999977
555.81 0.5666999999999973
556.111 0.41669999999999874
556.411 0.5666999999999973
556.71 0.4499999999999993
557.01 0.5499999999999972
557.311 0.5167000000000002
557.612 0.6499999999999986
557.912 0.4499999999999993
558.213 0.3832999999999984
558.513 0.46669999999999945
558.813 0.41669999999999874
559.112 0.46669999999999945
559.412 0.46669999999999945
559.713 0.3832999999999984
560.013 0.3832999999999984
560.314 0.5
560.614 0.366699999999998
560.914 0.43329999999999913
561.213 0.48329999999999984
561.513 0.21669999999999945
561.814 0.5
562.114 0.25
562.414 0.366699999999998
562.715 0.3166999999999973
563.015 0.366699999999998
563.313 0.34999999999999787
563.614 0.3832999999999984
563.914 0.34999999999999787
564.214 0.29999999999999716
564.515 0.29999999999999716
564.813 0.366699999999998
565.113 0.366699999999998
565.413 0.3832999999999984
565.714 0.29999999999999716
566.014 0.283299999999997
566.312 0.29999999999999716
566.612 0.3999999999999986
566.912 0.41669999999999874
567.213 0.3166999999999973
567.513 0.3999999999999986
567.811 0.3332999999999977
568.111 0.3332999999999977
568.411 0.366699999999998
568.712 0.46669999999999945
569.012 0.3166999999999973
569.31 0.25
569.61 0.283299999999997
569.91 0.366699999999998
570.21 0.41669999999999874
570.508 0.3332999999999977
570.808 0.46669999999999945
571.108 0.3832999999999984
571.408 0.3332999999999977
571.706 0.1999999999999993
572.006 0.34999999999999787
572.306 0.3332999999999977
572.607 0.366699999999998
572.904 0.29999999999999716
573.204 0.26670000000000016
573.505 0.26670000000000016
573.805 0.26670000000000016
574.102 0.3166999999999973
574.402 0.3166999999999973
574.702 0.13329999999999842
575.002 0.1999999999999993
575.3 0.23329999999999984
575.6 0.3832999999999984
575.9 0.3999999999999986
576.198 0.29999999999999716
576.498 0.46669999999999945
576.798 0.3332999999999977
577.098 0.366699999999998
577.395 0.3999999999999986
577.695 0.3332999999999977
577.995 0.34999999999999787
578.293 0.3999999999999986
578.593 0.29999999999999716
578.893 0.34999999999999787
579.19 0.283299999999997
579.49 0.41669999999999874
579.79 0.21669999999999945
580.088 0.283299999999997
580.387 0.3999999999999986
580.687 0.3332999999999977
580.985 0.3332999999999977
581.285 0.25
581.584 0.25
581.882 0.283299999999997
582.182 0.3166999999999973
582.482 0.29999999999999716
582.779 0.3332999999999977
583.079 0.26670000000000016
583.378 0.1999999999999993
583.676 0.283299999999997
583.976 0.29999999999999716
584.275 0.283299999999997
584.573 0.3166999999999973
584.873 0.34999999999999787
585.17 0.41669999999999874
585.47 0.34999999999999787
585.769 0.41669999999999874
586.067 0.4499999999999993
586.367 0.283299999999997
586.666 0.34999999999999787
586.964 0.43329999999999913
587.263 0.29999999999999716
587.561 0.283299999999997
587.86 0.3332999999999977
588.16 0.23329999999999984
588.457 0.34999999999999787
588.757 0.23329999999999984
589.054 0.43329999999999913
589.354 0.283299999999997
589.653 0.366699999999998
589.951 0.29999999999999716
590.25 0.43329999999999913
590.547 0.3832999999999984
590.847 0.3832999999999984
591.144 0.34999999999999787
591.444 0.366699999999998
591.743 0.09999999999999787
592.04 0.46669999999999945
592.34 0.3166999999999973
592.637 0.34999999999999787
592.936 0.366699999999998
593.234 0.3332999999999977
593.533 0.25
593.832 0.3832999999999984
594.13 0.283299999999997
594.429 0.3832999999999984
594.726 0.3832999999999984
595.026 0.283299999999997
595.323 0.3332999999999977
595.622 0.21669999999999945
595.919 0.3332999999999977
596.219 0.34999999999999787
596.516 0.366699999999998
596.815 0.29999999999999716
597.112 0.43329999999999913
597.411 0.29999999999999716
597.709 0.29999999999999716
598.008 0.41669999999999874
598.305 0.29999999999999716
598.604 0.46669999999999945
598.901 0.3832999999999984
599.2 0.3332999999999977
599.497 0.46669999999999945
599.797 0.34999999999999787
600.094 0.23329999999999984
600.393 0.34999999999999787
600.69 0.3832999999999984
600.989 0.23329999999999984
601.286 0.26670000000000016
601.585 0.29999999999999716
601.882 0.25
602.181 0.366699999999998
602.478 0.3332999999999977
602.777 0.26670000000000016
603.074 0.366699999999998
603.373 0.366699999999998
603.67 0.23329999999999984
603.969 0.26670000000000016
604.266 0.25
604.563 0.3332999999999977
604.862 0.46669999999999945
605.159 0.3832999999999984
605.458 0.3166999999999973
605.755 0.366699999999998
606.054 0.3999999999999986
606.351 0.3832999999999984
606.65 0.34999999999999787
606.946 0.48329999999999984
607.243 0.3332999999999977
607.542 0.4499999999999993
607.839 0.283299999999997
608.138 0.3832999999999984
608.435 0.366699999999998
608.732 0.283299999999997
609.03 0.5
609.327 0.34999999999999787
609.626 0.366699999999998
609.923 0.34999999999999787
610.22 0.41669999999999874
610.518 0.43329999999999913
610.815 0.41669999999999874
611.114 0.5
611.411 0.48329999999999984
611.707 0.3999999999999986
612.006 0.3832999999999984
612.303 0.41669999999999874
612.601 0.4499999999999993
612.898 0.41669999999999874
613.195 0.48329999999999984
613.493 0.4499999999999993
613.79 0.4499999999999993
614.087 0.43329999999999913
614.385 0.46669999999999945
614.682 0.41669999999999874
614.979 0.6332999999999984
615.277 0.34999999999999787
615.574 0.5167000000000002
615.87 0.46669999999999945
616.169 0.48329999999999984
616.466 0.48329999999999984
616.764 0.3166999999999973
617.061 0.5167000000000002
617.357 0.3332999999999977
617.656 0.533299999999997
617.952 0.41669999999999874
618.249 0.3832999999999984
618.545 0.43329999999999913
618.844 0.3332999999999977
619.14 0.3166999999999973
619.437 0.34999999999999787
619.735 0.34999999999999787
620.032 0.29999999999999716
620.328 0.34999999999999787
620.626 0.23329999999999984
620.923 0.4499999999999993
621.219 0.283299999999997
621.518 0.366699999999998
621.814 0.29999999999999716
622.11 0.3832999999999984
622.407 0.41669999999999874
622.705 0.18329999999999913
623.002 0.25
623.298 0.366699999999998
623.594 0.3166999999999973
623.893 0.283299999999997
624.189 0.3166999999999973
624.485 0.283299999999997
624.784 0.43329999999999913
625.08 0.34999999999999787
625.376 0.29999999999999716
625.672 0.3166999999999973
625.971 0.366699999999998
626.267 0.26670000000000016
626.563 0.25
626.859 0.366699999999998
627.158 0.3832999999999984
627.454 0.366699999999998
627.75 0.25
628.046 0.3999999999999986
628.342 0.3332999999999977
628.641 0.21669999999999945
628.937 0.29999999999999716
629.233 0.29999999999999716
629.529 0.29999999999999716
629.827 0.3999999999999986
630.123 0.25
630.419 0.29999999999999716
630.715 0.283299999999997
631.011 0.41669999999999874
631.31 0.1999999999999993
631.606 0.34999999999999787
631.902 0.3332999999999977
632.198 0.23329999999999984
632.494 0.3999999999999986
632.792 0.29999999999999716
633.088 0.23329999999999984
633.384 0.3332999999999977
633.68 0.3832999999999984
633.976 0.3999999999999986
634.272 0.34999999999999787
634.57 0.21669999999999945
634.866 0.34999999999999787
635.162 0.3999999999999986
635.458 0.3332999999999977
635.754 0.3166999999999973
636.05 0.3999999999999986
636.347 0.366699999999998
636.643 0.25
636.939 0.3166999999999973
637.235 0.43329999999999913
637.531 0.48329999999999984
637.827 0.26670000000000016
638.123 0.26670000000000016
638.421 0.29999999999999716
638.716 0.16669999999999874
639.012 0.3999999999999986
639.308 0.34999999999999787
639.604 0.366699999999998
639.9 0.283299999999997
640.195 0.29999999999999716
640.491 0.3832999999999984
640.789 0.283299999999997
641.085 0.18329999999999913
641.381 0.3332999999999977
641.676 0.34999999999999787
641.972 0.3332999999999977
642.268 0.3166999999999973
642.563 0.3332999999999977
642.859 0.3332999999999977
643.155 0.3166999999999973
643.451 0.283299999999997
643.746 0.23329999999999984
644.044 0.34999999999999787
644.34 0.3999999999999986
644.635 0.46669999999999945
644.931 0.34999999999999787
645.227 0.46669999999999945
645.522 0.26670000000000016
645.818 0.43329999999999913
646.113 0.3166999999999973
646.409 0.41669999999999874
646.704 0.3332999999999977
647.0 0.3832999999999984
647.296 0.29999999999999716
647.591 0.366699999999998
647.887 0.25
648.182 0.41669999999999874
648.478 0.3166999999999973
648.773 0.3166999999999973
649.069 0.366699999999998
649.366 0.283299999999997
649.662 0.43329999999999913
649.957 0.5167000000000002
650.253 0.3166999999999973
650.548 0.366699999999998
650.844 0.4499999999999993
651.139 0.366699999999998
651.434 0.26670000000000016
651.73 0.3999999999999986
652.025 0.41669999999999874
652.321 0.366699999999998
652.616 0.283299999999997
652.911 0.3999999999999986
653.207 0.3332999999999977
653.502 0.366699999999998
653.797 0.4499999999999993
654.093 0.366699999999998
654.388 0.29999999999999716
654.683 0.366699999999998
654.979 0.43329999999999913
655.274 0.366699999999998
655.567 0.3332999999999977
655.863 0.5832999999999977
656.158 0.4499999999999993
656.453 0.283299999999997
656.748 0.48329999999999984
657.044 0.3999999999999986
657.339 0.46669999999999945
657.634 0.4499999999999993
657.929 0.6332999999999984
658.224 0.7332999999999998
658.52 0.46669999999999945
658.815 0.6499999999999986
659.11 0.5499999999999972
659.405 0.43329999999999913
659.7 0.616699999999998
659.995 0.6666999999999987
660.291 0.533299999999997
660.586 0.43329999999999913
660.879 0.616699999999998
661.174 0.616699999999998
661.469 0.5666999999999973
661.764 0.616699999999998
662.059 0.5499999999999972
662.354 0.6666999999999987
662.649 0.6499999999999986
662.944 0.616699999999998
663.239 0.533299999999997
663.534 0.5666999999999973
663.83 0.5999999999999979
664.122 0.46669999999999945
664.417 0.29999999999999716
664.713 0.5499999999999972
665.008 0.46669999999999945
665.302 0.5167000000000002
665.597 0.5832999999999977
665.892 0.46669999999999945
666.187 0.5499999999999972
666.48 0.43329999999999913
666.775 0.3832999999999984
667.07 0.3999999999999986
667.365 0.5167000000000002
667.66 0.3332999999999977
667.955 0.4499999999999993
668.25 0.43329999999999913
668.542 0.366699999999998
668.837 0.533299999999997
669.132 0.6499999999999986
669.427 0.3999999999999986
669.722 0.4499999999999993
670.017 0.41669999999999874
670.31 0.34999999999999787
670.604 0.48329999999999984
670.899 0.46669999999999945
671.194 0.3332999999999977
671.489 0.3166999999999973
671.783 0.43329999999999913
672.076 0.41669999999999874
672.371 0.3832999999999984
672.666 0.48329999999999984
672.96 0.3832999999999984
673.255 0.4499999999999993
673.548 0.34999999999999787
673.842 0.366699999999998
674.137 0.43329999999999913
674.432 0.29999999999999716
674.727 0.34999999999999787
675.019 0.25
675.314 0.366699999999998
675.608 0.29999999999999716
675.903 0.3332999999999977
676.196 0.34999999999999787
676.49 0.3166999999999973
676.785 0.366699999999998
677.079 0.41669999999999874
677.374 0.3166999999999973
677.667 0.3832999999999984
677.961 0.3166999999999973
678.256 0.3166999999999973
678.55 0.3166999999999973
678.843 0.3332999999999977
679.137 0.3166999999999973
679.432 0.41669999999999874
679.726 0.34999999999999787
680.019 0.3332999999999977
680.313 0.366699999999998
680.608 0.283299999999997
680.902 0.34999999999999787
681.195 0.3832999999999984
681.489 0.3832999999999984
681.784 0.23329999999999984
682.076 0.41669999999999874
682.37 0.3999999999999986
682.665 0.3166999999999973
682.959 0.3166999999999973
683.252 0.25
683.546 0.41669999999999874
683.84 0.366699999999998
684.133 0.3166999999999973
684.427 0.283299999999997
684.721 0.23329999999999984
685.014 0.3832999999999984
685.308 0.3332999999999977
685.602 0.26670000000000016
685.895 0.18329999999999913
686.189 0.1999999999999993
686.483 0.26670000000000016
686.778 0.21669999999999945
687.07 0.3332999999999977
687.364 0.18329999999999913
687.658 0.41669999999999874
687.951 0.43329999999999913
688.245 0.21669999999999945
688.537 0.23329999999999984
688.831 0.1999999999999993
689.125 0.29999999999999716
689.418 0.3332999999999977
689.712 0.26670000000000016
690.006 0.41669999999999874
690.298 0.3332999999999977
690.592 0.25
690.886 0.283299999999997
691.178 0.283299999999997
691.473 0.3166999999999973
691.767 0.25
692.059 0.29999999999999716
692.353 0.3832999999999984
692.645 0.25
692.939 0.25
693.233 0.25
693.525 0.3166999999999973
693.819 0.3332999999999977
694.111 0.3166999999999973
694.405 0.3832999999999984
694.699 0.3166999999999973
694.991 0.26670000000000016
695.285 0.23329999999999984
695.577 0.23329999999999984
695.871 0.3332999999999977
696.165 0.29999999999999716
696.457 0.21669999999999945
696.751 0.41669999999999874
697.043 0.26670000000000016
697.337 0.26670000000000016
697.629 0.29999999999999716
697.923 0.3332999999999977
698.217 0.43329999999999913
698.509 0.25
698.802 0.34999999999999787
699.094 0.4499999999999993
699.388 0.21669999999999945
699.68 0.34999999999999787
699.974 0.366699999999998
700.266 0.23329999999999984
700.56 0.3332999999999977
700.853 0.26670000000000016
701.145 0.3166999999999973
701.439 0.283299999999997
701.731 0.3832999999999984
702.025 0.25
702.316 0.3166999999999973
702.61 0.34999999999999787
702.902 0.21669999999999945
703.196 0.26670000000000016
703.487 0.29999999999999716
703.781 0.366699999999998
704.073 0.23329999999999984
704.367 0.283299999999997
704.658 0.3332999999999977
704.952 0.29999999999999716
705.244 0.26670000000000016
705.537 0.26670000000000016
705.829 0.3832999999999984
706.122 0.26670000000000016
706.414 0.283299999999997
706.708 0.21669999999999945
706.999 0.283299999999997
707.293 0.3332999999999977
