# Created: 2019-11-28 13:05:41.623373
# rshift intensity
76.1738 0.11669999999999803
76.4989 0.16669999999999874
76.824 0.16669999999999874
77.1491 0.18329999999999913
77.4721 0.13329999999999842
77.7972 0.18329999999999913
78.1223 0.16669999999999874
78.4474 0.13329999999999842
78.7724 0.06669999999999732
79.0975 0.16669999999999874
79.4204 0.11669999999999803
79.7454 0.13329999999999842
80.0704 0.06669999999999732
80.3954 0.14999999999999858
80.7204 0.11669999999999803
81.0454 0.06669999999999732
81.3682 0.13329999999999842
81.6931 0.09999999999999787
82.0181 0.09999999999999787
82.343 0.033299999999997
82.6679 0.18329999999999913
82.9907 0.13329999999999842
83.3156 0.033299999999997
83.6405 0.04999999999999716
83.9654 0.06669999999999732
84.2903 0.21669999999999945
84.613 0.06669999999999732
84.9378 0.18329999999999913
85.2626 0.08329999999999771
85.5875 0.09999999999999787
85.9101 0.11669999999999803
86.2349 0.21669999999999945
86.5597 0.1999999999999993
86.8845 0.16669999999999874
87.2093 0.14999999999999858
87.5319 0.14999999999999858
87.8566 0.14999999999999858
88.1814 0.09999999999999787
88.5061 0.09999999999999787
88.8286 0.09999999999999787
89.1533 0.13329999999999842
89.478 0.18329999999999913
89.8027 0.13329999999999842
90.1252 0.1999999999999993
90.4499 0.23329999999999984
90.7745 0.21669999999999945
91.0992 0.13329999999999842
91.4216 0.14999999999999858
91.7462 0.09999999999999787
92.0708 0.0
92.3954 0.18329999999999913
92.7179 0.13329999999999842
93.0424 0.14999999999999858
93.367 0.13329999999999842
93.6915 0.11669999999999803
94.0139 0.16669999999999874
94.3384 0.06669999999999732
94.6629 0.13329999999999842
94.9853 0.16669999999999874
95.3098 0.11669999999999803
95.6342 0.14999999999999858
95.9587 0.13329999999999842
96.281 0.16669999999999874
96.6055 0.16669999999999874
96.9299 0.14999999999999858
97.2522 0.13329999999999842
97.5766 0.18329999999999913
97.901 0.18329999999999913
98.2232 0.14999999999999858
98.5476 0.25
98.8719 0.18329999999999913
99.1942 0.09999999999999787
99.5185 0.08329999999999771
99.8428 0.18329999999999913
100.165 0.13329999999999842
100.489 0.13329999999999842
100.814 0.14999999999999858
101.136 0.14999999999999858
101.46 0.11669999999999803
101.784 0.06669999999999732
102.106 0.18329999999999913
102.431 0.11669999999999803
102.755 0.1999999999999993
103.077 0.16669999999999874
103.401 0.08329999999999771
103.725 0.06669999999999732
104.047 0.06669999999999732
104.372 0.09999999999999787
104.696 0.29999999999999716
105.018 0.16669999999999874
105.342 0.23329999999999984
105.666 0.13329999999999842
105.988 0.16669999999999874
106.312 0.14999999999999858
106.634 0.08329999999999771
106.958 0.21669999999999945
107.282 0.23329999999999984
107.604 0.11669999999999803
107.928 0.25
108.252 0.09999999999999787
108.574 0.09999999999999787
108.898 0.14999999999999858
109.22 0.13329999999999842
109.544 0.09999999999999787
109.868 0.1999999999999993
110.19 0.14999999999999858
110.514 0.09999999999999787
110.836 0.14999999999999858
111.159 0.06669999999999732
111.483 0.08329999999999771
111.805 0.23329999999999984
112.129 0.04999999999999716
112.451 0.14999999999999858
112.775 0.13329999999999842
113.096 0.16669999999999874
113.42 0.04999999999999716
113.744 0.14999999999999858
114.066 0.11669999999999803
114.39 0.14999999999999858
114.711 0.11669999999999803
115.035 0.08329999999999771
115.357 0.01670000000000016
115.681 0.11669999999999803
116.004 0.09999999999999787
116.326 0.09999999999999787
116.65 0.18329999999999913
116.971 0.08329999999999771
117.295 0.18329999999999913
117.617 0.18329999999999913
117.94 0.13329999999999842
118.262 0.06669999999999732
118.586 0.14999999999999858
118.907 0.1999999999999993
119.231 0.04999999999999716
119.554 0.11669999999999803
119.876 0.13329999999999842
120.199 0.14999999999999858
120.521 0.08329999999999771
120.845 0.04999999999999716
121.166 0.09999999999999787
121.49 0.11669999999999803
121.811 0.21669999999999945
122.135 0.13329999999999842
122.456 0.06669999999999732
122.78 0.18329999999999913
123.101 0.08329999999999771
123.424 0.08329999999999771
123.746 0.14999999999999858
124.069 0.11669999999999803
124.391 0.09999999999999787
124.714 0.09999999999999787
125.035 0.09999999999999787
125.359 0.11669999999999803
125.68 0.13329999999999842
126.004 0.14999999999999858
126.325 0.21669999999999945
126.648 0.16669999999999874
126.97 0.23329999999999984
127.291 0.11669999999999803
127.614 0.14999999999999858
127.935 0.11669999999999803
128.259 0.033299999999997
128.58 0.25
128.903 0.11669999999999803
129.224 0.13329999999999842
129.548 0.14999999999999858
129.869 0.21669999999999945
130.192 0.13329999999999842
130.513 0.18329999999999913
130.834 0.21669999999999945
131.158 0.25
131.479 0.21669999999999945
131.802 0.09999999999999787
132.123 0.11669999999999803
132.446 0.23329999999999984
132.767 0.21669999999999945
133.09 0.14999999999999858
133.411 0.09999999999999787
133.733 0.06669999999999732
134.056 0.21669999999999945
134.377 0.13329999999999842
134.7 0.06669999999999732
135.021 0.11669999999999803
135.342 0.08329999999999771
135.665 0.14999999999999858
135.986 0.14999999999999858
136.309 0.09999999999999787
136.63 0.18329999999999913
136.951 0.06669999999999732
137.274 0.16669999999999874
137.595 0.13329999999999842
137.918 0.14999999999999858
138.238 0.09999999999999787
138.559 0.16669999999999874
138.882 0.06669999999999732
139.203 0.06669999999999732
139.526 0.21669999999999945
139.847 0.04999999999999716
140.168 0.1999999999999993
140.491 0.13329999999999842
140.811 0.09999999999999787
141.132 0.1999999999999993
141.455 0.16669999999999874
141.776 0.1999999999999993
142.097 0.11669999999999803
142.419 0.06669999999999732
142.74 0.1999999999999993
143.061 0.13329999999999842
143.384 0.09999999999999787
143.704 0.23329999999999984
144.027 0.16669999999999874
144.348 0.09999999999999787
144.668 0.18329999999999913
144.991 0.13329999999999842
145.312 0.13329999999999842
145.632 0.11669999999999803
145.955 0.14999999999999858
146.276 0.11669999999999803
146.596 0.09999999999999787
146.917 0.11669999999999803
147.24 0.1999999999999993
147.56 0.08329999999999771
147.881 0.09999999999999787
148.203 0.16669999999999874
148.524 0.1999999999999993
148.844 0.1999999999999993
149.167 0.16669999999999874
149.487 0.06669999999999732
149.808 0.06669999999999732
150.131 0.1999999999999993
150.451 0.11669999999999803
150.771 0.14999999999999858
151.092 0.14999999999999858
151.414 0.16669999999999874
151.735 0.18329999999999913
152.055 0.14999999999999858
152.378 0.16669999999999874
152.698 0.1999999999999993
153.018 0.08329999999999771
153.339 0.26670000000000016
153.661 0.18329999999999913
153.982 0.18329999999999913
154.302 0.13329999999999842
154.622 0.14999999999999858
154.945 0.09999999999999787
155.265 0.18329999999999913
155.585 0.18329999999999913
155.905 0.14999999999999858
156.228 0.16669999999999874
156.548 0.16669999999999874
156.868 0.1999999999999993
157.188 0.1999999999999993
157.511 0.13329999999999842
157.831 0.16669999999999874
158.151 0.08329999999999771
158.471 0.11669999999999803
158.794 0.13329999999999842
159.114 0.09999999999999787
159.434 0.18329999999999913
159.754 0.09999999999999787
160.074 0.13329999999999842
160.396 0.16669999999999874
160.717 0.11669999999999803
161.037 0.21669999999999945
161.357 0.16669999999999874
161.679 0.18329999999999913
161.999 0.14999999999999858
162.319 0.09999999999999787
162.639 0.16669999999999874
162.959 0.08329999999999771
163.281 0.16669999999999874
163.601 0.14999999999999858
163.921 0.11669999999999803
164.241 0.09999999999999787
164.561 0.14999999999999858
164.881 0.18329999999999913
165.203 0.26670000000000016
165.523 0.11669999999999803
165.843 0.21669999999999945
166.163 0.16669999999999874
166.483 0.26670000000000016
166.803 0.09999999999999787
167.125 0.18329999999999913
167.445 0.14999999999999858
167.764 0.11669999999999803
168.084 0.23329999999999984
168.404 0.21669999999999945
168.724 0.21669999999999945
169.046 0.3166999999999973
169.366 0.06669999999999732
169.685 0.21669999999999945
170.005 0.11669999999999803
170.325 0.13329999999999842
170.645 0.16669999999999874
170.964 0.11669999999999803
171.286 0.21669999999999945
171.606 0.08329999999999771
171.926 0.14999999999999858
172.245 0.25
172.565 0.23329999999999984
172.885 0.13329999999999842
173.204 0.14999999999999858
173.524 0.23329999999999984
173.846 0.21669999999999945
174.166 0.033299999999997
174.485 0.18329999999999913
174.805 0.11669999999999803
175.124 0.13329999999999842
175.444 0.23329999999999984
175.764 0.18329999999999913
176.083 0.23329999999999984
176.403 0.16669999999999874
176.722 0.21669999999999945
177.044 0.11669999999999803
177.363 0.21669999999999945
177.683 0.11669999999999803
178.002 0.16669999999999874
178.322 0.14999999999999858
178.641 0.14999999999999858
178.961 0.29999999999999716
179.28 0.14999999999999858
179.6 0.11669999999999803
179.919 0.11669999999999803
180.239 0.1999999999999993
180.558 0.16669999999999874
180.877 0.1999999999999993
181.197 0.16669999999999874
181.516 0.1999999999999993
181.838 0.283299999999997
182.157 0.23329999999999984
182.476 0.26670000000000016
182.796 0.13329999999999842
183.115 0.14999999999999858
183.434 0.16669999999999874
183.754 0.16669999999999874
184.073 0.09999999999999787
184.392 0.14999999999999858
184.712 0.11669999999999803
185.031 0.13329999999999842
185.35 0.16669999999999874
185.669 0.13329999999999842
185.989 0.1999999999999993
186.308 0.1999999999999993
186.627 0.23329999999999984
186.946 0.1999999999999993
187.265 0.16669999999999874
187.585 0.14999999999999858
187.904 0.25
188.223 0.1999999999999993
188.542 0.1999999999999993
188.861 0.16669999999999874
189.18 0.14999999999999858
189.499 0.13329999999999842
189.818 0.14999999999999858
190.138 0.09999999999999787
190.457 0.13329999999999842
190.776 0.1999999999999993
191.095 0.25
191.414 0.21669999999999945
191.733 0.08329999999999771
192.052 0.1999999999999993
192.371 0.1999999999999993
192.69 0.26670000000000016
193.009 0.13329999999999842
193.328 0.25
193.647 0.1999999999999993
193.966 0.18329999999999913
194.285 0.23329999999999984
194.602 0.13329999999999842
194.92 0.25
195.239 0.18329999999999913
195.558 0.26670000000000016
195.877 0.11669999999999803
196.196 0.09999999999999787
196.515 0.18329999999999913
196.834 0.23329999999999984
197.153 0.25
197.471 0.3832999999999984
197.79 0.21669999999999945
198.109 0.23329999999999984
198.428 0.23329999999999984
198.747 0.18329999999999913
199.065 0.18329999999999913
199.382 0.16669999999999874
199.701 0.23329999999999984
200.02 0.16669999999999874
200.338 0.09999999999999787
200.657 0.21669999999999945
200.976 0.09999999999999787
201.295 0.16669999999999874
201.613 0.16669999999999874
201.932 0.21669999999999945
202.251 0.18329999999999913
202.567 0.13329999999999842
202.886 0.11669999999999803
203.204 0.18329999999999913
203.523 0.25
203.842 0.08329999999999771
204.16 0.16669999999999874
204.479 0.26670000000000016
204.797 0.11669999999999803
205.114 0.16669999999999874
205.433 0.283299999999997
205.751 0.16669999999999874
206.07 0.26670000000000016
206.388 0.1999999999999993
206.707 0.23329999999999984
207.025 0.23329999999999984
207.342 0.21669999999999945
207.66 0.23329999999999984
207.979 0.14999999999999858
208.297 0.16669999999999874
208.615 0.11669999999999803
208.934 0.16669999999999874
209.25 0.26670000000000016
209.569 0.18329999999999913
209.887 0.23329999999999984
210.205 0.08329999999999771
210.524 0.1999999999999993
210.842 0.18329999999999913
211.158 0.23329999999999984
211.477 0.14999999999999858
211.795 0.18329999999999913
212.113 0.14999999999999858
212.432 0.13329999999999842
212.75 0.23329999999999984
213.066 0.1999999999999993
213.385 0.18329999999999913
213.703 0.18329999999999913
214.021 0.23329999999999984
214.339 0.1999999999999993
214.656 0.21669999999999945
214.974 0.16669999999999874
215.292 0.14999999999999858
215.61 0.16669999999999874
215.926 0.21669999999999945
216.245 0.25
216.563 0.13329999999999842
216.881 0.26670000000000016
217.199 0.1999999999999993
217.515 0.14999999999999858
217.833 0.283299999999997
218.151 0.09999999999999787
218.469 0.283299999999997
218.785 0.18329999999999913
219.104 0.11669999999999803
219.422 0.26670000000000016
219.74 0.09999999999999787
220.056 0.23329999999999984
220.374 0.3332999999999977
220.692 0.18329999999999913
221.01 0.26670000000000016
221.326 0.13329999999999842
221.644 0.3166999999999973
221.962 0.14999999999999858
222.28 0.16669999999999874
222.596 0.283299999999997
222.914 0.18329999999999913
223.232 0.1999999999999993
223.547 0.29999999999999716
223.865 0.25
224.183 0.25
224.501 0.13329999999999842
224.817 0.29999999999999716
225.135 0.08329999999999771
225.453 0.26670000000000016
225.768 0.16669999999999874
226.086 0.14999999999999858
226.404 0.14999999999999858
226.722 0.14999999999999858
227.038 0.18329999999999913
227.355 0.23329999999999984
227.673 0.1999999999999993
227.989 0.25
228.307 0.18329999999999913
228.625 0.25
228.94 0.21669999999999945
229.258 0.18329999999999913
229.576 0.1999999999999993
229.891 0.29999999999999716
230.209 0.1999999999999993
230.527 0.11669999999999803
230.842 0.09999999999999787
231.16 0.16669999999999874
231.478 0.23329999999999984
231.793 0.1999999999999993
232.111 0.1999999999999993
232.428 0.16669999999999874
232.744 0.283299999999997
233.062 0.18329999999999913
233.379 0.16669999999999874
233.695 0.26670000000000016
234.012 0.18329999999999913
234.33 0.1999999999999993
234.645 0.1999999999999993
234.963 0.14999999999999858
235.278 0.25
235.596 0.21669999999999945
235.913 0.23329999999999984
236.229 0.14999999999999858
236.546 0.23329999999999984
236.864 0.13329999999999842
237.179 0.1999999999999993
237.497 0.25
237.812 0.06669999999999732
238.129 0.21669999999999945
238.447 0.23329999999999984
238.762 0.14999999999999858
239.08 0.23329999999999984
239.395 0.14999999999999858
239.712 0.26670000000000016
240.03 0.283299999999997
240.345 0.14999999999999858
240.662 0.3166999999999973
240.978 0.09999999999999787
241.295 0.26670000000000016
241.61 0.26670000000000016
241.927 0.34999999999999787
242.245 0.29999999999999716
242.56 0.1999999999999993
242.877 0.18329999999999913
243.192 0.283299999999997
243.51 0.1999999999999993
243.825 0.23329999999999984
244.142 0.1999999999999993
244.459 0.18329999999999913
244.774 0.23329999999999984
245.092 0.26670000000000016
245.407 0.18329999999999913
245.724 0.25
246.039 0.3166999999999973
246.356 0.21669999999999945
246.671 0.3166999999999973
246.988 0.21669999999999945
247.303 0.18329999999999913
247.62 0.21669999999999945
247.938 0.25
248.253 0.18329999999999913
248.57 0.1999999999999993
248.885 0.16669999999999874
249.202 0.366699999999998
249.517 0.11669999999999803
249.834 0.23329999999999984
250.149 0.25
250.466 0.29999999999999716
250.781 0.09999999999999787
251.098 0.18329999999999913
251.412 0.26670000000000016
251.729 0.18329999999999913
252.044 0.23329999999999984
252.361 0.18329999999999913
252.676 0.3332999999999977
252.993 0.23329999999999984
253.308 0.21669999999999945
253.625 0.18329999999999913
253.94 0.366699999999998
254.256 0.14999999999999858
254.571 0.26670000000000016
254.888 0.06669999999999732
255.203 0.14999999999999858
255.518 0.16669999999999874
255.834 0.21669999999999945
256.149 0.21669999999999945
256.466 0.21669999999999945
256.781 0.29999999999999716
257.097 0.23329999999999984
257.412 0.26670000000000016
257.729 0.25
258.044 0.18329999999999913
258.36 0.14999999999999858
258.675 0.21669999999999945
258.99 0.283299999999997
259.306 0.21669999999999945
259.621 0.13329999999999842
259.938 0.21669999999999945
260.252 0.23329999999999984
260.569 0.16669999999999874
260.883 0.18329999999999913
261.198 0.23329999999999984
261.515 0.13329999999999842
261.829 0.21669999999999945
262.146 0.16669999999999874
262.46 0.25
262.775 0.1999999999999993
263.091 0.3166999999999973
263.406 0.18329999999999913
263.723 0.09999999999999787
264.037 0.3332999999999977
264.354 0.13329999999999842
264.668 0.16669999999999874
264.982 0.14999999999999858
265.299 0.18329999999999913
265.613 0.16669999999999874
265.928 0.26670000000000016
266.244 0.14999999999999858
266.559 0.13329999999999842
266.875 0.25
267.189 0.14999999999999858
267.504 0.23329999999999984
267.82 0.26670000000000016
268.134 0.16669999999999874
268.449 0.3166999999999973
268.765 0.11669999999999803
269.079 0.21669999999999945
269.394 0.25
269.71 0.23329999999999984
270.024 0.11669999999999803
270.341 0.23329999999999984
270.655 0.16669999999999874
270.969 0.21669999999999945
271.286 0.25
271.6 0.25
271.914 0.23329999999999984
272.23 0.26670000000000016
272.544 0.1999999999999993
272.859 0.16669999999999874
273.175 0.21669999999999945
273.489 0.283299999999997
273.803 0.1999999999999993
274.119 0.14999999999999858
274.433 0.23329999999999984
274.747 0.1999999999999993
275.062 0.13329999999999842
275.378 0.21669999999999945
275.692 0.1999999999999993
276.006 0.29999999999999716
276.322 0.14999999999999858
276.636 0.1999999999999993
276.95 0.26670000000000016
277.266 0.29999999999999716
277.58 0.23329999999999984
277.894 0.18329999999999913
278.208 0.25
278.524 0.18329999999999913
278.838 0.34999999999999787
279.152 0.14999999999999858
279.468 0.26670000000000016
279.782 0.21669999999999945
280.096 0.25
280.41 0.21669999999999945
280.726 0.1999999999999993
281.04 0.26670000000000016
281.354 0.26670000000000016
281.668 0.1999999999999993
281.983 0.366699999999998
282.297 0.23329999999999984
282.611 0.18329999999999913
282.925 0.283299999999997
283.241 0.14999999999999858
283.555 0.29999999999999716
283.868 0.21669999999999945
284.182 0.29999999999999716
284.498 0.283299999999997
284.812 0.1999999999999993
285.126 0.23329999999999984
285.439 0.13329999999999842
285.753 0.26670000000000016
286.069 0.23329999999999984
286.383 0.21669999999999945
286.696 0.16669999999999874
287.01 0.18329999999999913
287.326 0.3832999999999984
287.639 0.16669999999999874
287.953 0.23329999999999984
288.267 0.21669999999999945
288.58 0.26670000000000016
288.896 0.25
289.21 0.25
289.523 0.3332999999999977
289.837 0.25
290.15 0.08329999999999771
290.466 0.1999999999999993
290.78 0.09999999999999787
291.093 0.21669999999999945
291.407 0.23329999999999984
291.72 0.3166999999999973
292.034 0.11669999999999803
292.349 0.25
292.663 0.283299999999997
292.976 0.14999999999999858
293.29 0.11669999999999803
293.603 0.26670000000000016
293.917 0.25
294.232 0.26670000000000016
294.546 0.25
294.859 0.18329999999999913
295.172 0.23329999999999984
295.486 0.09999999999999787
295.799 0.34999999999999787
296.113 0.21669999999999945
296.428 0.25
296.741 0.1999999999999993
297.055 0.21669999999999945
297.368 0.3166999999999973
297.681 0.1999999999999993
297.995 0.3332999999999977
298.308 0.26670000000000016
298.621 0.23329999999999984
298.937 0.283299999999997
299.25 0.1999999999999993
299.563 0.1999999999999993
299.876 0.21669999999999945
300.19 0.16669999999999874
300.503 0.366699999999998
300.816 0.21669999999999945
301.129 0.18329999999999913
301.442 0.29999999999999716
301.756 0.3166999999999973
302.071 0.3332999999999977
302.384 0.1999999999999993
302.697 0.3166999999999973
303.01 0.283299999999997
303.323 0.26670000000000016
303.637 0.18329999999999913
303.95 0.14999999999999858
304.263 0.21669999999999945
304.576 0.21669999999999945
304.889 0.23329999999999984
305.202 0.26670000000000016
305.515 0.3166999999999973
305.828 0.08329999999999771
306.141 0.23329999999999984
306.456 0.18329999999999913
306.769 0.283299999999997
307.082 0.18329999999999913
307.395 0.14999999999999858
307.708 0.23329999999999984
308.021 0.283299999999997
308.334 0.21669999999999945
308.647 0.1999999999999993
308.96 0.23329999999999984
309.273 0.29999999999999716
309.586 0.21669999999999945
309.899 0.21669999999999945
310.212 0.29999999999999716
310.525 0.23329999999999984
310.838 0.16669999999999874
311.15 0.1999999999999993
311.463 0.23329999999999984
311.776 0.21669999999999945
312.089 0.25
312.402 0.3166999999999973
312.715 0.18329999999999913
313.027 0.25
313.34 0.283299999999997
313.653 0.25
313.966 0.23329999999999984
314.278 0.11669999999999803
314.591 0.1999999999999993
314.904 0.21669999999999945
315.217 0.14999999999999858
315.529 0.21669999999999945
315.842 0.25
316.155 0.29999999999999716
316.467 0.26670000000000016
316.78 0.34999999999999787
317.093 0.1999999999999993
317.405 0.34999999999999787
317.718 0.21669999999999945
318.031 0.14999999999999858
318.343 0.26670000000000016
318.656 0.26670000000000016
318.969 0.3332999999999977
319.281 0.25
319.592 0.21669999999999945
319.904 0.26670000000000016
320.217 0.21669999999999945
320.529 0.18329999999999913
320.842 0.23329999999999984
321.154 0.23329999999999984
321.467 0.25
321.779 0.1999999999999993
322.092 0.3166999999999973
322.404 0.26670000000000016
322.717 0.26670000000000016
323.029 0.21669999999999945
323.342 0.3332999999999977
323.654 0.26670000000000016
323.965 0.29999999999999716
324.277 0.26670000000000016
324.589 0.25
324.902 0.23329999999999984
325.214 0.366699999999998
325.527 0.29999999999999716
325.839 0.34999999999999787
326.151 0.29999999999999716
326.464 0.3332999999999977
326.776 0.283299999999997
327.086 0.1999999999999993
327.399 0.21669999999999945
327.711 0.3832999999999984
328.023 0.3166999999999973
328.335 0.34999999999999787
328.648 0.283299999999997
328.96 0.29999999999999716
329.27 0.283299999999997
329.582 0.29999999999999716
329.895 0.366699999999998
330.207 0.29999999999999716
330.519 0.3332999999999977
330.831 0.3999999999999986
331.143 0.21669999999999945
331.454 0.3166999999999973
331.766 0.3332999999999977
332.078 0.3832999999999984
332.39 0.29999999999999716
332.702 0.29999999999999716
333.014 0.34999999999999787
333.326 0.3166999999999973
333.636 0.3832999999999984
333.948 0.283299999999997
334.261 0.1999999999999993
334.573 0.3832999999999984
334.885 0.34999999999999787
335.195 0.366699999999998
335.507 0.26670000000000016
335.819 0.26670000000000016
336.131 0.25
336.443 0.283299999999997
336.753 0.3832999999999984
337.065 0.25
337.377 0.29999999999999716
337.689 0.26670000000000016
338.001 0.23329999999999984
338.31 0.3332999999999977
338.622 0.21669999999999945
338.934 0.366699999999998
339.246 0.283299999999997
339.558 0.23329999999999984
339.868 0.14999999999999858
340.18 0.366699999999998
340.492 0.26670000000000016
340.804 0.3166999999999973
341.113 0.25
341.425 0.3166999999999973
341.737 0.3166999999999973
342.049 0.23329999999999984
342.361 0.21669999999999945
342.67 0.25
342.982 0.3332999999999977
343.294 0.3999999999999986
343.606 0.26670000000000016
343.915 0.23329999999999984
344.227 0.21669999999999945
344.539 0.3832999999999984
344.849 0.1999999999999993
345.16 0.283299999999997
345.472 0.21669999999999945
345.784 0.25
346.093 0.41669999999999874
346.405 0.3832999999999984
346.717 0.3832999999999984
347.028 0.25
347.338 0.23329999999999984
347.649 0.29999999999999716
347.961 0.21669999999999945
348.271 0.283299999999997
348.582 0.34999999999999787
348.894 0.34999999999999787
349.205 0.3166999999999973
349.515 0.23329999999999984
349.826 0.3332999999999977
350.138 0.283299999999997
350.447 0.3332999999999977
350.759 0.3999999999999986
351.07 0.23329999999999984
351.38 0.283299999999997
351.691 0.18329999999999913
352.003 0.283299999999997
352.312 0.25
352.624 0.366699999999998
352.935 0.3166999999999973
353.245 0.16669999999999874
353.556 0.21669999999999945
353.867 0.26670000000000016
354.177 0.3332999999999977
354.488 0.3332999999999977
354.799 0.3332999999999977
355.109 0.34999999999999787
355.42 0.18329999999999913
355.732 0.18329999999999913
356.041 0.25
356.352 0.25
356.663 0.3166999999999973
356.973 0.29999999999999716
357.284 0.16669999999999874
357.593 0.29999999999999716
357.905 0.3332999999999977
358.216 0.3166999999999973
358.525 0.283299999999997
358.836 0.366699999999998
359.147 0.29999999999999716
359.457 0.3166999999999973
359.768 0.23329999999999984
360.077 0.25
360.388 0.366699999999998
360.699 0.283299999999997
361.008 0.23329999999999984
361.32 0.43329999999999913
361.629 0.41669999999999874
361.94 0.14999999999999858
362.251 0.3166999999999973
362.56 0.21669999999999945
362.871 0.21669999999999945
363.18 0.3166999999999973
363.491 0.3332999999999977
363.8 0.23329999999999984
364.111 0.14999999999999858
364.422 0.283299999999997
364.731 0.21669999999999945
365.042 0.23329999999999984
365.351 0.16669999999999874
365.662 0.283299999999997
365.971 0.29999999999999716
366.282 0.16669999999999874
366.593 0.34999999999999787
366.902 0.3166999999999973
367.213 0.1999999999999993
367.522 0.29999999999999716
367.833 0.18329999999999913
368.142 0.283299999999997
368.453 0.23329999999999984
368.762 0.3166999999999973
369.073 0.26670000000000016
369.381 0.283299999999997
369.692 0.21669999999999945
370.001 0.1999999999999993
370.312 0.21669999999999945
370.623 0.3832999999999984
370.932 0.366699999999998
371.242 0.21669999999999945
371.551 0.3332999999999977
371.862 0.25
372.171 0.34999999999999787
372.482 0.16669999999999874
372.79 0.25
373.101 0.23329999999999984
373.41 0.1999999999999993
373.721 0.283299999999997
374.029 0.283299999999997
374.34 0.283299999999997
374.649 0.23329999999999984
374.959 0.18329999999999913
375.268 0.25
375.577 0.29999999999999716
375.887 0.25
376.196 0.26670000000000016
376.506 0.26670000000000016
376.815 0.3166999999999973
377.126 0.23329999999999984
377.434 0.25
377.745 0.26670000000000016
378.053 0.366699999999998
378.364 0.3166999999999973
378.672 0.23329999999999984
378.983 0.3166999999999973
379.292 0.23329999999999984
379.6 0.29999999999999716
379.911 0.23329999999999984
380.219 0.3166999999999973
380.53 0.26670000000000016
380.838 0.283299999999997
381.148 0.366699999999998
381.457 0.3166999999999973
381.767 0.3832999999999984
382.076 0.366699999999998
382.384 0.26670000000000016
382.695 0.25
383.003 0.3832999999999984
383.313 0.25
383.622 0.25
383.93 0.3166999999999973
384.24 0.3166999999999973
384.549 0.29999999999999716
384.859 0.4499999999999993
385.167 0.26670000000000016
385.476 0.366699999999998
385.786 0.3832999999999984
386.094 0.3832999999999984
386.405 0.26670000000000016
386.713 0.29999999999999716
387.021 0.29999999999999716
387.331 0.26670000000000016
387.64 0.3332999999999977
387.948 0.3332999999999977
388.258 0.3166999999999973
388.566 0.26670000000000016
388.877 0.29999999999999716
389.185 0.366699999999998
389.493 0.3332999999999977
389.803 0.29999999999999716
390.111 0.3832999999999984
390.419 0.43329999999999913
390.729 0.26670000000000016
391.038 0.34999999999999787
391.346 0.21669999999999945
391.656 0.3999999999999986
391.964 0.283299999999997
392.272 0.18329999999999913
392.582 0.34999999999999787
392.89 0.3999999999999986
393.198 0.26670000000000016
393.508 0.25
393.816 0.3166999999999973
394.124 0.41669999999999874
394.434 0.366699999999998
394.742 0.23329999999999984
395.05 0.23329999999999984
395.36 0.21669999999999945
395.668 0.3332999999999977
395.976 0.26670000000000016
396.286 0.29999999999999716
396.594 0.3166999999999973
396.902 0.25
397.21 0.26670000000000016
397.52 0.26670000000000016
397.828 0.3332999999999977
398.135 0.34999999999999787
398.445 0.14999999999999858
398.753 0.29999999999999716
399.061 0.283299999999997
399.369 0.3999999999999986
399.679 0.41669999999999874
399.987 0.25
400.294 0.34999999999999787
400.604 0.34999999999999787
400.912 0.34999999999999787
401.22 0.25
401.527 0.283299999999997
401.837 0.3999999999999986
402.145 0.43329999999999913
402.453 0.29999999999999716
402.76 0.3332999999999977
403.07 0.21669999999999945
403.378 0.46669999999999945
403.686 0.29999999999999716
403.993 0.533299999999997
404.303 0.3832999999999984
404.611 0.34999999999999787
404.918 0.533299999999997
405.226 0.3166999999999973
405.533 0.43329999999999913
405.843 0.43329999999999913
406.151 0.43329999999999913
406.458 0.3332999999999977
406.766 0.3332999999999977
407.076 0.3999999999999986
407.383 0.34999999999999787
407.691 0.3832999999999984
407.998 0.3999999999999986
408.306 0.3332999999999977
408.615 0.3332999999999977
408.923 0.3832999999999984
409.23 0.283299999999997
409.538 0.4499999999999993
409.845 0.3332999999999977
410.153 0.3832999999999984
410.462 0.533299999999997
410.77 0.43329999999999913
411.077 0.3832999999999984
411.384 0.5167000000000002
411.692 0.46669999999999945
412.001 0.43329999999999913
412.309 0.4499999999999993
412.616 0.48329999999999984
412.923 0.5167000000000002
413.231 0.4499999999999993
413.538 0.4499999999999993
413.845 0.366699999999998
414.155 0.5167000000000002
414.462 0.43329999999999913
414.769 0.5999999999999979
415.077 0.533299999999997
415.384 0.5167000000000002
415.691 0.5167000000000002
415.999 0.533299999999997
416.308 0.6832999999999991
416.615 0.6499999999999986
416.922 0.7166999999999994
417.23 0.5666999999999973
417.537 0.616699999999998
417.844 0.866699999999998
418.151 0.6332999999999984
418.458 0.8999999999999986
418.768 0.866699999999998
419.075 0.8332999999999977
419.382 0.8499999999999979
419.689 0.8166999999999973
419.996 0.9499999999999993
420.303 1.1499999999999986
420.61 1.033299999999997
420.918 1.0499999999999972
421.225 1.2667000000000002
421.532 1.2999999999999972
421.841 1.2166999999999994
422.148 1.1999999999999993
422.455 1.3832999999999984
422.762 1.3499999999999979
423.069 1.0832999999999977
423.376 1.2332999999999998
423.683 1.2166999999999994
423.99 1.0832999999999977
424.297 1.1499999999999986
424.604 1.1999999999999993
424.911 1.0499999999999972
425.218 1.0666999999999973
425.525 1.25
425.832 1.3999999999999986
426.139 1.1499999999999986
426.446 0.9832999999999998
426.753 0.8999999999999986
427.061 0.9666999999999994
427.368 1.0
427.675 0.8832999999999984
427.982 0.8499999999999979
428.289 0.6332999999999984
428.596 1.0
428.903 0.9666999999999994
429.209 0.783299999999997
429.516 0.6999999999999993
429.823 0.75
430.13 0.5832999999999977
430.437 0.5666999999999973
430.743 0.5167000000000002
431.05 0.6499999999999986
431.357 0.5666999999999973
431.664 0.6499999999999986
431.97 0.5
432.277 0.75
432.584 0.5
432.891 0.6832999999999991
433.197 0.5499999999999972
433.504 0.5
433.811 0.46669999999999945
434.117 0.6832999999999991
434.424 0.5167000000000002
434.731 0.533299999999997
435.037 0.4499999999999993
435.344 0.6499999999999986
435.65 0.41669999999999874
435.957 0.41669999999999874
436.262 0.5832999999999977
436.568 0.4499999999999993
436.875 0.6499999999999986
437.181 0.3332999999999977
437.488 0.5832999999999977
437.794 0.5
438.101 0.46669999999999945
438.407 0.3999999999999986
438.714 0.34999999999999787
439.02 0.43329999999999913
439.327 0.5167000000000002
439.633 0.34999999999999787
439.94 0.5
440.246 0.3832999999999984
440.553 0.5499999999999972
440.859 0.43329999999999913
441.163 0.29999999999999716
441.47 0.5167000000000002
441.776 0.5
442.083 0.3332999999999977
442.389 0.533299999999997
442.695 0.34999999999999787
443.002 0.3999999999999986
443.308 0.29999999999999716
443.614 0.3832999999999984
443.921 0.3832999999999984
444.225 0.3832999999999984
444.531 0.366699999999998
444.838 0.41669999999999874
445.144 0.34999999999999787
445.45 0.5666999999999973
445.757 0.3332999999999977
446.063 0.3999999999999986
446.369 0.3999999999999986
446.675 0.46669999999999945
446.979 0.3332999999999977
447.286 0.4499999999999993
447.592 0.46669999999999945
447.898 0.34999999999999787
448.204 0.3999999999999986
448.51 0.4499999999999993
448.817 0.3332999999999977
449.121 0.4499999999999993
449.427 0.3332999999999977
449.733 0.48329999999999984
450.039 0.3332999999999977
450.345 0.43329999999999913
450.651 0.3999999999999986
450.955 0.29999999999999716
451.261 0.34999999999999787
451.568 0.48329999999999984
451.874 0.5999999999999979
452.18 0.41669999999999874
452.486 0.5
452.79 0.3999999999999986
453.096 0.41669999999999874
453.402 0.41669999999999874
453.708 0.5
454.014 0.41669999999999874
454.318 0.34999999999999787
454.624 0.366699999999998
454.93 0.5666999999999973
455.236 0.3832999999999984
455.541 0.41669999999999874
455.845 0.3832999999999984
456.151 0.34999999999999787
456.457 0.41669999999999874
456.763 0.366699999999998
457.067 0.29999999999999716
457.373 0.29999999999999716
457.679 0.366699999999998
457.985 0.29999999999999716
458.29 0.4499999999999993
458.594 0.3166999999999973
458.9 0.3832999999999984
459.206 0.3832999999999984
459.512 0.29999999999999716
459.815 0.34999999999999787
460.121 0.41669999999999874
460.427 0.3166999999999973
460.733 0.41669999999999874
461.036 0.3332999999999977
461.342 0.46669999999999945
461.648 0.366699999999998
461.954 0.5167000000000002
462.257 0.3832999999999984
462.563 0.41669999999999874
462.869 0.25
463.172 0.3832999999999984
463.478 0.29999999999999716
463.784 0.3999999999999986
464.089 0.3166999999999973
464.393 0.29999999999999716
464.699 0.533299999999997
465.004 0.4499999999999993
465.308 0.283299999999997
465.613 0.34999999999999787
465.919 0.43329999999999913
466.225 0.3832999999999984
466.528 0.3166999999999973
466.834 0.3166999999999973
467.139 0.41669999999999874
467.443 0.25
467.748 0.3166999999999973
468.054 0.29999999999999716
468.357 0.21669999999999945
468.663 0.3832999999999984
468.968 0.3332999999999977
469.272 0.23329999999999984
469.577 0.3332999999999977
469.883 0.29999999999999716
470.186 0.43329999999999913
470.492 0.3166999999999973
470.797 0.41669999999999874
471.1 0.29999999999999716
471.406 0.5167000000000002
471.711 0.366699999999998
472.014 0.34999999999999787
472.32 0.3832999999999984
472.625 0.3832999999999984
472.929 0.5
473.234 0.43329999999999913
473.539 0.4499999999999993
473.843 0.4499999999999993
474.148 0.366699999999998
474.451 0.3999999999999986
474.756 0.3999999999999986
475.062 0.46669999999999945
475.365 0.41669999999999874
475.67 0.46669999999999945
475.973 0.5
476.279 0.5167000000000002
476.584 0.616699999999998
476.887 0.34999999999999787
477.192 0.6332999999999984
477.498 0.6832999999999991
477.801 0.75
478.106 0.7166999999999994
478.409 0.5666999999999973
478.714 0.7999999999999972
479.017 0.8832999999999984
479.322 0.9499999999999993
479.628 0.8832999999999984
479.931 0.6999999999999993
480.236 0.7667000000000002
480.539 1.0
480.844 0.7332999999999998
481.147 0.866699999999998
481.452 0.783299999999997
481.757 0.7166999999999994
482.06 0.75
482.365 0.8999999999999986
482.668 0.7667000000000002
482.973 0.6832999999999991
483.276 0.7166999999999994
483.581 0.6499999999999986
483.884 0.4499999999999993
484.189 0.616699999999998
484.494 0.6499999999999986
484.797 0.5167000000000002
485.102 0.3832999999999984
485.405 0.533299999999997
485.71 0.5167000000000002
486.013 0.3999999999999986
486.318 0.3832999999999984
486.621 0.366699999999998
486.925 0.4499999999999993
487.228 0.43329999999999913
487.533 0.533299999999997
487.836 0.3999999999999986
488.141 0.29999999999999716
488.444 0.43329999999999913
488.748 0.43329999999999913
489.051 0.43329999999999913
489.356 0.25
489.659 0.46669999999999945
489.964 0.41669999999999874
490.266 0.43329999999999913
490.571 0.366699999999998
490.874 0.29999999999999716
491.179 0.3166999999999973
491.481 0.41669999999999874
491.786 0.25
492.089 0.43329999999999913
492.393 0.37722761640561586
492.696 0.3804295171141234
493.001 0.3831845159169873
493.303 0.38159214466358904
493.606 0.37917014901836765
493.911 0.3857331206872239
494.213 0.37933707467652056
494.518 0.366699999999998
494.821 0.366699999999998
495.125 0.4499999999999993
495.428 0.14999999999999858
495.732 0.366699999999998
496.035 0.3832999999999984
496.337 0.29999999999999716
496.642 0.366699999999998
496.945 0.3332999999999977
497.249 0.3999999999999986
497.552 0.3999999999999986
497.856 0.283299999999997
498.159 0.34999999999999787
498.461 0.34999999999999787
498.766 0.3999999999999986
499.068 0.34999999999999787
499.372 0.3166999999999973
499.675 0.41669999999999874
499.977 0.3999999999999986
500.282 0.283299999999997
500.584 0.23329999999999984
500.889 0.4499999999999993
501.191 0.23329999999999984
501.493 0.283299999999997
501.798 0.283299999999997
502.1 0.29999999999999716
502.402 0.3332999999999977
502.707 0.283299999999997
503.009 0.34999999999999787
503.314 0.3166999999999973
503.616 0.41669999999999874
503.918 0.366699999999998
504.222 0.3332999999999977
504.525 0.25
504.827 0.29999999999999716
505.131 0.366699999999998
505.433 0.41669999999999874
505.736 0.3332999999999977
506.04 0.46669999999999945
506.342 0.26670000000000016
506.646 0.283299999999997
506.949 0.3166999999999973
507.251 0.23329999999999984
507.555 0.3832999999999984
507.857 0.34999999999999787
508.159 0.29999999999999716
508.461 0.283299999999997
508.766 0.25
509.068 0.366699999999998
509.37 0.34999999999999787
509.674 0.283299999999997
509.976 0.34999999999999787
510.278 0.3332999999999977
510.582 0.23329999999999984
510.884 0.366699999999998
511.186 0.23329999999999984
511.49 0.43329999999999913
511.792 0.3832999999999984
512.094 0.3832999999999984
512.396 0.41669999999999874
512.701 0.3832999999999984
513.003 0.26670000000000016
513.305 0.3166999999999973
513.609 0.46669999999999945
513.91 0.25
514.212 0.25
514.514 0.29999999999999716
514.818 0.29999999999999716
515.12 0.3166999999999973
515.422 0.3832999999999984
515.724 0.366699999999998
516.028 0.3332999999999977
516.33 0.283299999999997
516.632 0.34999999999999787
516.934 0.29999999999999716
517.237 0.26670000000000016
517.539 0.4499999999999993
517.841 0.29999999999999716
518.143 0.29999999999999716
518.447 0.29999999999999716
518.749 0.283299999999997
519.05 0.3166999999999973
519.352 0.25
519.656 0.4499999999999993
519.958 0.3832999999999984
520.26 0.366699999999998
520.561 0.29999999999999716
520.863 0.3999999999999986
521.167 0.4499999999999993
521.468 0.34999999999999787
521.77 0.16669999999999874
522.072 0.43329999999999913
522.376 0.3832999999999984
522.677 0.43329999999999913
522.979 0.26670000000000016
523.281 0.366699999999998
523.582 0.3332999999999977
523.884 0.3999999999999986
524.187 0.29999999999999716
524.489 0.25
524.791 0.29999999999999716
525.092 0.5
525.394 0.3332999999999977
525.697 0.3166999999999973
525.999 0.43329999999999913
526.301 0.3166999999999973
526.602 0.4499999999999993
526.904 0.21669999999999945
527.205 0.283299999999997
527.507 0.46669999999999945
527.81 0.34999999999999787
528.112 0.46669999999999945
528.413 0.3166999999999973
528.715 0.1999999999999993
529.016 0.26670000000000016
529.318 0.18329999999999913
529.619 0.3832999999999984
529.922 0.26670000000000016
530.224 0.3832999999999984
530.525 0.3166999999999973
530.827 0.3832999999999984
531.128 0.3166999999999973
531.429 0.283299999999997
531.731 0.3332999999999977
532.032 0.41669999999999874
532.336 0.3332999999999977
532.637 0.283299999999997
532.938 0.43329999999999913
533.24 0.366699999999998
533.541 0.3332999999999977
533.842 0.23329999999999984
534.143 0.366699999999998
534.445 0.25
534.746 0.46669999999999945
535.047 0.41669999999999874
535.351 0.4499999999999993
535.652 0.366699999999998
535.953 0.3832999999999984
536.254 0.3332999999999977
536.555 0.34999999999999787
536.857 0.25
537.158 0.41669999999999874
537.459 0.29999999999999716
537.76 0.366699999999998
538.061 0.14999999999999858
538.362 0.3332999999999977
538.664 0.34999999999999787
538.965 0.3832999999999984
539.266 0.366699999999998
539.567 0.4499999999999993
539.868 0.3332999999999977
540.169 0.4499999999999993
540.472 0.25
540.773 0.34999999999999787
541.074 0.26670000000000016
541.375 0.533299999999997
541.677 0.1999999999999993
541.978 0.34999999999999787
542.279 0.3332999999999977
542.58 0.366699999999998
542.881 0.4499999999999993
543.182 0.43329999999999913
543.483 0.366699999999998
543.784 0.34999999999999787
544.085 0.3166999999999973
544.385 0.29999999999999716
544.686 0.3999999999999986
544.987 0.23329999999999984
545.288 0.3332999999999977
545.589 0.366699999999998
545.89 0.5167000000000002
546.191 0.26670000000000016
546.492 0.5167000000000002
546.793 0.3166999999999973
547.094 0.3332999999999977
547.394 0.3832999999999984
547.695 0.3166999999999973
547.996 0.3166999999999973
548.297 0.43329999999999913
548.596 0.3832999999999984
548.897 0.41669999999999874
549.197 0.3832999999999984
549.498 0.5
549.799 0.41669999999999874
550.1 0.3999999999999986
550.4 0.3332999999999977
550.701 0.46669999999999945
551.002 0.34999999999999787
551.303 0.5499999999999972
551.603 0.46669999999999945
551.904 0.366699999999998
552.205 0.3166999999999973
552.505 0.6666999999999987
552.806 0.5
553.107 0.5167000000000002
553.407 0.6499999999999986
553.706 0.5167000000000002
554.007 0.5666999999999973
554.307 0.5666999999999973
554.608 0.533299999999997
554.909 0.5499999999999972
555.209 0.533299999999997
555.51 0.5666999999999973
555.81 0.5832999999999977
556.111 0.5666999999999973
556.411 0.48329999999999984
556.71 0.5167000000000002
557.01 0.46669999999999945
557.311 0.6999999999999993
557.612 0.3332999999999977
557.912 0.616699999999998
558.213 0.533299999999997
558.513 0.5499999999999972
558.813 0.4499999999999993
559.112 0.43329999999999913
559.412 0.4499999999999993
559.713 0.3999999999999986
560.013 0.48329999999999984
560.314 0.3332999999999977
560.614 0.4499999999999993
560.914 0.43329999999999913
561.213 0.5
561.513 0.5
561.814 0.3832999999999984
562.114 0.3999999999999986
562.414 0.46669999999999945
562.715 0.46669999999999945
563.015 0.3999999999999986
563.313 0.48329999999999984
563.614 0.366699999999998
563.914 0.41669999999999874
564.214 0.29999999999999716
564.515 0.3166999999999973
564.813 0.46669999999999945
565.113 0.3999999999999986
565.413 0.48329999999999984
565.714 0.34999999999999787
566.014 0.3999999999999986
566.312 0.26670000000000016
566.612 0.3832999999999984
566.912 0.4499999999999993
567.213 0.43329999999999913
567.513 0.26670000000000016
567.811 0.29999999999999716
568.111 0.3332999999999977
568.411 0.41669999999999874
568.712 0.43329999999999913
569.012 0.366699999999998
569.31 0.283299999999997
569.61 0.3832999999999984
569.91 0.366699999999998
570.21 0.29999999999999716
570.508 0.3999999999999986
570.808 0.34999999999999787
571.108 0.3832999999999984
571.408 0.43329999999999913
571.706 0.3166999999999973
572.006 0.3166999999999973
572.306 0.26670000000000016
572.607 0.283299999999997
572.904 0.34999999999999787
573.204 0.34999999999999787
573.505 0.25
573.805 0.48329999999999984
574.102 0.3832999999999984
574.402 0.29999999999999716
574.702 0.3166999999999973
575.002 0.3832999999999984
575.3 0.283299999999997
575.6 0.41669999999999874
575.9 0.1999999999999993
576.198 0.4499999999999993
576.498 0.46669999999999945
576.798 0.3999999999999986
577.098 0.3166999999999973
577.395 0.3999999999999986
577.695 0.3166999999999973
577.995 0.3832999999999984
578.293 0.3166999999999973
578.593 0.3332999999999977
578.893 0.366699999999998
579.19 0.41669999999999874
579.49 0.3332999999999977
579.79 0.3332999999999977
580.088 0.3332999999999977
580.387 0.29999999999999716
580.687 0.34999999999999787
580.985 0.366699999999998
581.285 0.25
581.584 0.3999999999999986
581.882 0.283299999999997
582.182 0.34999999999999787
582.482 0.3332999999999977
582.779 0.34999999999999787
583.079 0.3832999999999984
583.378 0.21669999999999945
583.676 0.34999999999999787
583.976 0.26670000000000016
584.275 0.3332999999999977
584.573 0.23329999999999984
584.873 0.366699999999998
585.17 0.366699999999998
585.47 0.283299999999997
585.769 0.3999999999999986
586.067 0.43329999999999913
586.367 0.3332999999999977
586.666 0.3832999999999984
586.964 0.3166999999999973
587.263 0.283299999999997
587.561 0.366699999999998
587.86 0.3332999999999977
588.16 0.4499999999999993
588.457 0.1999999999999993
588.757 0.366699999999998
589.054 0.34999999999999787
589.354 0.3332999999999977
589.653 0.26670000000000016
589.951 0.366699999999998
590.25 0.366699999999998
590.547 0.366699999999998
590.847 0.3332999999999977
591.144 0.34999999999999787
591.444 0.283299999999997
591.743 0.46669999999999945
592.04 0.3166999999999973
592.34 0.26670000000000016
592.637 0.5167000000000002
592.936 0.43329999999999913
593.234 0.23329999999999984
593.533 0.29999999999999716
593.832 0.283299999999997
594.13 0.3166999999999973
594.429 0.41669999999999874
594.726 0.3832999999999984
595.026 0.25
595.323 0.283299999999997
595.622 0.34999999999999787
595.919 0.3832999999999984
596.219 0.29999999999999716
596.516 0.34999999999999787
596.815 0.26670000000000016
597.112 0.3332999999999977
597.411 0.48329999999999984
597.709 0.25
598.008 0.34999999999999787
598.305 0.34999999999999787
598.604 0.3999999999999986
598.901 0.41669999999999874
599.2 0.366699999999998
599.497 0.26670000000000016
599.797 0.3832999999999984
600.094 0.3832999999999984
600.393 0.3166999999999973
600.69 0.18329999999999913
600.989 0.3332999999999977
601.286 0.41669999999999874
601.585 0.3832999999999984
601.882 0.41669999999999874
602.181 0.366699999999998
602.478 0.29999999999999716
602.777 0.3332999999999977
603.074 0.3166999999999973
603.373 0.43329999999999913
603.67 0.3999999999999986
603.969 0.3832999999999984
604.266 0.3332999999999977
604.563 0.366699999999998
604.862 0.34999999999999787
605.159 0.3999999999999986
605.458 0.29999999999999716
605.755 0.43329999999999913
606.054 0.3332999999999977
606.351 0.26670000000000016
606.65 0.3166999999999973
606.946 0.5
607.243 0.5167000000000002
607.542 0.533299999999997
607.839 0.43329999999999913
608.138 0.3832999999999984
608.435 0.533299999999997
608.732 0.4499999999999993
609.03 0.5
609.327 0.34999999999999787
609.626 0.48329999999999984
609.923 0.34999999999999787
610.22 0.46669999999999945
610.518 0.43329999999999913
610.815 0.43329999999999913
611.114 0.5832999999999977
611.411 0.48329999999999984
611.707 0.43329999999999913
612.006 0.4499999999999993
612.303 0.46669999999999945
612.601 0.533299999999997
612.898 0.4499999999999993
613.195 0.41669999999999874
613.493 0.3832999999999984
613.79 0.4499999999999993
614.087 0.4499999999999993
614.385 0.46669999999999945
614.682 0.5832999999999977
614.979 0.46669999999999945
615.277 0.5499999999999972
615.574 0.48329999999999984
615.87 0.5167000000000002
616.169 0.3832999999999984
616.466 0.46669999999999945
616.764 0.3166999999999973
617.061 0.5666999999999973
617.357 0.41669999999999874
617.656 0.5499999999999972
617.952 0.3332999999999977
618.249 0.283299999999997
618.545 0.41669999999999874
618.844 0.283299999999997
619.14 0.366699999999998
619.437 0.41669999999999874
619.735 0.34999999999999787
620.032 0.3166999999999973
620.328 0.3832999999999984
620.626 0.4499999999999993
620.923 0.283299999999997
621.219 0.34999999999999787
621.518 0.366699999999998
621.814 0.3999999999999986
622.11 0.5
622.407 0.3832999999999984
622.705 0.3999999999999986
623.002 0.3999999999999986
623.298 0.34999999999999787
623.594 0.34999999999999787
623.893 0.3332999999999977
624.189 0.26670000000000016
624.485 0.26670000000000016
624.784 0.3166999999999973
625.08 0.29999999999999716
625.376 0.366699999999998
625.672 0.3332999999999977
625.971 0.25
626.267 0.3332999999999977
626.563 0.3332999999999977
626.859 0.29999999999999716
627.158 0.3332999999999977
627.454 0.3999999999999986
627.75 0.48329999999999984
628.046 0.43329999999999913
628.342 0.283299999999997
628.641 0.41669999999999874
628.937 0.4499999999999993
629.233 0.46669999999999945
629.529 0.34999999999999787
629.827 0.3832999999999984
630.123 0.366699999999998
630.419 0.283299999999997
630.715 0.283299999999997
631.011 0.3832999999999984
631.31 0.34999999999999787
631.606 0.29999999999999716
631.902 0.3332999999999977
632.198 0.5
632.494 0.3999999999999986
632.792 0.21669999999999945
633.088 0.1999999999999993
633.384 0.3999999999999986
633.68 0.4499999999999993
633.976 0.4499999999999993
634.272 0.41669999999999874
634.57 0.43329999999999913
634.866 0.34999999999999787
635.162 0.29999999999999716
635.458 0.43329999999999913
635.754 0.25
636.05 0.46669999999999945
636.347 0.283299999999997
636.643 0.283299999999997
636.939 0.3999999999999986
637.235 0.21669999999999945
637.531 0.3332999999999977
637.827 0.43329999999999913
638.123 0.3999999999999986
638.421 0.29999999999999716
638.716 0.26670000000000016
639.012 0.3332999999999977
639.308 0.283299999999997
639.604 0.5
639.9 0.4499999999999993
640.195 0.3166999999999973
640.491 0.34999999999999787
640.789 0.3832999999999984
641.085 0.25
641.381 0.21669999999999945
641.676 0.283299999999997
641.972 0.43329999999999913
642.268 0.29999999999999716
642.563 0.3166999999999973
642.859 0.34999999999999787
643.155 0.3166999999999973
643.451 0.3832999999999984
643.746 0.3332999999999977
644.044 0.34999999999999787
644.34 0.34999999999999787
644.635 0.23329999999999984
644.931 0.4499999999999993
645.227 0.3332999999999977
645.522 0.3832999999999984
645.818 0.366699999999998
646.113 0.366699999999998
646.409 0.4499999999999993
646.704 0.3332999999999977
647.0 0.43329999999999913
647.296 0.29999999999999716
647.591 0.3832999999999984
647.887 0.3166999999999973
648.182 0.3332999999999977
648.478 0.3332999999999977
648.773 0.43329999999999913
649.069 0.3999999999999986
649.366 0.41669999999999874
649.662 0.3166999999999973
649.957 0.41669999999999874
650.253 0.3166999999999973
650.548 0.26670000000000016
650.844 0.41669999999999874
651.139 0.3166999999999973
651.434 0.3999999999999986
651.73 0.4499999999999993
652.025 0.3999999999999986
652.321 0.34999999999999787
652.616 0.283299999999997
652.911 0.366699999999998
653.207 0.3332999999999977
653.502 0.4499999999999993
653.797 0.43329999999999913
654.093 0.43329999999999913
654.388 0.5167000000000002
654.683 0.41669999999999874
654.979 0.41669999999999874
655.274 0.46669999999999945
655.567 0.5
655.863 0.41669999999999874
656.158 0.48329999999999984
656.453 0.5832999999999977
656.748 0.5666999999999973
657.044 0.6499999999999986
657.339 0.6666999999999987
657.634 0.5
657.929 0.5666999999999973
658.224 0.46669999999999945
658.52 0.5167000000000002
658.815 0.5
659.11 0.6499999999999986
659.405 0.6666999999999987
659.7 0.533299999999997
659.995 0.616699999999998
660.291 0.533299999999997
660.586 0.5499999999999972
660.879 0.6999999999999993
661.174 0.5499999999999972
661.469 0.48329999999999984
661.764 0.7332999999999998
662.059 0.6499999999999986
662.354 0.6832999999999991
662.649 0.7667000000000002
662.944 0.5167000000000002
663.239 0.4499999999999993
663.534 0.5
663.83 0.48329999999999984
664.122 0.46669999999999945
664.417 0.6499999999999986
664.713 0.5999999999999979
665.008 0.4499999999999993
665.302 0.5499999999999972
665.597 0.5167000000000002
665.892 0.283299999999997
666.187 0.48329999999999984
666.48 0.46669999999999945
666.775 0.3999999999999986
667.07 0.3166999999999973
667.365 0.41669999999999874
667.66 0.3832999999999984
667.955 0.46669999999999945
668.25 0.5
668.542 0.283299999999997
668.837 0.3832999999999984
669.132 0.533299999999997
669.427 0.3332999999999977
669.722 0.46669999999999945
670.017 0.3999999999999986
670.31 0.46669999999999945
670.604 0.5167000000000002
670.899 0.34999999999999787
671.194 0.366699999999998
671.489 0.3166999999999973
671.783 0.41669999999999874
672.076 0.3166999999999973
672.371 0.3832999999999984
672.666 0.43329999999999913
672.96 0.3332999999999977
673.255 0.3832999999999984
673.548 0.3999999999999986
673.842 0.3166999999999973
674.137 0.3999999999999986
674.432 0.29999999999999716
674.727 0.3999999999999986
675.019 0.3166999999999973
675.314 0.48329999999999984
675.608 0.29999999999999716
675.903 0.48329999999999984
676.196 0.366699999999998
676.49 0.4499999999999993
676.785 0.46669999999999945
677.079 0.3166999999999973
677.374 0.43329999999999913
677.667 0.366699999999998
677.961 0.3332999999999977
678.256 0.21669999999999945
678.55 0.3999999999999986
678.843 0.29999999999999716
679.137 0.41669999999999874
679.432 0.3999999999999986
679.726 0.283299999999997
680.019 0.3999999999999986
680.313 0.3166999999999973
680.608 0.34999999999999787
680.902 0.3332999999999977
681.195 0.23329999999999984
681.489 0.29999999999999716
681.784 0.34999999999999787
682.076 0.34999999999999787
682.37 0.3999999999999986
682.665 0.283299999999997
682.959 0.3166999999999973
683.252 0.3332999999999977
683.546 0.41669999999999874
683.84 0.3332999999999977
684.133 0.3166999999999973
684.427 0.26670000000000016
684.721 0.3332999999999977
685.014 0.4499999999999993
685.308 0.283299999999997
685.602 0.43329999999999913
685.895 0.283299999999997
686.189 0.3332999999999977
686.483 0.3166999999999973
686.778 0.3999999999999986
687.07 0.41669999999999874
687.364 0.3332999999999977
687.658 0.4499999999999993
687.951 0.43329999999999913
688.245 0.26670000000000016
688.537 0.34999999999999787
688.831 0.3832999999999984
689.125 0.3332999999999977
689.418 0.3999999999999986
689.712 0.29999999999999716
690.006 0.3332999999999977
690.298 0.3999999999999986
690.592 0.34999999999999787
690.886 0.41669999999999874
691.178 0.41669999999999874
691.473 0.29999999999999716
691.767 0.366699999999998
692.059 0.366699999999998
692.353 0.41669999999999874
692.645 0.3166999999999973
692.939 0.3332999999999977
693.233 0.3332999999999977
693.525 0.34999999999999787
693.819 0.3332999999999977
694.111 0.3999999999999986
694.405 0.3832999999999984
694.699 0.21669999999999945
694.991 0.3332999999999977
695.285 0.3832999999999984
695.577 0.3999999999999986
695.871 0.34999999999999787
696.165 0.3166999999999973
696.457 0.26670000000000016
696.751 0.3166999999999973
697.043 0.366699999999998
697.337 0.43329999999999913
697.629 0.366699999999998
697.923 0.43329999999999913
698.217 0.34999999999999787
698.509 0.25
698.802 0.29999999999999716
699.094 0.26670000000000016
699.388 0.3166999999999973
699.68 0.26670000000000016
699.974 0.3166999999999973
700.266 0.3832999999999984
700.56 0.366699999999998
700.853 0.34999999999999787
701.145 0.3166999999999973
701.439 0.3166999999999973
701.731 0.34999999999999787
702.025 0.29999999999999716
702.316 0.366699999999998
702.61 0.3332999999999977
702.902 0.3332999999999977
703.196 0.23329999999999984
703.487 0.3832999999999984
703.781 0.34999999999999787
704.073 0.46669999999999945
704.367 0.29999999999999716
704.658 0.3332999999999977
704.952 0.34999999999999787
705.244 0.4499999999999993
705.537 0.3332999999999977
705.829 0.283299999999997
706.122 0.34999999999999787
706.414 0.34999999999999787
706.708 0.3166999999999973
706.999 0.3332999999999977
707.293 0.3166999999999973
