# Created: 2019-11-28 13:05:41.152668
# rshift intensity
76.1738 0.3000000000000007
76.4989 0.28330000000000055
76.824 0.18329999999999913
77.1491 0.16659999999999897
77.4721 0.1999999999999993
77.7972 0.3000000000000007
78.1223 0.16659999999999897
78.4474 0.09999999999999787
78.7724 0.13329999999999842
79.0975 0.16659999999999897
79.4204 0.11659999999999826
79.7454 0.08329999999999771
80.0704 0.13329999999999842
80.3954 0.14999999999999858
80.7204 0.09999999999999787
81.0454 0.11659999999999826
81.3682 0.08329999999999771
81.6931 0.1999999999999993
82.0181 0.016600000000000392
82.343 0.18329999999999913
82.6679 0.11659999999999826
82.9907 0.0
83.3156 0.06659999999999755
83.6405 0.1999999999999993
83.9654 0.13329999999999842
84.2903 0.09999999999999787
84.613 0.1999999999999993
84.9378 0.18329999999999913
85.2626 0.21659999999999968
85.5875 0.09999999999999787
85.9101 0.14999999999999858
86.2349 0.11659999999999826
86.5597 0.13329999999999842
86.8845 0.06659999999999755
87.2093 0.06659999999999755
87.5319 0.13329999999999842
87.8566 0.16659999999999897
88.1814 0.18329999999999913
88.5061 0.05000000000000071
88.8286 0.14999999999999858
89.1533 0.14999999999999858
89.478 0.16659999999999897
89.8027 0.14999999999999858
90.1252 0.13329999999999842
90.4499 0.11659999999999826
90.7745 0.14999999999999858
91.0992 0.1999999999999993
91.4216 0.13329999999999842
91.7462 0.13329999999999842
92.0708 0.13329999999999842
92.3954 0.16659999999999897
92.7179 0.18329999999999913
93.0424 0.1999999999999993
93.367 0.11659999999999826
93.6915 0.13329999999999842
94.0139 0.14999999999999858
94.3384 0.11659999999999826
94.6629 0.16659999999999897
94.9853 0.14999999999999858
95.3098 0.11659999999999826
95.6342 0.11659999999999826
95.9587 0.18329999999999913
96.281 0.16659999999999897
96.6055 0.14999999999999858
96.9299 0.1999999999999993
97.2522 0.05000000000000071
97.5766 0.09999999999999787
97.901 0.13329999999999842
98.2232 0.08329999999999771
98.5476 0.09999999999999787
98.8719 0.13329999999999842
99.1942 0.1999999999999993
99.5185 0.14999999999999858
99.8428 0.11659999999999826
100.165 0.13329999999999842
100.489 0.09999999999999787
100.814 0.16659999999999897
101.136 0.11659999999999826
101.46 0.13329999999999842
101.784 0.09999999999999787
102.106 0.09999999999999787
102.431 0.21659999999999968
102.755 0.13329999999999842
103.077 0.14999999999999858
103.401 0.13329999999999842
103.725 0.05000000000000071
104.047 0.18329999999999913
104.372 0.21659999999999968
104.696 0.25
105.018 0.2666000000000004
105.342 0.14999999999999858
105.666 0.13329999999999842
105.988 0.11659999999999826
106.312 0.21659999999999968
106.634 0.14999999999999858
106.958 0.2666000000000004
107.282 0.18329999999999913
107.604 0.1999999999999993
107.928 0.1999999999999993
108.252 0.23329999999999984
108.574 0.11659999999999826
108.898 0.16659999999999897
109.22 0.14999999999999858
109.544 0.16659999999999897
109.868 0.13329999999999842
110.19 0.09999999999999787
110.514 0.09999999999999787
110.836 0.13329999999999842
111.159 0.16659999999999897
111.483 0.21659999999999968
111.805 0.18329999999999913
112.129 0.09999999999999787
112.451 0.016600000000000392
112.775 0.13329999999999842
113.096 0.11659999999999826
113.42 0.09999999999999787
113.744 0.13329999999999842
114.066 0.03330000000000055
114.39 0.18329999999999913
114.711 0.14999999999999858
115.035 0.11659999999999826
115.357 0.14999999999999858
115.681 0.08329999999999771
116.004 0.11659999999999826
116.326 0.06659999999999755
116.65 0.13329999999999842
116.971 0.11659999999999826
117.295 0.13329999999999842
117.617 0.09999999999999787
117.94 0.11659999999999826
118.262 0.06659999999999755
118.586 0.13329999999999842
118.907 0.11659999999999826
119.231 0.16659999999999897
119.554 0.1999999999999993
119.876 0.14999999999999858
120.199 0.1999999999999993
120.521 0.09999999999999787
120.845 0.14999999999999858
121.166 0.08329999999999771
121.49 0.16659999999999897
121.811 0.23329999999999984
122.135 0.09999999999999787
122.456 0.08329999999999771
122.78 0.09999999999999787
123.101 0.1999999999999993
123.424 0.13329999999999842
123.746 0.09999999999999787
124.069 0.23329999999999984
124.391 0.21659999999999968
124.714 0.18329999999999913
125.035 0.21659999999999968
125.359 0.13329999999999842
125.68 0.11659999999999826
126.004 0.13329999999999842
126.325 0.23329999999999984
126.648 0.16659999999999897
126.97 0.18329999999999913
127.291 0.25
127.614 0.06659999999999755
127.935 0.25
128.259 0.16659999999999897
128.58 0.13329999999999842
128.903 0.18329999999999913
129.224 0.1999999999999993
129.548 0.21659999999999968
129.869 0.16659999999999897
130.192 0.21659999999999968
130.513 0.1999999999999993
130.834 0.21659999999999968
131.158 0.2666000000000004
131.479 0.1999999999999993
131.802 0.13329999999999842
132.123 0.25
132.446 0.16659999999999897
132.767 0.18329999999999913
133.09 0.14999999999999858
133.411 0.13329999999999842
133.733 0.16659999999999897
134.056 0.14999999999999858
134.377 0.14999999999999858
134.7 0.09999999999999787
135.021 0.16659999999999897
135.342 0.16659999999999897
135.665 0.16659999999999897
135.986 0.08329999999999771
136.309 0.13329999999999842
136.63 0.14999999999999858
136.951 0.14999999999999858
137.274 0.11659999999999826
137.595 0.16659999999999897
137.918 0.11659999999999826
138.238 0.25
138.559 0.16659999999999897
138.882 0.21659999999999968
139.203 0.13329999999999842
139.526 0.18329999999999913
139.847 0.1999999999999993
140.168 0.16659999999999897
140.491 0.14999999999999858
140.811 0.16659999999999897
141.132 0.06659999999999755
141.455 0.2666000000000004
141.776 0.11659999999999826
142.097 0.14999999999999858
142.419 0.23329999999999984
142.74 0.16659999999999897
143.061 0.21659999999999968
143.384 0.18329999999999913
143.704 0.18329999999999913
144.027 0.13329999999999842
144.348 0.13329999999999842
144.668 0.06659999999999755
144.991 0.13329999999999842
145.312 0.11659999999999826
145.632 0.25
145.955 0.16659999999999897
146.276 0.23329999999999984
146.596 0.14999999999999858
146.917 0.18329999999999913
147.24 0.16659999999999897
147.56 0.03330000000000055
147.881 0.13329999999999842
148.203 0.23329999999999984
148.524 0.18329999999999913
148.844 0.18329999999999913
149.167 0.1999999999999993
149.487 0.14999999999999858
149.808 0.13329999999999842
150.131 0.11659999999999826
150.451 0.08329999999999771
150.771 0.11659999999999826
151.092 0.13329999999999842
151.414 0.14999999999999858
151.735 0.21659999999999968
152.055 0.18329999999999913
152.378 0.18329999999999913
152.698 0.14999999999999858
153.018 0.05000000000000071
153.339 0.08329999999999771
153.661 0.08329999999999771
153.982 0.08329999999999771
154.302 0.11659999999999826
154.622 0.06659999999999755
154.945 0.13329999999999842
155.265 0.25
155.585 0.25
155.905 0.21659999999999968
156.228 0.08329999999999771
156.548 0.23329999999999984
156.868 0.13329999999999842
157.188 0.16659999999999897
157.511 0.18329999999999913
157.831 0.06659999999999755
158.151 0.18329999999999913
158.471 0.11659999999999826
158.794 0.21659999999999968
159.114 0.13329999999999842
159.434 0.14999999999999858
159.754 0.21659999999999968
160.074 0.16659999999999897
160.396 0.09999999999999787
160.717 0.11659999999999826
161.037 0.08329999999999771
161.357 0.23329999999999984
161.679 0.18329999999999913
161.999 0.13329999999999842
162.319 0.13329999999999842
162.639 0.11659999999999826
162.959 0.09999999999999787
163.281 0.09999999999999787
163.601 0.1999999999999993
163.921 0.13329999999999842
164.241 0.09999999999999787
164.561 0.11659999999999826
164.881 0.18329999999999913
165.203 0.23329999999999984
165.523 0.14999999999999858
165.843 0.16659999999999897
166.163 0.1999999999999993
166.483 0.21659999999999968
166.803 0.13329999999999842
167.125 0.21659999999999968
167.445 0.23329999999999984
167.764 0.16659999999999897
168.084 0.18329999999999913
168.404 0.18329999999999913
168.724 0.13329999999999842
169.046 0.13329999999999842
169.366 0.16659999999999897
169.685 0.11659999999999826
170.005 0.1999999999999993
170.325 0.1999999999999993
170.645 0.13329999999999842
170.964 0.16659999999999897
171.286 0.18329999999999913
171.606 0.21659999999999968
171.926 0.1999999999999993
172.245 0.18329999999999913
172.565 0.09999999999999787
172.885 0.11659999999999826
173.204 0.14999999999999858
173.524 0.14999999999999858
173.846 0.25
174.166 0.25
174.485 0.13329999999999842
174.805 0.16659999999999897
175.124 0.28330000000000055
175.444 0.11659999999999826
175.764 0.14999999999999858
176.083 0.18329999999999913
176.403 0.16659999999999897
176.722 0.13329999999999842
177.044 0.14999999999999858
177.363 0.1999999999999993
177.683 0.1999999999999993
178.002 0.1999999999999993
178.322 0.09999999999999787
178.641 0.14999999999999858
178.961 0.18329999999999913
179.28 0.13329999999999842
179.6 0.16659999999999897
179.919 0.18329999999999913
180.239 0.09999999999999787
180.558 0.25
180.877 0.16659999999999897
181.197 0.16659999999999897
181.516 0.08329999999999771
181.838 0.14999999999999858
182.157 0.18329999999999913
182.476 0.11659999999999826
182.796 0.1999999999999993
183.115 0.13329999999999842
183.434 0.18329999999999913
183.754 0.18329999999999913
184.073 0.13329999999999842
184.392 0.1999999999999993
184.712 0.11659999999999826
185.031 0.13329999999999842
185.35 0.18329999999999913
185.669 0.14999999999999858
185.989 0.14999999999999858
186.308 0.14999999999999858
186.627 0.14999999999999858
186.946 0.13329999999999842
187.265 0.11659999999999826
187.585 0.11659999999999826
187.904 0.21659999999999968
188.223 0.1999999999999993
188.542 0.14999999999999858
188.861 0.13329999999999842
189.18 0.23329999999999984
189.499 0.16659999999999897
189.818 0.14999999999999858
190.138 0.16659999999999897
190.457 0.08329999999999771
190.776 0.18329999999999913
191.095 0.14999999999999858
191.414 0.14999999999999858
191.733 0.13329999999999842
192.052 0.16659999999999897
192.371 0.08329999999999771
192.69 0.11659999999999826
193.009 0.14999999999999858
193.328 0.13329999999999842
193.647 0.18329999999999913
193.966 0.1999999999999993
194.285 0.14999999999999858
194.602 0.18329999999999913
194.92 0.08329999999999771
195.239 0.14999999999999858
195.558 0.21659999999999968
195.877 0.1999999999999993
196.196 0.18329999999999913
196.515 0.16659999999999897
196.834 0.16659999999999897
197.153 0.2666000000000004
197.471 0.14999999999999858
197.79 0.1999999999999993
198.109 0.14999999999999858
198.428 0.14999999999999858
198.747 0.23329999999999984
199.065 0.16659999999999897
199.382 0.14999999999999858
199.701 0.16659999999999897
200.02 0.16659999999999897
200.338 0.18329999999999913
200.657 0.21659999999999968
200.976 0.16659999999999897
201.295 0.14999999999999858
201.613 0.14999999999999858
201.932 0.16659999999999897
202.251 0.25
202.567 0.14999999999999858
202.886 0.1999999999999993
203.204 0.25
203.523 0.23329999999999984
203.842 0.28330000000000055
204.16 0.18329999999999913
204.479 0.06659999999999755
204.797 0.21659999999999968
205.114 0.21659999999999968
205.433 0.18329999999999913
205.751 0.18329999999999913
206.07 0.16659999999999897
206.388 0.23329999999999984
206.707 0.16659999999999897
207.025 0.3332999999999977
207.342 0.18329999999999913
207.66 0.1999999999999993
207.979 0.14999999999999858
208.297 0.1999999999999993
208.615 0.1999999999999993
208.934 0.25
209.25 0.2666000000000004
209.569 0.11659999999999826
209.887 0.21659999999999968
210.205 0.23329999999999984
210.524 0.09999999999999787
210.842 0.18329999999999913
211.158 0.18329999999999913
211.477 0.23329999999999984
211.795 0.1999999999999993
212.113 0.21659999999999968
212.432 0.2666000000000004
212.75 0.16659999999999897
213.066 0.2666000000000004
213.385 0.13329999999999842
213.703 0.14999999999999858
214.021 0.14999999999999858
214.339 0.23329999999999984
214.656 0.11659999999999826
214.974 0.1999999999999993
215.292 0.23329999999999984
215.61 0.18329999999999913
215.926 0.16659999999999897
216.245 0.21659999999999968
216.563 0.3000000000000007
216.881 0.13329999999999842
217.199 0.2666000000000004
217.515 0.25
217.833 0.13329999999999842
218.151 0.31659999999999755
218.469 0.18329999999999913
218.785 0.31659999999999755
219.104 0.18329999999999913
219.422 0.1999999999999993
219.74 0.21659999999999968
220.056 0.14999999999999858
220.374 0.21659999999999968
220.692 0.23329999999999984
221.01 0.21659999999999968
221.326 0.16659999999999897
221.644 0.1999999999999993
221.962 0.25
222.28 0.14999999999999858
222.596 0.18329999999999913
222.914 0.3000000000000007
223.232 0.2666000000000004
223.547 0.1999999999999993
223.865 0.2666000000000004
224.183 0.14999999999999858
224.501 0.23329999999999984
224.817 0.21659999999999968
225.135 0.23329999999999984
225.453 0.1999999999999993
225.768 0.14999999999999858
226.086 0.3000000000000007
226.404 0.2666000000000004
226.722 0.1999999999999993
227.038 0.14999999999999858
227.355 0.25
227.673 0.23329999999999984
227.989 0.21659999999999968
228.307 0.06659999999999755
228.625 0.25
228.94 0.16659999999999897
229.258 0.3332999999999977
229.576 0.3000000000000007
229.891 0.21659999999999968
230.209 0.21659999999999968
230.527 0.2666000000000004
230.842 0.18329999999999913
231.16 0.1999999999999993
231.478 0.1999999999999993
231.793 0.18329999999999913
232.111 0.18329999999999913
232.428 0.18329999999999913
232.744 0.14999999999999858
233.062 0.16659999999999897
233.379 0.1999999999999993
233.695 0.23329999999999984
234.012 0.1999999999999993
234.33 0.16659999999999897
234.645 0.23329999999999984
234.963 0.1999999999999993
235.278 0.21659999999999968
235.596 0.1999999999999993
235.913 0.08329999999999771
236.229 0.18329999999999913
236.546 0.28330000000000055
236.864 0.36659999999999826
237.179 0.14999999999999858
237.497 0.3332999999999977
237.812 0.25
238.129 0.23329999999999984
238.447 0.25
238.762 0.21659999999999968
239.08 0.1999999999999993
239.395 0.2666000000000004
239.712 0.1999999999999993
240.03 0.2666000000000004
240.345 0.1999999999999993
240.662 0.21659999999999968
240.978 0.23329999999999984
241.295 0.21659999999999968
241.61 0.23329999999999984
241.927 0.21659999999999968
242.245 0.28330000000000055
242.56 0.31659999999999755
242.877 0.23329999999999984
243.192 0.1999999999999993
243.51 0.1999999999999993
243.825 0.31659999999999755
244.142 0.21659999999999968
244.459 0.13329999999999842
244.774 0.3000000000000007
245.092 0.18329999999999913
245.407 0.21659999999999968
245.724 0.2666000000000004
246.039 0.23329999999999984
246.356 0.23329999999999984
246.671 0.21659999999999968
246.988 0.23329999999999984
247.303 0.09999999999999787
247.62 0.23329999999999984
247.938 0.1999999999999993
248.253 0.13329999999999842
248.57 0.18329999999999913
248.885 0.25
249.202 0.23329999999999984
249.517 0.16659999999999897
249.834 0.18329999999999913
250.149 0.13329999999999842
250.466 0.16659999999999897
250.781 0.13329999999999842
251.098 0.1999999999999993
251.412 0.13329999999999842
251.729 0.21659999999999968
252.044 0.14999999999999858
252.361 0.21659999999999968
252.676 0.1999999999999993
252.993 0.14999999999999858
253.308 0.13329999999999842
253.625 0.23329999999999984
253.94 0.1999999999999993
254.256 0.1999999999999993
254.571 0.1999999999999993
254.888 0.25
255.203 0.2666000000000004
255.518 0.11659999999999826
255.834 0.1999999999999993
256.149 0.13329999999999842
256.466 0.13329999999999842
256.781 0.13329999999999842
257.097 0.25
257.412 0.09999999999999787
257.729 0.1999999999999993
258.044 0.25
258.36 0.23329999999999984
258.675 0.23329999999999984
258.99 0.23329999999999984
259.306 0.08329999999999771
259.621 0.3000000000000007
259.938 0.16659999999999897
260.252 0.28330000000000055
260.569 0.16659999999999897
260.883 0.13329999999999842
261.198 0.25
261.515 0.14999999999999858
261.829 0.25
262.146 0.21659999999999968
262.46 0.16659999999999897
262.775 0.14999999999999858
263.091 0.2666000000000004
263.406 0.25
263.723 0.23329999999999984
264.037 0.14999999999999858
264.354 0.23329999999999984
264.668 0.2666000000000004
264.982 0.1999999999999993
265.299 0.18329999999999913
265.613 0.28330000000000055
265.928 0.14999999999999858
266.244 0.13329999999999842
266.559 0.3332999999999977
266.875 0.28330000000000055
267.189 0.21659999999999968
267.504 0.2666000000000004
267.82 0.25
268.134 0.25
268.449 0.25
268.765 0.21659999999999968
269.079 0.1999999999999993
269.394 0.13329999999999842
269.71 0.1999999999999993
270.024 0.14999999999999858
270.341 0.25
270.655 0.1999999999999993
270.969 0.28330000000000055
271.286 0.1999999999999993
271.6 0.16659999999999897
271.914 0.21659999999999968
272.23 0.23329999999999984
272.544 0.23329999999999984
272.859 0.3000000000000007
273.175 0.23329999999999984
273.489 0.25
273.803 0.13329999999999842
274.119 0.28330000000000055
274.433 0.21659999999999968
274.747 0.16659999999999897
275.062 0.2666000000000004
275.378 0.23329999999999984
275.692 0.21659999999999968
276.006 0.21659999999999968
276.322 0.14999999999999858
276.636 0.13329999999999842
276.95 0.23329999999999984
277.266 0.23329999999999984
277.58 0.13329999999999842
277.894 0.2666000000000004
278.208 0.28330000000000055
278.524 0.23329999999999984
278.838 0.1999999999999993
279.152 0.3000000000000007
279.468 0.3332999999999977
279.782 0.3332999999999977
280.096 0.16659999999999897
280.41 0.21659999999999968
280.726 0.21659999999999968
281.04 0.23329999999999984
281.354 0.25
281.668 0.14999999999999858
281.983 0.13329999999999842
282.297 0.1999999999999993
282.611 0.13329999999999842
282.925 0.28330000000000055
283.241 0.16659999999999897
283.555 0.28330000000000055
283.868 0.1999999999999993
284.182 0.28330000000000055
284.498 0.16659999999999897
284.812 0.14999999999999858
285.126 0.1999999999999993
285.439 0.1999999999999993
285.753 0.08329999999999771
286.069 0.28330000000000055
286.383 0.1999999999999993
286.696 0.1999999999999993
287.01 0.2666000000000004
287.326 0.08329999999999771
287.639 0.1999999999999993
287.953 0.16659999999999897
288.267 0.31659999999999755
288.58 0.31659999999999755
288.896 0.25
289.21 0.1999999999999993
289.523 0.1999999999999993
289.837 0.21659999999999968
290.15 0.3000000000000007
290.466 0.13329999999999842
290.78 0.31659999999999755
291.093 0.28330000000000055
291.407 0.2666000000000004
291.72 0.2666000000000004
292.034 0.1999999999999993
292.349 0.16659999999999897
292.663 0.1999999999999993
292.976 0.3000000000000007
293.29 0.1999999999999993
293.603 0.2666000000000004
293.917 0.23329999999999984
294.232 0.23329999999999984
294.546 0.28330000000000055
294.859 0.21659999999999968
295.172 0.25
295.486 0.13329999999999842
295.799 0.28330000000000055
296.113 0.16659999999999897
296.428 0.14999999999999858
296.741 0.21659999999999968
297.055 0.28330000000000055
297.368 0.21659999999999968
297.681 0.23329999999999984
297.995 0.21659999999999968
298.308 0.21659999999999968
298.621 0.1999999999999993
298.937 0.1999999999999993
299.25 0.3000000000000007
299.563 0.16659999999999897
299.876 0.1999999999999993
300.19 0.3332999999999977
300.503 0.21659999999999968
300.816 0.16659999999999897
301.129 0.23329999999999984
301.442 0.23329999999999984
301.756 0.18329999999999913
302.071 0.18329999999999913
302.384 0.1999999999999993
302.697 0.25
303.01 0.13329999999999842
303.323 0.3332999999999977
303.637 0.13329999999999842
303.95 0.21659999999999968
304.263 0.14999999999999858
304.576 0.2666000000000004
304.889 0.25
305.202 0.2666000000000004
305.515 0.16659999999999897
305.828 0.21659999999999968
306.141 0.2666000000000004
306.456 0.23329999999999984
306.769 0.23329999999999984
307.082 0.23329999999999984
307.395 0.2666000000000004
307.708 0.25
308.021 0.11659999999999826
308.334 0.1999999999999993
308.647 0.2666000000000004
308.96 0.13329999999999842
309.273 0.1999999999999993
309.586 0.21659999999999968
309.899 0.18329999999999913
310.212 0.09999999999999787
310.525 0.2666000000000004
310.838 0.21659999999999968
311.15 0.08329999999999771
311.463 0.31659999999999755
311.776 0.14999999999999858
312.089 0.34999999999999787
312.402 0.1999999999999993
312.715 0.1999999999999993
313.027 0.14999999999999858
313.34 0.31659999999999755
313.653 0.23329999999999984
313.966 0.23329999999999984
314.278 0.18329999999999913
314.591 0.1999999999999993
314.904 0.36659999999999826
315.217 0.28330000000000055
315.529 0.11659999999999826
315.842 0.1999999999999993
316.155 0.23329999999999984
316.467 0.23329999999999984
316.78 0.23329999999999984
317.093 0.18329999999999913
317.405 0.14999999999999858
317.718 0.2666000000000004
318.031 0.34999999999999787
318.343 0.3000000000000007
318.656 0.25
318.969 0.14999999999999858
319.281 0.18329999999999913
319.592 0.18329999999999913
319.904 0.18329999999999913
320.217 0.34999999999999787
320.529 0.2666000000000004
320.842 0.28330000000000055
321.154 0.16659999999999897
321.467 0.21659999999999968
321.779 0.23329999999999984
322.092 0.28330000000000055
322.404 0.23329999999999984
322.717 0.2666000000000004
323.029 0.13329999999999842
323.342 0.2666000000000004
323.654 0.31659999999999755
323.965 0.21659999999999968
324.277 0.25
324.589 0.25
324.902 0.18329999999999913
325.214 0.25
325.527 0.34999999999999787
325.839 0.25
326.151 0.28330000000000055
326.464 0.31659999999999755
326.776 0.2666000000000004
327.086 0.3000000000000007
327.399 0.2666000000000004
327.711 0.21659999999999968
328.023 0.34999999999999787
328.335 0.3999999999999986
328.648 0.31659999999999755
328.96 0.3332999999999977
329.27 0.5166000000000004
329.582 0.36659999999999826
329.895 0.36659999999999826
330.207 0.43329999999999913
330.519 0.34999999999999787
330.831 0.34999999999999787
331.143 0.2666000000000004
331.454 0.41659999999999897
331.766 0.28330000000000055
332.078 0.31659999999999755
332.39 0.36659999999999826
332.702 0.34999999999999787
333.014 0.36659999999999826
333.326 0.3332999999999977
333.636 0.28330000000000055
333.948 0.28330000000000055
334.261 0.36659999999999826
334.573 0.25
334.885 0.36659999999999826
335.195 0.2666000000000004
335.507 0.3332999999999977
335.819 0.3000000000000007
336.131 0.3832999999999984
336.443 0.36659999999999826
336.753 0.3999999999999986
337.065 0.36659999999999826
337.377 0.3000000000000007
337.689 0.31659999999999755
338.001 0.14999999999999858
338.31 0.3332999999999977
338.622 0.28330000000000055
338.934 0.2666000000000004
339.246 0.13329999999999842
339.558 0.18329999999999913
339.868 0.21659999999999968
340.18 0.3832999999999984
340.492 0.1999999999999993
340.804 0.21659999999999968
341.113 0.23329999999999984
341.425 0.28330000000000055
341.737 0.2666000000000004
342.049 0.2666000000000004
342.361 0.3999999999999986
342.67 0.3000000000000007
342.982 0.36659999999999826
343.294 0.18329999999999913
343.606 0.16659999999999897
343.915 0.36659999999999826
344.227 0.28330000000000055
344.539 0.36659999999999826
344.849 0.3000000000000007
345.16 0.4665999999999997
345.472 0.3832999999999984
345.784 0.41659999999999897
346.093 0.34999999999999787
346.405 0.41659999999999897
346.717 0.31659999999999755
347.028 0.3332999999999977
347.338 0.34999999999999787
347.649 0.2666000000000004
347.961 0.3000000000000007
348.271 0.25
348.582 0.3332999999999977
348.894 0.3832999999999984
349.205 0.23329999999999984
349.515 0.36659999999999826
349.826 0.2666000000000004
350.138 0.31659999999999755
350.447 0.25
350.759 0.3000000000000007
351.07 0.3999999999999986
351.38 0.21659999999999968
351.691 0.25
352.003 0.21659999999999968
352.312 0.25
352.624 0.28330000000000055
352.935 0.2666000000000004
353.245 0.3000000000000007
353.556 0.31659999999999755
353.867 0.3000000000000007
354.177 0.2666000000000004
354.488 0.31659999999999755
354.799 0.2666000000000004
355.109 0.28330000000000055
355.42 0.31659999999999755
355.732 0.28330000000000055
356.041 0.28330000000000055
356.352 0.2666000000000004
356.663 0.25
356.973 0.23329999999999984
357.284 0.31659999999999755
357.593 0.23329999999999984
357.905 0.18329999999999913
358.216 0.14999999999999858
358.525 0.21659999999999968
358.836 0.2666000000000004
359.147 0.25
359.457 0.28330000000000055
359.768 0.25
360.077 0.21659999999999968
360.388 0.3332999999999977
360.699 0.2666000000000004
361.008 0.28330000000000055
361.32 0.13329999999999842
361.629 0.36659999999999826
361.94 0.23329999999999984
362.251 0.34999999999999787
362.56 0.23329999999999984
362.871 0.23329999999999984
363.18 0.3999999999999986
363.491 0.23329999999999984
363.8 0.23329999999999984
364.111 0.23329999999999984
364.422 0.2666000000000004
364.731 0.23329999999999984
365.042 0.13329999999999842
365.351 0.3000000000000007
365.662 0.16659999999999897
365.971 0.21659999999999968
366.282 0.23329999999999984
366.593 0.2666000000000004
366.902 0.3000000000000007
367.213 0.31659999999999755
367.522 0.25
367.833 0.18329999999999913
368.142 0.3000000000000007
368.453 0.34999999999999787
368.762 0.25
369.073 0.28330000000000055
369.381 0.3832999999999984
369.692 0.18329999999999913
370.001 0.34999999999999787
370.312 0.31659999999999755
370.623 0.21659999999999968
370.932 0.3000000000000007
371.242 0.25
371.551 0.3000000000000007
371.862 0.23329999999999984
372.171 0.28330000000000055
372.482 0.41659999999999897
372.79 0.21659999999999968
373.101 0.3999999999999986
373.41 0.4665999999999997
373.721 0.34999999999999787
374.029 0.3332999999999977
374.34 0.2666000000000004
374.649 0.36659999999999826
374.959 0.3000000000000007
375.268 0.25
375.577 0.36659999999999826
375.887 0.23329999999999984
376.196 0.3332999999999977
376.506 0.2666000000000004
376.815 0.21659999999999968
377.126 0.41659999999999897
377.434 0.3999999999999986
377.745 0.3000000000000007
378.053 0.3832999999999984
378.364 0.3832999999999984
378.672 0.36659999999999826
378.983 0.28330000000000055
379.292 0.36659999999999826
379.6 0.28330000000000055
379.911 0.31659999999999755
380.219 0.3332999999999977
380.53 0.2666000000000004
380.838 0.36659999999999826
381.148 0.43329999999999913
381.457 0.3832999999999984
381.767 0.25
382.076 0.3332999999999977
382.384 0.21659999999999968
382.695 0.3999999999999986
383.003 0.3000000000000007
383.313 0.21659999999999968
383.622 0.23329999999999984
383.93 0.41659999999999897
384.24 0.3000000000000007
384.549 0.28330000000000055
384.859 0.3000000000000007
385.167 0.3000000000000007
385.476 0.3000000000000007
385.786 0.3832999999999984
386.094 0.34999999999999787
386.405 0.36659999999999826
386.713 0.31659999999999755
387.021 0.31659999999999755
387.331 0.31659999999999755
387.64 0.3999999999999986
387.948 0.41659999999999897
388.258 0.2666000000000004
388.566 0.21659999999999968
388.877 0.3832999999999984
389.185 0.36659999999999826
389.493 0.4499999999999993
389.803 0.3332999999999977
390.111 0.3332999999999977
390.419 0.3332999999999977
390.729 0.34999999999999787
391.038 0.2666000000000004
391.346 0.43329999999999913
391.656 0.3832999999999984
391.964 0.3332999999999977
392.272 0.3832999999999984
392.582 0.2666000000000004
392.89 0.3999999999999986
393.198 0.36659999999999826
393.508 0.2666000000000004
393.816 0.36659999999999826
394.124 0.36659999999999826
394.434 0.3000000000000007
394.742 0.36659999999999826
395.05 0.34999999999999787
395.36 0.28330000000000055
395.668 0.31659999999999755
395.976 0.21659999999999968
396.286 0.28330000000000055
396.594 0.3332999999999977
396.902 0.2666000000000004
397.21 0.25
397.52 0.3332999999999977
397.828 0.28330000000000055
398.135 0.3000000000000007
398.445 0.31659999999999755
398.753 0.3332999999999977
399.061 0.3999999999999986
399.369 0.3332999999999977
399.679 0.3000000000000007
399.987 0.25
400.294 0.3332999999999977
400.604 0.4665999999999997
400.912 0.23329999999999984
401.22 0.3000000000000007
401.527 0.1999999999999993
401.837 0.3332999999999977
402.145 0.3832999999999984
402.453 0.31659999999999755
402.76 0.2666000000000004
403.07 0.3999999999999986
403.378 0.3832999999999984
403.686 0.3332999999999977
403.993 0.23329999999999984
404.303 0.28330000000000055
404.611 0.3332999999999977
404.918 0.3000000000000007
405.226 0.36659999999999826
405.533 0.25
405.843 0.3999999999999986
406.151 0.31659999999999755
406.458 0.3832999999999984
406.766 0.36659999999999826
407.076 0.34999999999999787
407.383 0.3999999999999986
407.691 0.3999999999999986
407.998 0.31659999999999755
408.306 0.4665999999999997
408.615 0.41659999999999897
408.923 0.48329999999999984
409.23 0.43329999999999913
409.538 0.4499999999999993
409.845 0.43329999999999913
410.153 0.36659999999999826
410.462 0.41659999999999897
410.77 0.31659999999999755
411.077 0.41659999999999897
411.384 0.4499999999999993
411.692 0.4499999999999993
412.001 0.5166000000000004
412.309 0.41659999999999897
412.616 0.41659999999999897
412.923 0.5333000000000006
413.231 0.48329999999999984
413.538 0.5665999999999976
413.845 0.3832999999999984
414.155 0.5832999999999977
414.462 0.3832999999999984
414.769 0.4499999999999993
415.077 0.5333000000000006
415.384 0.5500000000000007
415.691 0.6332999999999984
415.999 0.7332999999999998
416.308 0.6332999999999984
416.615 0.5333000000000006
416.922 0.6499999999999986
417.23 0.7833000000000006
417.537 0.666599999999999
417.844 0.8000000000000007
418.151 0.8165999999999976
418.458 0.6999999999999993
418.768 0.75
419.075 0.9665999999999997
419.382 0.8999999999999986
419.689 1.0500000000000007
419.996 0.8165999999999976
420.303 0.9832999999999998
420.61 1.1165999999999983
420.918 1.1499999999999986
421.225 1.1165999999999983
421.532 1.2666000000000004
421.841 1.2332999999999998
422.148 1.2332999999999998
422.455 1.1165999999999983
422.762 1.4499999999999993
423.069 1.1832999999999991
423.376 1.2666000000000004
423.683 1.4832999999999998
423.99 1.2165999999999997
424.297 1.4832999999999998
424.604 1.1832999999999991
424.911 1.25
425.218 0.9832999999999998
425.525 1.1332999999999984
425.832 1.1165999999999983
426.139 1.1499999999999986
426.446 1.2165999999999997
426.753 1.1165999999999983
427.061 1.166599999999999
427.368 1.0166000000000004
427.675 0.9332999999999991
427.982 0.8332999999999977
428.289 0.8999999999999986
428.596 0.8999999999999986
428.903 0.7332999999999998
429.209 1.0
429.516 0.9332999999999991
429.823 0.6832999999999991
430.13 0.6832999999999991
430.437 0.8332999999999977
430.743 0.7833000000000006
431.05 0.6499999999999986
431.357 0.666599999999999
431.664 0.6499999999999986
431.97 0.75
432.277 0.5999999999999979
432.584 0.7833000000000006
432.891 0.5500000000000007
433.197 0.75
433.504 0.48329999999999984
433.811 0.6332999999999984
434.117 0.5333000000000006
434.424 0.5999999999999979
434.731 0.5832999999999977
435.037 0.5999999999999979
435.344 0.5166000000000004
435.65 0.5665999999999976
435.957 0.4665999999999997
436.262 0.5999999999999979
436.568 0.5500000000000007
436.875 0.43329999999999913
437.181 0.5
437.488 0.3999999999999986
437.794 0.41659999999999897
438.101 0.41659999999999897
438.407 0.4665999999999997
438.714 0.48329999999999984
439.02 0.5
439.327 0.5832999999999977
439.633 0.34999999999999787
439.94 0.5999999999999979
440.246 0.31659999999999755
440.553 0.3332999999999977
440.859 0.5832999999999977
441.163 0.41659999999999897
441.47 0.48329999999999984
441.776 0.5333000000000006
442.083 0.48329999999999984
442.389 0.3832999999999984
442.695 0.36659999999999826
443.002 0.41659999999999897
443.308 0.4665999999999997
443.614 0.34999999999999787
443.921 0.3999999999999986
444.225 0.3332999999999977
444.531 0.5
444.838 0.41659999999999897
445.144 0.3832999999999984
445.45 0.5166000000000004
445.757 0.4499999999999993
446.063 0.3832999999999984
446.369 0.3332999999999977
446.675 0.48329999999999984
446.979 0.31659999999999755
447.286 0.41659999999999897
447.592 0.5
447.898 0.41659999999999897
448.204 0.36659999999999826
448.51 0.36659999999999826
448.817 0.5
449.121 0.4665999999999997
449.427 0.41659999999999897
449.733 0.43329999999999913
450.039 0.48329999999999984
450.345 0.36659999999999826
450.651 0.4665999999999997
450.955 0.4665999999999997
451.261 0.4665999999999997
451.568 0.5333000000000006
451.874 0.5166000000000004
452.18 0.3832999999999984
452.486 0.36659999999999826
452.79 0.3999999999999986
453.096 0.4499999999999993
453.402 0.4665999999999997
453.708 0.41659999999999897
454.014 0.41659999999999897
454.318 0.34999999999999787
454.624 0.4665999999999997
454.93 0.36659999999999826
455.236 0.34999999999999787
455.541 0.3999999999999986
455.845 0.36659999999999826
456.151 0.43329999999999913
456.457 0.34999999999999787
456.763 0.48329999999999984
457.067 0.1999999999999993
457.373 0.34999999999999787
457.679 0.31659999999999755
457.985 0.31659999999999755
458.29 0.36659999999999826
458.594 0.31659999999999755
458.9 0.43329999999999913
459.206 0.3999999999999986
459.512 0.31659999999999755
459.815 0.5
460.121 0.3000000000000007
460.427 0.3332999999999977
460.733 0.3000000000000007
461.036 0.3832999999999984
461.342 0.3332999999999977
461.648 0.36659999999999826
461.954 0.43329999999999913
462.257 0.3000000000000007
462.563 0.3332999999999977
462.869 0.36659999999999826
463.172 0.31659999999999755
463.478 0.34999999999999787
463.784 0.3832999999999984
464.089 0.3832999999999984
464.393 0.3000000000000007
464.699 0.36659999999999826
465.004 0.41659999999999897
465.308 0.3999999999999986
465.613 0.34999999999999787
465.919 0.31659999999999755
466.225 0.3832999999999984
466.528 0.31659999999999755
466.834 0.3999999999999986
467.139 0.31659999999999755
467.443 0.1999999999999993
467.748 0.28330000000000055
468.054 0.3332999999999977
468.357 0.2666000000000004
468.663 0.41659999999999897
468.968 0.3832999999999984
469.272 0.3999999999999986
469.577 0.3832999999999984
469.883 0.3999999999999986
470.186 0.3000000000000007
470.492 0.3999999999999986
470.797 0.31659999999999755
471.1 0.28330000000000055
471.406 0.36659999999999826
471.711 0.34999999999999787
472.014 0.28330000000000055
472.32 0.2666000000000004
472.625 0.3332999999999977
472.929 0.4665999999999997
473.234 0.31659999999999755
473.539 0.3832999999999984
473.843 0.3332999999999977
474.148 0.43329999999999913
474.451 0.3832999999999984
474.756 0.5500000000000007
475.062 0.48329999999999984
475.365 0.4499999999999993
475.67 0.36659999999999826
475.973 0.4665999999999997
476.279 0.4499999999999993
476.584 0.5333000000000006
476.887 0.666599999999999
477.192 0.6332999999999984
477.498 0.6332999999999984
477.801 0.666599999999999
478.106 0.8000000000000007
478.409 0.7666000000000004
478.714 0.7332999999999998
479.017 0.9499999999999993
479.322 0.8665999999999983
479.628 0.6499999999999986
479.931 0.6999999999999993
480.236 0.8665999999999983
480.539 0.75
480.844 0.6832999999999991
481.147 1.0665999999999976
481.452 0.8999999999999986
481.757 0.8665999999999983
482.06 0.8665999999999983
482.365 0.8332999999999977
482.668 0.7666000000000004
482.973 0.6999999999999993
483.276 0.7332999999999998
483.581 0.5665999999999976
483.884 0.6999999999999993
484.189 0.5333000000000006
484.494 0.4499999999999993
484.797 0.5333000000000006
485.102 0.36659999999999826
485.405 0.5665999999999976
485.71 0.3832999999999984
486.013 0.3999999999999986
486.318 0.3999999999999986
486.621 0.41659999999999897
486.925 0.43329999999999913
487.228 0.3999999999999986
487.533 0.48329999999999984
487.836 0.4665999999999997
488.141 0.41659999999999897
488.444 0.31659999999999755
488.748 0.3999999999999986
489.051 0.4499999999999993
489.356 0.3332999999999977
489.659 0.23329999999999984
489.964 0.3332999999999977
490.266 0.3832999999999984
490.571 0.3332999999999977
490.874 0.34999999999999787
491.179 0.28330000000000055
491.481 0.3332999999999977
491.786 0.3332999999999977
492.089 0.31659999999999755
492.393 0.3832999999999984
492.696 0.3832999999999984
493.001 0.3332999999999977
493.303 0.18329999999999913
493.606 0.48329999999999984
493.911 0.25
494.213 0.2666000000000004
494.518 0.3000000000000007
494.821 0.2666000000000004
495.125 0.36659999999999826
495.428 0.28330000000000055
495.732 0.41659999999999897
496.035 0.28330000000000055
496.337 0.28330000000000055
496.642 0.3332999999999977
496.945 0.34999999999999787
497.249 0.36659999999999826
497.552 0.28330000000000055
497.856 0.36659999999999826
498.159 0.41659999999999897
498.461 0.2666000000000004
498.766 0.21659999999999968
499.068 0.31659999999999755
499.372 0.31659999999999755
499.675 0.3000000000000007
499.977 0.2666000000000004
500.282 0.34999999999999787
500.584 0.36659999999999826
500.889 0.34999999999999787
501.191 0.3999999999999986
501.493 0.25
501.798 0.3832999999999984
502.1 0.16659999999999897
502.402 0.21659999999999968
502.707 0.3332999999999977
503.009 0.23329999999999984
503.314 0.3999999999999986
503.616 0.21659999999999968
503.918 0.34999999999999787
504.222 0.3000000000000007
504.525 0.25
504.827 0.3832999999999984
505.131 0.28330000000000055
505.433 0.31659999999999755
505.736 0.41659999999999897
506.04 0.25
506.342 0.23329999999999984
506.646 0.28330000000000055
506.949 0.3000000000000007
507.251 0.3332999999999977
507.555 0.28330000000000055
507.857 0.2666000000000004
508.159 0.3832999999999984
508.461 0.28330000000000055
508.766 0.21659999999999968
509.068 0.25
509.37 0.28330000000000055
509.674 0.34999999999999787
509.976 0.3000000000000007
510.278 0.23329999999999984
510.582 0.28330000000000055
510.884 0.21659999999999968
511.186 0.3000000000000007
511.49 0.36659999999999826
511.792 0.2666000000000004
512.094 0.31659999999999755
512.396 0.3332999999999977
512.701 0.3332999999999977
513.003 0.31659999999999755
513.305 0.21659999999999968
513.609 0.36659999999999826
513.91 0.3000000000000007
514.212 0.23329999999999984
514.514 0.28330000000000055
514.818 0.34999999999999787
515.12 0.25
515.422 0.3000000000000007
515.724 0.31659999999999755
516.028 0.34999999999999787
516.33 0.3000000000000007
516.632 0.3332999999999977
516.934 0.23329999999999984
517.237 0.3000000000000007
517.539 0.41659999999999897
517.841 0.1999999999999993
518.143 0.1999999999999993
518.447 0.23329999999999984
518.749 0.3332999999999977
519.05 0.28330000000000055
519.352 0.41659999999999897
519.656 0.3332999999999977
519.958 0.3332999999999977
520.26 0.3000000000000007
520.561 0.28330000000000055
520.863 0.3332999999999977
521.167 0.34999999999999787
521.468 0.28330000000000055
521.77 0.31659999999999755
522.072 0.28330000000000055
522.376 0.1999999999999993
522.677 0.34999999999999787
522.979 0.36659999999999826
523.281 0.23329999999999984
523.582 0.36659999999999826
523.884 0.2666000000000004
524.187 0.34999999999999787
524.489 0.36659999999999826
524.791 0.3832999999999984
525.092 0.3000000000000007
525.394 0.3832999999999984
525.697 0.3332999999999977
525.999 0.28330000000000055
526.301 0.43329999999999913
526.602 0.34999999999999787
526.904 0.31659999999999755
527.205 0.3832999999999984
527.507 0.4499999999999993
527.81 0.34999999999999787
528.112 0.34999999999999787
528.413 0.2666000000000004
528.715 0.3999999999999986
529.016 0.41659999999999897
529.318 0.3000000000000007
529.619 0.21659999999999968
529.922 0.43329999999999913
530.224 0.3332999999999977
530.525 0.43329999999999913
530.827 0.3999999999999986
531.128 0.28330000000000055
531.429 0.25
531.731 0.41659999999999897
532.032 0.31659999999999755
532.336 0.34999999999999787
532.637 0.23329999999999984
532.938 0.23329999999999984
533.24 0.3000000000000007
533.541 0.4499999999999993
533.842 0.3999999999999986
534.143 0.3332999999999977
534.445 0.3332999999999977
534.746 0.3332999999999977
535.047 0.34999999999999787
535.351 0.3332999999999977
535.652 0.3999999999999986
535.953 0.41659999999999897
536.254 0.31659999999999755
536.555 0.25
536.857 0.41659999999999897
537.158 0.4665999999999997
537.459 0.25
537.76 0.34999999999999787
538.061 0.31659999999999755
538.362 0.28330000000000055
538.664 0.34999999999999787
538.965 0.31659999999999755
539.266 0.48329999999999984
539.567 0.3332999999999977
539.868 0.34999999999999787
540.169 0.36659999999999826
540.472 0.36659999999999826
540.773 0.34999999999999787
541.074 0.25
541.375 0.31659999999999755
541.677 0.3000000000000007
541.978 0.25
542.279 0.43329999999999913
542.58 0.34999999999999787
542.881 0.4665999999999997
543.182 0.31659999999999755
543.483 0.25
543.784 0.43329999999999913
544.085 0.3332999999999977
544.385 0.3332999999999977
544.686 0.34999999999999787
544.987 0.3332999999999977
545.288 0.3332999999999977
545.589 0.3332999999999977
545.89 0.34999999999999787
546.191 0.36659999999999826
546.492 0.2666000000000004
546.793 0.4665999999999997
547.094 0.41659999999999897
547.394 0.3332999999999977
547.695 0.34999999999999787
547.996 0.4499999999999993
548.297 0.3832999999999984
548.596 0.4499999999999993
548.897 0.43329999999999913
549.197 0.36659999999999826
549.498 0.28330000000000055
549.799 0.3832999999999984
550.1 0.34999999999999787
550.4 0.43329999999999913
550.701 0.48329999999999984
551.002 0.5
551.303 0.34999999999999787
551.603 0.5500000000000007
551.904 0.3999999999999986
552.205 0.3332999999999977
552.505 0.6165999999999983
552.806 0.5
553.107 0.5832999999999977
553.407 0.6499999999999986
553.706 0.48329999999999984
554.007 0.5665999999999976
554.307 0.5500000000000007
554.608 0.4499999999999993
554.909 0.4665999999999997
555.209 0.6499999999999986
555.51 0.48329999999999984
555.81 0.5500000000000007
556.111 0.6832999999999991
556.411 0.5166000000000004
556.71 0.5
557.01 0.6832999999999991
557.311 0.5832999999999977
557.612 0.4665999999999997
557.912 0.5999999999999979
558.213 0.3000000000000007
558.513 0.6165999999999983
558.813 0.5
559.112 0.48329999999999984
559.412 0.43329999999999913
559.713 0.3999999999999986
560.013 0.4665999999999997
560.314 0.4499999999999993
560.614 0.41659999999999897
560.914 0.3999999999999986
561.213 0.31659999999999755
561.513 0.4665999999999997
561.814 0.3332999999999977
562.114 0.43329999999999913
562.414 0.2666000000000004
562.715 0.3000000000000007
563.015 0.3999999999999986
563.313 0.3000000000000007
563.614 0.4665999999999997
563.914 0.4499999999999993
564.214 0.41659999999999897
564.515 0.4499999999999993
564.813 0.28330000000000055
565.113 0.36659999999999826
565.413 0.2666000000000004
565.714 0.3999999999999986
566.014 0.34999999999999787
566.312 0.41659999999999897
566.612 0.43329999999999913
566.912 0.3332999999999977
567.213 0.3832999999999984
567.513 0.3000000000000007
567.811 0.3332999999999977
568.111 0.3332999999999977
568.411 0.3000000000000007
568.712 0.3000000000000007
569.012 0.36659999999999826
569.31 0.28330000000000055
569.61 0.3332999999999977
569.91 0.3000000000000007
570.21 0.28330000000000055
570.508 0.34999999999999787
570.808 0.28330000000000055
571.108 0.34999999999999787
571.408 0.34999999999999787
571.706 0.36659999999999826
572.006 0.3832999999999984
572.306 0.43329999999999913
572.607 0.28330000000000055
572.904 0.28330000000000055
573.204 0.48329999999999984
573.505 0.3332999999999977
573.805 0.3000000000000007
574.102 0.31659999999999755
574.402 0.3000000000000007
574.702 0.36659999999999826
575.002 0.31659999999999755
575.3 0.3332999999999977
575.6 0.5
575.9 0.34999999999999787
576.198 0.3332999999999977
576.498 0.28330000000000055
576.798 0.3999999999999986
577.098 0.34999999999999787
577.395 0.36659999999999826
577.695 0.34999999999999787
577.995 0.3999999999999986
578.293 0.14999999999999858
578.593 0.36659999999999826
578.893 0.1999999999999993
579.19 0.36659999999999826
579.49 0.3332999999999977
579.79 0.28330000000000055
580.088 0.3832999999999984
580.387 0.28330000000000055
580.687 0.36659999999999826
580.985 0.31659999999999755
581.285 0.2666000000000004
581.584 0.28330000000000055
581.882 0.3000000000000007
582.182 0.36659999999999826
582.482 0.3832999999999984
582.779 0.31659999999999755
583.079 0.3832999999999984
583.378 0.3832999999999984
583.676 0.31659999999999755
583.976 0.2666000000000004
584.275 0.3000000000000007
584.573 0.28330000000000055
584.873 0.25
585.17 0.3000000000000007
585.47 0.31659999999999755
585.769 0.3832999999999984
586.067 0.25
586.367 0.36659999999999826
586.666 0.3000000000000007
586.964 0.28330000000000055
587.263 0.36659999999999826
587.561 0.25
587.86 0.28330000000000055
588.16 0.28330000000000055
588.457 0.2666000000000004
588.757 0.4499999999999993
589.054 0.34999999999999787
589.354 0.1999999999999993
589.653 0.28330000000000055
589.951 0.34999999999999787
590.25 0.3999999999999986
590.547 0.2666000000000004
590.847 0.21659999999999968
591.144 0.4499999999999993
591.444 0.23329999999999984
591.743 0.34999999999999787
592.04 0.23329999999999984
592.34 0.3000000000000007
592.637 0.3332999999999977
592.936 0.21659999999999968
593.234 0.28330000000000055
593.533 0.43329999999999913
593.832 0.3000000000000007
594.13 0.3332999999999977
594.429 0.31659999999999755
594.726 0.3832999999999984
595.026 0.34999999999999787
595.323 0.31659999999999755
595.622 0.2666000000000004
595.919 0.28330000000000055
596.219 0.28330000000000055
596.516 0.3000000000000007
596.815 0.34999999999999787
597.112 0.31659999999999755
597.411 0.2666000000000004
597.709 0.3999999999999986
598.008 0.21659999999999968
598.305 0.2666000000000004
598.604 0.2666000000000004
598.901 0.3999999999999986
599.2 0.41659999999999897
599.497 0.4665999999999997
599.797 0.3832999999999984
600.094 0.3332999999999977
600.393 0.3832999999999984
600.69 0.41659999999999897
600.989 0.36659999999999826
601.286 0.34999999999999787
601.585 0.3332999999999977
601.882 0.31659999999999755
602.181 0.31659999999999755
602.478 0.3332999999999977
602.777 0.25
603.074 0.36659999999999826
603.373 0.2666000000000004
603.67 0.4499999999999993
603.969 0.31659999999999755
604.266 0.36659999999999826
604.563 0.28330000000000055
604.862 0.3832999999999984
605.159 0.41659999999999897
605.458 0.31659999999999755
605.755 0.3332999999999977
606.054 0.3332999999999977
606.351 0.3999999999999986
606.65 0.28330000000000055
606.946 0.3999999999999986
607.243 0.34999999999999787
607.542 0.3000000000000007
607.839 0.4499999999999993
608.138 0.36659999999999826
608.435 0.2666000000000004
608.732 0.4499999999999993
609.03 0.3000000000000007
609.327 0.48329999999999984
609.626 0.3999999999999986
609.923 0.43329999999999913
610.22 0.34999999999999787
610.518 0.36659999999999826
610.815 0.48329999999999984
611.114 0.3832999999999984
611.411 0.48329999999999984
611.707 0.43329999999999913
612.006 0.36659999999999826
612.303 0.3832999999999984
612.601 0.5665999999999976
612.898 0.3832999999999984
613.195 0.41659999999999897
613.493 0.3832999999999984
613.79 0.3999999999999986
614.087 0.41659999999999897
614.385 0.4665999999999997
614.682 0.4665999999999997
614.979 0.36659999999999826
615.277 0.36659999999999826
615.574 0.3832999999999984
615.87 0.34999999999999787
616.169 0.5500000000000007
616.466 0.34999999999999787
616.764 0.41659999999999897
617.061 0.41659999999999897
617.357 0.41659999999999897
617.656 0.25
617.952 0.23329999999999984
618.249 0.3832999999999984
618.545 0.3999999999999986
618.844 0.34999999999999787
619.14 0.34999999999999787
619.437 0.2666000000000004
619.735 0.3999999999999986
620.032 0.3832999999999984
620.328 0.28330000000000055
620.626 0.28330000000000055
620.923 0.36659999999999826
621.219 0.43329999999999913
621.518 0.28330000000000055
621.814 0.3332999999999977
622.11 0.3332999999999977
622.407 0.3000000000000007
622.705 0.3332999999999977
623.002 0.3332999999999977
623.298 0.31659999999999755
623.594 0.31659999999999755
623.893 0.3000000000000007
624.189 0.31659999999999755
624.485 0.4499999999999993
624.784 0.34999999999999787
625.08 0.3000000000000007
625.376 0.34999999999999787
625.672 0.34999999999999787
625.971 0.28330000000000055
626.267 0.4665999999999997
626.563 0.31659999999999755
626.859 0.2666000000000004
627.158 0.3999999999999986
627.454 0.3999999999999986
627.75 0.3332999999999977
628.046 0.36659999999999826
628.342 0.34999999999999787
628.641 0.3999999999999986
628.937 0.23329999999999984
629.233 0.1999999999999993
629.529 0.3332999999999977
629.827 0.28330000000000055
630.123 0.34999999999999787
630.419 0.3000000000000007
630.715 0.3999999999999986
631.011 0.36659999999999826
631.31 0.21659999999999968
631.606 0.3999999999999986
631.902 0.31659999999999755
632.198 0.23329999999999984
632.494 0.1999999999999993
632.792 0.36659999999999826
633.088 0.3832999999999984
633.384 0.23329999999999984
633.68 0.36659999999999826
633.976 0.3000000000000007
634.272 0.2666000000000004
634.57 0.2666000000000004
634.866 0.2666000000000004
635.162 0.28330000000000055
635.458 0.34999999999999787
635.754 0.41659999999999897
636.05 0.34999999999999787
636.347 0.3000000000000007
636.643 0.34999999999999787
636.939 0.28330000000000055
637.235 0.3000000000000007
637.531 0.43329999999999913
637.827 0.3832999999999984
638.123 0.31659999999999755
638.421 0.34999999999999787
638.716 0.28330000000000055
639.012 0.3332999999999977
639.308 0.43329999999999913
639.604 0.3832999999999984
639.9 0.34999999999999787
640.195 0.41659999999999897
640.491 0.3999999999999986
640.789 0.36659999999999826
641.085 0.5166000000000004
641.381 0.31659999999999755
641.676 0.3332999999999977
641.972 0.2666000000000004
642.268 0.41659999999999897
642.563 0.3999999999999986
642.859 0.3000000000000007
643.155 0.41659999999999897
643.451 0.3000000000000007
643.746 0.31659999999999755
644.044 0.36659999999999826
644.34 0.3332999999999977
644.635 0.36659999999999826
644.931 0.31659999999999755
645.227 0.43329999999999913
645.522 0.2666000000000004
645.818 0.14999999999999858
646.113 0.3332999999999977
646.409 0.3999999999999986
646.704 0.41659999999999897
647.0 0.3999999999999986
647.296 0.3332999999999977
647.591 0.34999999999999787
647.887 0.3332999999999977
648.182 0.2666000000000004
648.478 0.3832999999999984
648.773 0.23329999999999984
649.069 0.4665999999999997
649.366 0.41659999999999897
649.662 0.28330000000000055
649.957 0.41659999999999897
650.253 0.41659999999999897
650.548 0.3000000000000007
650.844 0.3332999999999977
651.139 0.36659999999999826
651.434 0.34999999999999787
651.73 0.4665999999999997
652.025 0.43329999999999913
652.321 0.3000000000000007
652.616 0.3000000000000007
652.911 0.5
653.207 0.28330000000000055
653.502 0.4499999999999993
653.797 0.41659999999999897
654.093 0.3999999999999986
654.388 0.3832999999999984
654.683 0.3832999999999984
654.979 0.3832999999999984
655.274 0.3999999999999986
655.567 0.41659999999999897
655.863 0.43329999999999913
656.158 0.5166000000000004
656.453 0.5832999999999977
656.748 0.4665999999999997
657.044 0.5500000000000007
657.339 0.5333000000000006
657.634 0.3999999999999986
657.929 0.48329999999999984
658.224 0.6499999999999986
658.52 0.6832999999999991
658.815 0.5832999999999977
659.11 0.5166000000000004
659.405 0.5333000000000006
659.7 0.4665999999999997
659.995 0.5832999999999977
660.291 0.5665999999999976
660.586 0.5500000000000007
660.879 0.6332999999999984
661.174 0.4499999999999993
661.469 0.6499999999999986
661.764 0.7666000000000004
662.059 0.6165999999999983
662.354 0.5166000000000004
662.649 0.4665999999999997
662.944 0.5500000000000007
663.239 0.7165999999999997
663.534 0.6499999999999986
663.83 0.5333000000000006
664.122 0.3999999999999986
664.417 0.5832999999999977
664.713 0.5
665.008 0.5166000000000004
665.302 0.5166000000000004
665.597 0.48329999999999984
665.892 0.5
666.187 0.48329999999999984
666.48 0.5
666.775 0.36659999999999826
667.07 0.3832999999999984
667.365 0.4499999999999993
667.66 0.43329999999999913
667.955 0.34999999999999787
668.25 0.41659999999999897
668.542 0.34999999999999787
668.837 0.43329999999999913
669.132 0.3332999999999977
669.427 0.4499999999999993
669.722 0.41659999999999897
670.017 0.3999999999999986
670.31 0.43329999999999913
670.604 0.23329999999999984
670.899 0.4499999999999993
671.194 0.4665999999999997
671.489 0.23329999999999984
671.783 0.3332999999999977
672.076 0.36659999999999826
672.371 0.3332999999999977
672.666 0.25
672.96 0.3832999999999984
673.255 0.31659999999999755
673.548 0.3000000000000007
673.842 0.36659999999999826
674.137 0.43329999999999913
674.432 0.3832999999999984
674.727 0.31659999999999755
675.019 0.3832999999999984
675.314 0.41659999999999897
675.608 0.41659999999999897
675.903 0.2666000000000004
676.196 0.3332999999999977
676.49 0.3832999999999984
676.785 0.25
677.079 0.3000000000000007
677.374 0.25
677.667 0.34999999999999787
677.961 0.36659999999999826
678.256 0.36659999999999826
678.55 0.25
678.843 0.3832999999999984
679.137 0.3332999999999977
679.432 0.43329999999999913
679.726 0.3999999999999986
680.019 0.28330000000000055
680.313 0.34999999999999787
680.608 0.3000000000000007
680.902 0.3832999999999984
681.195 0.5
681.489 0.3832999999999984
681.784 0.3332999999999977
682.076 0.3832999999999984
682.37 0.3832999999999984
682.665 0.3999999999999986
682.959 0.28330000000000055
683.252 0.2666000000000004
683.546 0.3832999999999984
683.84 0.43329999999999913
684.133 0.34999999999999787
684.427 0.3000000000000007
684.721 0.31659999999999755
685.014 0.3000000000000007
685.308 0.25
685.602 0.3332999999999977
685.895 0.25
686.189 0.3999999999999986
686.483 0.25
686.778 0.34999999999999787
687.07 0.34999999999999787
687.364 0.43329999999999913
687.658 0.3832999999999984
687.951 0.3832999999999984
688.245 0.28330000000000055
688.537 0.34999999999999787
688.831 0.1999999999999993
689.125 0.28330000000000055
689.418 0.36659999999999826
689.712 0.23329999999999984
690.006 0.2666000000000004
690.298 0.25
690.592 0.36659999999999826
690.886 0.36659999999999826
691.178 0.41659999999999897
691.473 0.41659999999999897
691.767 0.28330000000000055
692.059 0.36659999999999826
692.353 0.23329999999999984
692.645 0.28330000000000055
692.939 0.25
693.233 0.34999999999999787
693.525 0.41659999999999897
693.819 0.1999999999999993
694.111 0.36659999999999826
694.405 0.41659999999999897
694.699 0.3999999999999986
694.991 0.34999999999999787
695.285 0.2666000000000004
695.577 0.3999999999999986
695.871 0.3999999999999986
696.165 0.14999999999999858
696.457 0.34999999999999787
696.751 0.25
697.043 0.3999999999999986
697.337 0.3999999999999986
697.629 0.23329999999999984
697.923 0.21659999999999968
698.217 0.36659999999999826
698.509 0.3332999999999977
698.802 0.3832999999999984
699.094 0.34999999999999787
699.388 0.31659999999999755
699.68 0.28330000000000055
699.974 0.36659999999999826
700.266 0.31659999999999755
700.56 0.28330000000000055
700.853 0.23329999999999984
701.145 0.21659999999999968
701.439 0.41659999999999897
701.731 0.3000000000000007
702.025 0.25
702.316 0.3000000000000007
702.61 0.28330000000000055
702.902 0.25
703.196 0.25
703.487 0.34999999999999787
703.781 0.3332999999999977
704.073 0.3332999999999977
704.367 0.3000000000000007
704.658 0.21659999999999968
704.952 0.34999999999999787
705.244 0.28330000000000055
705.537 0.34999999999999787
705.829 0.4499999999999993
706.122 0.3332999999999977
706.414 0.31659999999999755
706.708 0.31659999999999755
706.999 0.23329999999999984
707.293 0.18329999999999913
