# Created: 2019-11-28 14:15:22.064050
# rshift intensity
76.1738 0.18000000000000016
76.4989 0.19333999999999962
76.824 0.18333999999999984
77.1491 0.19999999999999973
77.4721 0.19333999999999962
77.7972 0.18333999999999984
78.1223 0.16334000000000026
78.4474 0.1200000000000001
78.7724 0.12666999999999984
79.0975 0.07333999999999996
79.4204 0.10000000000000009
79.7454 0.09667000000000003
80.0704 0.043340000000000156
80.3954 0.07667000000000002
80.7204 0.043340000000000156
81.0454 0.040000000000000036
81.3682 0.04666999999999977
81.6931 0.043340000000000156
82.0181 0.06334000000000017
82.343 0.06000000000000005
82.6679 0.033339999999999925
82.9907 0.04999999999999982
83.3156 0.06666999999999978
83.6405 0.08333999999999975
83.9654 0.040000000000000036
84.2903 0.03666999999999998
84.613 0.07667000000000002
84.9378 0.04999999999999982
85.2626 0.02334000000000014
85.5875 0.009999999999999787
85.9101 0.033339999999999925
86.2349 0.06334000000000017
86.5597 0.08000000000000007
86.8845 0.06999999999999984
87.2093 0.040000000000000036
87.5319 0.04999999999999982
87.8566 0.029999999999999805
88.1814 0.029999999999999805
88.5061 0.05667
88.8286 0.06666999999999978
89.1533 0.0866699999999998
89.478 0.013339999999999907
89.8027 0.07333999999999996
90.1252 0.04666999999999977
90.4499 0.043340000000000156
90.7745 0.06000000000000005
91.0992 0.09667000000000003
91.4216 0.06334000000000017
91.7462 0.04666999999999977
92.0708 0.0866699999999998
92.3954 0.07333999999999996
92.7179 0.043340000000000156
93.0424 0.09667000000000003
93.367 0.0
93.6915 0.04666999999999977
94.0139 0.07333999999999996
94.3384 0.06334000000000017
94.6629 0.029999999999999805
94.9853 0.029999999999999805
95.3098 0.06334000000000017
95.6342 0.06999999999999984
95.9587 0.05667
96.281 0.08000000000000007
96.6055 0.08333999999999975
96.9299 0.07667000000000002
97.2522 0.06000000000000005
97.5766 0.040000000000000036
97.901 0.10999999999999988
98.2232 0.08000000000000007
98.5476 0.03666999999999998
98.8719 0.06999999999999984
99.1942 0.05333999999999994
99.5185 0.06999999999999984
99.8428 0.06000000000000005
100.165 0.05333999999999994
100.489 0.06999999999999984
100.814 0.07333999999999996
101.136 0.06334000000000017
101.46 0.08000000000000007
101.784 0.07333999999999996
102.106 0.06334000000000017
102.431 0.10000000000000009
102.755 0.10000000000000009
103.077 0.08000000000000007
103.401 0.06999999999999984
103.725 0.07333999999999996
104.047 0.07667000000000002
104.372 0.05667
104.696 0.08999999999999986
105.018 0.10333999999999977
105.342 0.11334
105.666 0.06334000000000017
105.988 0.08333999999999975
106.312 0.10999999999999988
106.634 0.10333999999999977
106.958 0.09333999999999998
107.282 0.08999999999999986
107.604 0.10000000000000009
107.928 0.10000000000000009
108.252 0.06999999999999984
108.574 0.09333999999999998
108.898 0.09333999999999998
109.22 0.0866699999999998
109.544 0.08999999999999986
109.868 0.07333999999999996
110.19 0.06000000000000005
110.514 0.07667000000000002
110.836 0.08333999999999975
111.159 0.07333999999999996
111.483 0.14000000000000012
111.805 0.05333999999999994
112.129 0.06999999999999984
112.451 0.06999999999999984
112.775 0.07333999999999996
113.096 0.09333999999999998
113.42 0.11334
113.744 0.08333999999999975
114.066 0.043340000000000156
114.39 0.10666999999999982
114.711 0.02666999999999975
115.035 0.10000000000000009
115.357 0.06999999999999984
115.681 0.06000000000000005
116.004 0.08000000000000007
116.326 0.05333999999999994
116.65 0.08999999999999986
116.971 0.0866699999999998
117.295 0.08000000000000007
117.617 0.06999999999999984
117.94 0.09333999999999998
118.262 0.08999999999999986
118.586 0.10000000000000009
118.907 0.06666999999999978
119.231 0.06666999999999978
119.554 0.08999999999999986
119.876 0.07667000000000002
120.199 0.10999999999999988
120.521 0.06999999999999984
120.845 0.0866699999999998
121.166 0.06999999999999984
121.49 0.06000000000000005
121.811 0.09667000000000003
122.135 0.10666999999999982
122.456 0.10000000000000009
122.78 0.07333999999999996
123.101 0.06999999999999984
123.424 0.09333999999999998
123.746 0.0866699999999998
124.069 0.09667000000000003
124.391 0.0866699999999998
124.714 0.07667000000000002
125.035 0.08999999999999986
125.359 0.10999999999999988
125.68 0.10999999999999988
126.004 0.07333999999999996
126.325 0.06999999999999984
126.648 0.08333999999999975
126.97 0.10333999999999977
127.291 0.08333999999999975
127.614 0.09667000000000003
127.935 0.10999999999999988
128.259 0.08333999999999975
128.58 0.09667000000000003
128.903 0.06666999999999978
129.224 0.09333999999999998
129.548 0.09333999999999998
129.869 0.08999999999999986
130.192 0.0866699999999998
130.513 0.06666999999999978
130.834 0.13334000000000001
131.158 0.08000000000000007
131.479 0.08999999999999986
131.802 0.10000000000000009
132.123 0.0866699999999998
132.446 0.09667000000000003
132.767 0.10000000000000009
133.09 0.10333999999999977
133.411 0.14666999999999986
133.733 0.07667000000000002
134.056 0.10333999999999977
134.377 0.08000000000000007
134.7 0.08333999999999975
135.021 0.10000000000000009
135.342 0.06999999999999984
135.665 0.06334000000000017
135.986 0.10999999999999988
136.309 0.07333999999999996
136.63 0.10333999999999977
136.951 0.0866699999999998
137.274 0.10333999999999977
137.595 0.07667000000000002
137.918 0.10000000000000009
138.238 0.10000000000000009
138.559 0.09667000000000003
138.882 0.11667000000000005
139.203 0.11667000000000005
139.526 0.09333999999999998
139.847 0.1433399999999998
140.168 0.08999999999999986
140.491 0.09667000000000003
140.811 0.08333999999999975
141.132 0.1299999999999999
141.455 0.10999999999999988
141.776 0.07667000000000002
142.097 0.12333999999999978
142.419 0.10666999999999982
142.74 0.10000000000000009
143.061 0.10999999999999988
143.384 0.08000000000000007
143.704 0.09333999999999998
144.027 0.11334
144.348 0.10000000000000009
144.668 0.13667000000000007
144.991 0.11667000000000005
145.312 0.04666999999999977
145.632 0.11334
145.955 0.06666999999999978
146.276 0.11667000000000005
146.596 0.11667000000000005
146.917 0.11667000000000005
147.24 0.1200000000000001
147.56 0.05333999999999994
147.881 0.08000000000000007
148.203 0.08999999999999986
148.524 0.07667000000000002
148.844 0.10999999999999988
149.167 0.05667
149.487 0.10333999999999977
149.808 0.10999999999999988
150.131 0.10999999999999988
150.451 0.08333999999999975
150.771 0.10000000000000009
151.092 0.11667000000000005
151.414 0.09333999999999998
151.735 0.10000000000000009
152.055 0.10999999999999988
152.378 0.0866699999999998
152.698 0.08333999999999975
153.018 0.11334
153.339 0.11667000000000005
153.661 0.08000000000000007
153.982 0.08000000000000007
154.302 0.10999999999999988
154.622 0.12333999999999978
154.945 0.1299999999999999
155.265 0.12333999999999978
155.585 0.14000000000000012
155.905 0.11667000000000005
156.228 0.10333999999999977
156.548 0.07333999999999996
156.868 0.12333999999999978
157.188 0.09667000000000003
157.511 0.10999999999999988
157.831 0.09667000000000003
158.151 0.10000000000000009
158.471 0.09333999999999998
158.794 0.14000000000000012
159.114 0.08333999999999975
159.434 0.11334
159.754 0.13667000000000007
160.074 0.10666999999999982
160.396 0.10999999999999988
160.717 0.07667000000000002
161.037 0.08333999999999975
161.357 0.08999999999999986
161.679 0.13667000000000007
161.999 0.12333999999999978
162.319 0.12666999999999984
162.639 0.15666999999999964
162.959 0.12666999999999984
163.281 0.1533399999999996
163.601 0.1433399999999998
163.921 0.1499999999999999
164.241 0.10666999999999982
164.561 0.1299999999999999
164.881 0.1533399999999996
165.203 0.13334000000000001
165.523 0.13667000000000007
165.843 0.10999999999999988
166.163 0.1200000000000001
166.483 0.1200000000000001
166.803 0.1499999999999999
167.125 0.10333999999999977
167.445 0.10000000000000009
167.764 0.11667000000000005
168.084 0.17000000000000037
168.404 0.14666999999999986
168.724 0.14000000000000012
169.046 0.11334
169.366 0.16667000000000032
169.685 0.10999999999999988
170.005 0.1299999999999999
170.325 0.12666999999999984
170.645 0.14000000000000012
170.964 0.14000000000000012
171.286 0.09667000000000003
171.606 0.14666999999999986
171.926 0.10333999999999977
172.245 0.10999999999999988
172.565 0.14666999999999986
172.885 0.1533399999999996
173.204 0.12333999999999978
173.524 0.08999999999999986
173.846 0.10666999999999982
174.166 0.0866699999999998
174.485 0.1533399999999996
174.805 0.14666999999999986
175.124 0.12666999999999984
175.444 0.14000000000000012
175.764 0.11334
176.083 0.10999999999999988
176.403 0.10333999999999977
176.722 0.14000000000000012
177.044 0.11334
177.363 0.11334
177.683 0.10666999999999982
178.002 0.15666999999999964
178.322 0.16667000000000032
178.641 0.16667000000000032
178.961 0.0866699999999998
179.28 0.1499999999999999
179.6 0.13667000000000007
179.919 0.1433399999999998
180.239 0.11334
180.558 0.12666999999999984
180.877 0.14666999999999986
181.197 0.10666999999999982
181.516 0.1533399999999996
181.838 0.13667000000000007
182.157 0.14000000000000012
182.476 0.14666999999999986
182.796 0.12666999999999984
183.115 0.16334000000000026
183.434 0.11334
183.754 0.12333999999999978
184.073 0.06666999999999978
184.392 0.11334
184.712 0.11334
185.031 0.14000000000000012
185.35 0.15666999999999964
185.669 0.11667000000000005
185.989 0.14000000000000012
186.308 0.10666999999999982
186.627 0.13334000000000001
186.946 0.08333999999999975
187.265 0.1200000000000001
187.585 0.09667000000000003
187.904 0.14000000000000012
188.223 0.12333999999999978
188.542 0.11667000000000005
188.861 0.13334000000000001
189.18 0.08333999999999975
189.499 0.08999999999999986
189.818 0.13334000000000001
190.138 0.15666999999999964
190.457 0.14666999999999986
190.776 0.14000000000000012
191.095 0.18333999999999984
191.414 0.15666999999999964
191.733 0.13334000000000001
192.052 0.1533399999999996
192.371 0.12333999999999978
192.69 0.15666999999999964
193.009 0.08999999999999986
193.328 0.12666999999999984
193.647 0.1433399999999998
193.966 0.12333999999999978
194.285 0.13334000000000001
194.602 0.1499999999999999
194.92 0.09333999999999998
195.239 0.13334000000000001
195.558 0.13334000000000001
195.877 0.14666999999999986
196.196 0.14000000000000012
196.515 0.1499999999999999
196.834 0.14000000000000012
197.153 0.13667000000000007
197.471 0.12333999999999978
197.79 0.14666999999999986
198.109 0.11334
198.428 0.13334000000000001
198.747 0.1299999999999999
199.065 0.17334000000000005
199.382 0.17334000000000005
199.701 0.1499999999999999
200.02 0.14000000000000012
200.338 0.12333999999999978
200.657 0.16334000000000026
200.976 0.1599999999999997
201.295 0.11667000000000005
201.613 0.13334000000000001
201.932 0.13667000000000007
202.251 0.13667000000000007
202.567 0.1299999999999999
202.886 0.1866699999999999
203.204 0.1599999999999997
203.523 0.1533399999999996
203.842 0.16334000000000026
204.16 0.16334000000000026
204.479 0.1599999999999997
204.797 0.1533399999999996
205.114 0.14666999999999986
205.433 0.12666999999999984
205.751 0.16667000000000032
206.07 0.16334000000000026
206.388 0.1533399999999996
206.707 0.17334000000000005
207.025 0.13667000000000007
207.342 0.18999999999999995
207.66 0.18999999999999995
207.979 0.14000000000000012
208.297 0.16334000000000026
208.615 0.1599999999999997
208.934 0.16334000000000026
209.25 0.1499999999999999
209.569 0.18000000000000016
209.887 0.15666999999999964
210.205 0.1599999999999997
210.524 0.18000000000000016
210.842 0.0866699999999998
211.158 0.16667000000000032
211.477 0.2033400000000003
211.795 0.15666999999999964
212.113 0.18000000000000016
212.432 0.1866699999999999
212.75 0.19333999999999962
213.066 0.13334000000000001
213.385 0.14000000000000012
213.703 0.17000000000000037
214.021 0.1766700000000001
214.339 0.15666999999999964
214.656 0.1200000000000001
214.974 0.1200000000000001
215.292 0.16334000000000026
215.61 0.15666999999999964
215.926 0.10333999999999977
216.245 0.13667000000000007
216.563 0.15666999999999964
216.881 0.16334000000000026
217.199 0.15666999999999964
217.515 0.1766700000000001
217.833 0.1533399999999996
218.151 0.18333999999999984
218.469 0.16667000000000032
218.785 0.18000000000000016
219.104 0.1866699999999999
219.422 0.1766700000000001
219.74 0.16334000000000026
220.056 0.19333999999999962
220.374 0.22666999999999993
220.692 0.1499999999999999
221.01 0.17334000000000005
221.326 0.16667000000000032
221.644 0.18333999999999984
221.962 0.17000000000000037
222.28 0.17000000000000037
222.596 0.16667000000000032
222.914 0.20999999999999952
223.232 0.18333999999999984
223.547 0.19333999999999962
223.865 0.1866699999999999
224.183 0.17334000000000005
224.501 0.17000000000000037
224.817 0.17000000000000037
225.135 0.15666999999999964
225.453 0.16667000000000032
225.768 0.23333999999999966
226.086 0.16334000000000026
226.404 0.17334000000000005
226.722 0.2033400000000003
227.038 0.19333999999999962
227.355 0.16334000000000026
227.673 0.1766700000000001
227.989 0.16334000000000026
228.307 0.19333999999999962
228.625 0.20667000000000035
228.94 0.20999999999999952
229.258 0.1533399999999996
229.576 0.17334000000000005
229.891 0.23999999999999977
230.209 0.22333999999999987
230.527 0.18333999999999984
230.842 0.20667000000000035
231.16 0.18999999999999995
231.478 0.15666999999999964
231.793 0.19999999999999973
232.111 0.1499999999999999
232.428 0.2033400000000003
232.744 0.16667000000000032
233.062 0.1766700000000001
233.379 0.27
233.695 0.17000000000000037
234.012 0.1766700000000001
234.33 0.2033400000000003
234.645 0.14000000000000012
234.963 0.16667000000000032
235.278 0.16667000000000032
235.596 0.19666999999999968
235.913 0.21334000000000009
236.229 0.1866699999999999
236.546 0.19333999999999962
236.864 0.15666999999999964
237.179 0.1866699999999999
237.497 0.19999999999999973
237.812 0.19666999999999968
238.129 0.2033400000000003
238.447 0.21334000000000009
238.762 0.18333999999999984
239.08 0.20667000000000035
239.395 0.2033400000000003
239.712 0.18999999999999995
240.03 0.22999999999999998
240.345 0.26000000000000023
240.662 0.22999999999999998
240.978 0.24999999999999956
241.295 0.20667000000000035
241.61 0.18000000000000016
241.927 0.2200000000000002
242.245 0.21334000000000009
242.56 0.2200000000000002
242.877 0.23666999999999971
243.192 0.22666999999999993
243.51 0.24334000000000033
243.825 0.1866699999999999
244.142 0.20999999999999952
244.459 0.21667000000000014
244.774 0.19666999999999968
245.092 0.2033400000000003
245.407 0.2200000000000002
245.724 0.1866699999999999
246.039 0.21334000000000009
246.356 0.21334000000000009
246.671 0.2200000000000002
246.988 0.17000000000000037
247.303 0.1866699999999999
247.62 0.22666999999999993
247.938 0.19666999999999968
248.253 0.24334000000000033
248.57 0.22333999999999987
248.885 0.1766700000000001
249.202 0.19333999999999962
249.517 0.18999999999999995
249.834 0.17000000000000037
250.149 0.12666999999999984
250.466 0.19333999999999962
250.781 0.16334000000000026
251.098 0.18333999999999984
251.412 0.17334000000000005
251.729 0.2033400000000003
252.044 0.18333999999999984
252.361 0.2200000000000002
252.676 0.19999999999999973
252.993 0.2533400000000001
253.308 0.19666999999999968
253.625 0.22666999999999993
253.94 0.19333999999999962
254.256 0.20667000000000035
254.571 0.18999999999999995
254.888 0.2033400000000003
255.203 0.18000000000000016
255.518 0.21334000000000009
255.834 0.23666999999999971
256.149 0.19999999999999973
256.466 0.19666999999999968
256.781 0.16667000000000032
257.097 0.21334000000000009
257.412 0.23333999999999966
257.729 0.18333999999999984
258.044 0.21667000000000014
258.36 0.18333999999999984
258.675 0.1866699999999999
258.99 0.17334000000000005
259.306 0.20667000000000035
259.621 0.24334000000000033
259.938 0.20667000000000035
260.252 0.18999999999999995
260.569 0.20999999999999952
260.883 0.18333999999999984
261.198 0.18000000000000016
261.515 0.19333999999999962
261.829 0.16667000000000032
262.146 0.2200000000000002
262.46 0.1766700000000001
262.775 0.17334000000000005
263.091 0.19999999999999973
263.406 0.1866699999999999
263.723 0.21334000000000009
264.037 0.1766700000000001
264.354 0.22666999999999993
264.668 0.20999999999999952
264.982 0.22666999999999993
265.299 0.1533399999999996
265.613 0.17000000000000037
265.928 0.1866699999999999
266.244 0.18000000000000016
266.559 0.18000000000000016
266.875 0.2200000000000002
267.189 0.1599999999999997
267.504 0.1866699999999999
267.82 0.1766700000000001
268.134 0.21667000000000014
268.449 0.19333999999999962
268.765 0.22333999999999987
269.079 0.22333999999999987
269.394 0.17000000000000037
269.71 0.18000000000000016
270.024 0.17000000000000037
270.341 0.19666999999999968
270.655 0.19666999999999968
270.969 0.22333999999999987
271.286 0.20999999999999952
271.6 0.17334000000000005
271.914 0.19333999999999962
272.23 0.1766700000000001
272.544 0.17000000000000037
272.859 0.18999999999999995
273.175 0.15666999999999964
273.489 0.16334000000000026
273.803 0.21667000000000014
274.119 0.21334000000000009
274.433 0.18333999999999984
274.747 0.20999999999999952
275.062 0.2200000000000002
275.378 0.16667000000000032
275.692 0.18333999999999984
276.006 0.19999999999999973
276.322 0.1766700000000001
276.636 0.20667000000000035
276.95 0.2033400000000003
277.266 0.18999999999999995
277.58 0.20667000000000035
277.894 0.23666999999999971
278.208 0.20667000000000035
278.524 0.24999999999999956
278.838 0.18000000000000016
279.152 0.18999999999999995
279.468 0.20999999999999952
279.782 0.19333999999999962
280.096 0.22999999999999998
280.41 0.22999999999999998
280.726 0.24334000000000033
281.04 0.20999999999999952
281.354 0.1866699999999999
281.668 0.21334000000000009
281.983 0.21334000000000009
282.297 0.20999999999999952
282.611 0.21667000000000014
282.925 0.16667000000000032
283.241 0.22999999999999998
283.555 0.19999999999999973
283.868 0.21334000000000009
284.182 0.21667000000000014
284.498 0.21667000000000014
284.812 0.2533400000000001
285.126 0.20999999999999952
285.439 0.2200000000000002
285.753 0.20667000000000035
286.069 0.20999999999999952
286.383 0.19666999999999968
286.696 0.2033400000000003
287.01 0.19333999999999962
287.326 0.22333999999999987
287.639 0.23666999999999971
287.953 0.18333999999999984
288.267 0.23333999999999966
288.58 0.23333999999999966
288.896 0.20667000000000035
289.21 0.17000000000000037
289.523 0.1866699999999999
289.837 0.19999999999999973
290.15 0.20999999999999952
290.466 0.22999999999999998
290.78 0.20999999999999952
291.093 0.23666999999999971
291.407 0.20667000000000035
291.72 0.1866699999999999
292.034 0.21667000000000014
292.349 0.19333999999999962
292.663 0.21667000000000014
292.976 0.21334000000000009
293.29 0.20667000000000035
293.603 0.21334000000000009
293.917 0.21334000000000009
294.232 0.19666999999999968
294.546 0.21667000000000014
294.859 0.1766700000000001
295.172 0.20667000000000035
295.486 0.19666999999999968
295.799 0.20999999999999952
296.113 0.21334000000000009
296.428 0.19666999999999968
296.741 0.23999999999999977
297.055 0.19666999999999968
297.368 0.19333999999999962
297.681 0.1866699999999999
297.995 0.22999999999999998
298.308 0.22999999999999998
298.621 0.22666999999999993
298.937 0.26000000000000023
299.25 0.19666999999999968
299.563 0.21334000000000009
299.876 0.19999999999999973
300.19 0.19999999999999973
300.503 0.24999999999999956
300.816 0.23999999999999977
301.129 0.2566700000000002
301.442 0.23999999999999977
301.756 0.19999999999999973
302.071 0.1866699999999999
302.384 0.19333999999999962
302.697 0.22666999999999993
303.01 0.23999999999999977
303.323 0.1766700000000001
303.637 0.22999999999999998
303.95 0.22666999999999993
304.263 0.21667000000000014
304.576 0.20667000000000035
304.889 0.23333999999999966
305.202 0.19666999999999968
305.515 0.18333999999999984
305.828 0.19666999999999968
306.141 0.23333999999999966
306.456 0.22333999999999987
306.769 0.1766700000000001
307.082 0.22333999999999987
307.395 0.24334000000000033
307.708 0.20999999999999952
308.021 0.22333999999999987
308.334 0.19999999999999973
308.647 0.2033400000000003
308.96 0.2033400000000003
309.273 0.20667000000000035
309.586 0.22666999999999993
309.899 0.23999999999999977
310.212 0.18999999999999995
310.525 0.22999999999999998
310.838 0.26666999999999996
311.15 0.19333999999999962
311.463 0.19333999999999962
311.776 0.20999999999999952
312.089 0.22333999999999987
312.402 0.22999999999999998
312.715 0.22666999999999993
313.027 0.21667000000000014
313.34 0.17000000000000037
313.653 0.22666999999999993
313.966 0.22999999999999998
314.278 0.23666999999999971
314.591 0.21667000000000014
314.904 0.20999999999999952
315.217 0.23333999999999966
315.529 0.1599999999999997
315.842 0.2200000000000002
316.155 0.23333999999999966
316.467 0.19333999999999962
316.78 0.2633399999999999
317.093 0.23666999999999971
317.405 0.24334000000000033
317.718 0.18333999999999984
318.031 0.24334000000000033
318.343 0.19999999999999973
318.656 0.2033400000000003
318.969 0.21334000000000009
319.281 0.2633399999999999
319.592 0.22666999999999993
319.904 0.2533400000000001
320.217 0.22999999999999998
320.529 0.2033400000000003
320.842 0.27
321.154 0.21334000000000009
321.467 0.24999999999999956
321.779 0.21667000000000014
322.092 0.21667000000000014
322.404 0.22666999999999993
322.717 0.22999999999999998
323.029 0.2200000000000002
323.342 0.2566700000000002
323.654 0.2799999999999998
323.965 0.2466700000000004
324.277 0.24334000000000033
324.589 0.23333999999999966
324.902 0.2566700000000002
325.214 0.26000000000000023
325.527 0.22999999999999998
325.839 0.30333999999999994
326.151 0.2799999999999998
326.464 0.2799999999999998
326.776 0.27666999999999975
327.086 0.2566700000000002
327.399 0.23666999999999971
327.711 0.2899999999999996
328.023 0.34334
328.335 0.2899999999999996
328.648 0.26000000000000023
328.96 0.26000000000000023
329.27 0.30000000000000027
329.582 0.29334000000000016
329.895 0.30333999999999994
330.207 0.33667000000000025
330.519 0.27
330.831 0.31000000000000005
331.143 0.34667000000000003
331.454 0.30000000000000027
331.766 0.31999999999999984
332.078 0.30333999999999994
332.39 0.32666999999999957
332.702 0.31333999999999973
333.014 0.30333999999999994
333.326 0.2966700000000002
333.636 0.35333999999999977
333.948 0.3299999999999996
334.261 0.27666999999999975
334.573 0.3233400000000004
334.885 0.28334000000000037
335.195 0.35333999999999977
335.507 0.3233400000000004
335.819 0.2799999999999998
336.131 0.3166699999999998
336.443 0.31999999999999984
336.753 0.27
337.065 0.3233400000000004
337.377 0.30000000000000027
337.689 0.2633399999999999
338.001 0.30667
338.31 0.28334000000000037
338.622 0.3166699999999998
338.934 0.29334000000000016
339.246 0.29334000000000016
339.558 0.28334000000000037
339.868 0.30000000000000027
340.18 0.2733399999999997
340.492 0.31000000000000005
340.804 0.28334000000000037
341.113 0.24999999999999956
341.425 0.31999999999999984
341.737 0.22666999999999993
342.049 0.2799999999999998
342.361 0.27666999999999975
342.67 0.32666999999999957
342.982 0.3166699999999998
343.294 0.28666999999999954
343.606 0.2899999999999996
343.915 0.27666999999999975
344.227 0.28334000000000037
344.539 0.2966700000000002
344.849 0.31999999999999984
345.16 0.2899999999999996
345.472 0.34334
345.784 0.2733399999999997
346.093 0.27666999999999975
346.405 0.30333999999999994
346.717 0.31999999999999984
347.028 0.31000000000000005
347.338 0.31000000000000005
347.649 0.38667000000000007
347.961 0.3566699999999998
348.271 0.30333999999999994
348.582 0.33667000000000025
348.894 0.29334000000000016
349.205 0.31333999999999973
349.515 0.29334000000000016
349.826 0.33667000000000025
350.138 0.26000000000000023
350.447 0.27
350.759 0.3333400000000002
351.07 0.30667
351.38 0.3566699999999998
351.691 0.29334000000000016
352.003 0.3333400000000002
352.312 0.3166699999999998
352.624 0.32666999999999957
352.935 0.36333999999999955
353.245 0.3166699999999998
353.556 0.2799999999999998
353.867 0.2966700000000002
354.177 0.30667
354.488 0.28666999999999954
354.799 0.30667
355.109 0.27666999999999975
355.42 0.2899999999999996
355.732 0.30333999999999994
356.041 0.32666999999999957
356.352 0.35333999999999977
356.663 0.27
356.973 0.33667000000000025
357.284 0.3500000000000001
357.593 0.31000000000000005
357.905 0.27
358.216 0.29334000000000016
358.525 0.27
358.836 0.3299999999999996
359.147 0.30333999999999994
359.457 0.27666999999999975
359.768 0.32666999999999957
360.077 0.3299999999999996
360.388 0.27
360.699 0.30333999999999994
361.008 0.28666999999999954
361.32 0.33667000000000025
361.629 0.2799999999999998
361.94 0.30000000000000027
362.251 0.2966700000000002
362.56 0.3166699999999998
362.871 0.34334
363.18 0.26666999999999996
363.491 0.29334000000000016
363.8 0.30333999999999994
364.111 0.31000000000000005
364.422 0.2799999999999998
364.731 0.30667
365.042 0.30000000000000027
365.351 0.31999999999999984
365.662 0.2899999999999996
365.971 0.30333999999999994
366.282 0.34334
366.593 0.34667000000000003
366.902 0.26000000000000023
367.213 0.2899999999999996
367.522 0.31333999999999973
367.833 0.2966700000000002
368.142 0.31333999999999973
368.453 0.2799999999999998
368.762 0.32666999999999957
369.073 0.28666999999999954
369.381 0.31999999999999984
369.692 0.28666999999999954
370.001 0.30667
370.312 0.28666999999999954
370.623 0.30667
370.932 0.2899999999999996
371.242 0.31000000000000005
371.551 0.28334000000000037
371.862 0.33667000000000025
372.171 0.27
372.482 0.30333999999999994
372.79 0.26666999999999996
373.101 0.3233400000000004
373.41 0.28666999999999954
373.721 0.31333999999999973
374.029 0.3400000000000003
374.34 0.2733399999999997
374.649 0.3166699999999998
374.959 0.2899999999999996
375.268 0.2733399999999997
375.577 0.31333999999999973
375.887 0.3400000000000003
376.196 0.2733399999999997
376.506 0.33667000000000025
376.815 0.31999999999999984
377.126 0.29334000000000016
377.434 0.31000000000000005
377.745 0.31000000000000005
378.053 0.26666999999999996
378.364 0.3166699999999998
378.672 0.30667
378.983 0.31333999999999973
379.292 0.30000000000000027
379.6 0.30000000000000027
379.911 0.27666999999999975
380.219 0.33667000000000025
380.53 0.32666999999999957
380.838 0.24999999999999956
381.148 0.30333999999999994
381.457 0.30333999999999994
381.767 0.30667
382.076 0.3299999999999996
382.384 0.31000000000000005
382.695 0.31333999999999973
383.003 0.30333999999999994
383.313 0.30333999999999994
383.622 0.3299999999999996
383.93 0.3666699999999996
384.24 0.3500000000000001
384.549 0.30333999999999994
384.859 0.33667000000000025
385.167 0.31333999999999973
385.476 0.3299999999999996
385.786 0.3333400000000002
386.094 0.32666999999999957
386.405 0.31333999999999973
386.713 0.3166699999999998
387.021 0.30667
387.331 0.34334
387.64 0.30667
387.948 0.30000000000000027
388.258 0.2899999999999996
388.566 0.3666699999999996
388.877 0.31000000000000005
389.185 0.3400000000000003
389.493 0.36999999999999966
389.803 0.34334
390.111 0.30667
390.419 0.3566699999999998
390.729 0.30000000000000027
391.038 0.3233400000000004
391.346 0.32666999999999957
391.656 0.3166699999999998
391.964 0.31999999999999984
392.272 0.35333999999999977
392.582 0.3299999999999996
392.89 0.34667000000000003
393.198 0.3500000000000001
393.508 0.2966700000000002
393.816 0.3299999999999996
394.124 0.3400000000000003
394.434 0.3566699999999998
394.742 0.3400000000000003
395.05 0.32666999999999957
395.36 0.3500000000000001
395.668 0.27666999999999975
395.976 0.31333999999999973
396.286 0.36333999999999955
396.594 0.34334
396.902 0.33667000000000025
397.21 0.3400000000000003
397.52 0.36333999999999955
397.828 0.31333999999999973
398.135 0.3566699999999998
398.445 0.3566699999999998
398.753 0.3400000000000003
399.061 0.31999999999999984
399.369 0.34334
399.679 0.39666999999999986
399.987 0.3500000000000001
400.294 0.3299999999999996
400.604 0.30000000000000027
400.912 0.36333999999999955
401.22 0.38000000000000034
401.527 0.31999999999999984
401.837 0.34667000000000003
402.145 0.38334
402.453 0.3166699999999998
402.76 0.3166699999999998
403.07 0.33667000000000025
403.378 0.35333999999999977
403.686 0.3999999999999999
403.993 0.3933399999999998
404.303 0.38334
404.611 0.36999999999999966
404.918 0.36999999999999966
405.226 0.3766700000000003
405.533 0.40666999999999964
405.843 0.3566699999999998
406.151 0.36333999999999955
406.458 0.36333999999999955
406.766 0.3566699999999998
407.076 0.4099999999999997
407.383 0.36999999999999966
407.691 0.4366699999999999
407.998 0.3666699999999996
408.306 0.40666999999999964
408.615 0.3900000000000001
408.923 0.40666999999999964
409.23 0.36999999999999966
409.538 0.4099999999999997
409.845 0.4200000000000004
410.153 0.38667000000000007
410.462 0.41334000000000026
410.77 0.38000000000000034
411.077 0.43000000000000016
411.384 0.38000000000000034
411.692 0.43999999999999995
412.001 0.45667000000000035
412.309 0.49334000000000033
412.616 0.46667000000000014
412.923 0.4533400000000003
413.231 0.43999999999999995
413.538 0.48
413.845 0.43333999999999984
414.155 0.5466700000000002
414.462 0.5433400000000002
414.769 0.5033400000000001
415.077 0.5466700000000002
415.384 0.5299999999999998
415.691 0.5333400000000004
415.999 0.5533399999999999
416.308 0.5799999999999996
416.615 0.5766699999999996
416.922 0.5866700000000002
417.23 0.6199999999999997
417.537 0.6066699999999998
417.844 0.6599999999999997
418.151 0.6266700000000003
418.458 0.6400000000000001
418.768 0.6866699999999999
419.075 0.6999999999999997
419.382 0.7600000000000002
419.689 0.77
419.996 0.8199999999999998
420.303 0.7833400000000004
420.61 0.8666699999999996
420.918 0.8766700000000003
421.225 0.9366699999999999
421.532 0.9566700000000004
421.841 1.0333400000000004
422.148 1.0100000000000002
422.455 1.0333400000000004
422.762 1.1099999999999999
423.069 1.1700000000000004
423.376 1.1599999999999997
423.683 1.1300000000000003
423.99 1.1533399999999996
424.297 1.1966699999999997
424.604 1.2533400000000001
424.911 1.17667
425.218 1.2899999999999996
425.525 1.27
425.832 1.2200000000000002
426.139 1.21334
426.446 1.1800000000000002
426.753 1.18667
427.061 1.1633400000000003
427.368 1.1466699999999999
427.675 1.0266699999999997
427.982 1.06
428.289 1.0466700000000002
428.596 1.0399999999999996
428.903 0.9766699999999999
429.209 0.9999999999999996
429.516 0.94
429.823 0.9166700000000003
430.13 0.94
430.437 0.8566699999999998
430.743 0.8033399999999999
431.05 0.81
431.357 0.7799999999999998
431.664 0.7533400000000001
431.97 0.7099999999999995
432.277 0.7166700000000001
432.584 0.7533400000000001
432.891 0.6533399999999996
433.197 0.63334
433.504 0.6133399999999996
433.811 0.6700000000000004
434.117 0.63334
434.424 0.5866700000000002
434.731 0.5699999999999998
435.037 0.5833400000000002
435.344 0.6433399999999998
435.65 0.5766699999999996
435.957 0.5733400000000004
436.262 0.5833400000000002
436.568 0.5699999999999998
436.875 0.5533399999999999
437.181 0.5333400000000004
437.488 0.5299999999999998
437.794 0.48333999999999966
438.101 0.5433400000000002
438.407 0.4700000000000002
438.714 0.5066700000000002
439.02 0.5633399999999997
439.327 0.4966700000000004
439.633 0.4866699999999997
439.94 0.5133399999999999
440.246 0.3900000000000001
440.553 0.47333999999999987
440.859 0.4700000000000002
441.163 0.5133399999999999
441.47 0.4866699999999997
441.776 0.4099999999999997
442.083 0.47333999999999987
442.389 0.48999999999999977
442.695 0.4200000000000004
443.002 0.45667000000000035
443.308 0.46667000000000014
443.614 0.47333999999999987
443.921 0.48
444.225 0.43999999999999995
444.531 0.45667000000000035
444.838 0.4700000000000002
445.144 0.4166700000000003
445.45 0.4366699999999999
445.757 0.45667000000000035
446.063 0.44999999999999973
446.369 0.43999999999999995
446.675 0.45667000000000035
446.979 0.4633400000000001
447.286 0.4433399999999996
447.592 0.41334000000000026
447.898 0.39666999999999986
448.204 0.45667000000000035
448.51 0.4200000000000004
448.817 0.43999999999999995
449.121 0.4200000000000004
449.427 0.4166700000000003
449.733 0.47333999999999987
450.039 0.49999999999999956
450.345 0.49334000000000033
450.651 0.45667000000000035
450.955 0.3999999999999999
451.261 0.48
451.568 0.43333999999999984
451.874 0.43999999999999995
452.18 0.5333400000000004
452.486 0.4533400000000003
452.79 0.4366699999999999
453.096 0.4366699999999999
453.402 0.4533400000000003
453.708 0.45667000000000035
454.014 0.46667000000000014
454.318 0.3999999999999999
454.624 0.4266700000000001
454.93 0.4366699999999999
455.236 0.4466699999999997
455.541 0.42334000000000005
455.845 0.45667000000000035
456.151 0.4366699999999999
456.457 0.3933399999999998
456.763 0.38334
457.067 0.3900000000000001
457.373 0.45667000000000035
457.679 0.43999999999999995
457.985 0.3900000000000001
458.29 0.4366699999999999
458.594 0.4166700000000003
458.9 0.4466699999999997
459.206 0.43000000000000016
459.512 0.36999999999999966
459.815 0.41334000000000026
460.121 0.3666699999999996
460.427 0.3933399999999998
460.733 0.4366699999999999
461.036 0.3999999999999999
461.342 0.4366699999999999
461.648 0.46667000000000014
461.954 0.4166700000000003
462.257 0.4033399999999996
462.563 0.41334000000000026
462.869 0.36333999999999955
463.172 0.42334000000000005
463.478 0.3999999999999999
463.784 0.42334000000000005
464.089 0.42334000000000005
464.393 0.40666999999999964
464.699 0.4033399999999996
465.004 0.4200000000000004
465.308 0.4099999999999997
465.613 0.4033399999999996
465.919 0.42334000000000005
466.225 0.39666999999999986
466.528 0.4033399999999996
466.834 0.41334000000000026
467.139 0.4033399999999996
467.443 0.3999999999999999
467.748 0.4033399999999996
468.054 0.40666999999999964
468.357 0.40666999999999964
468.663 0.38334
468.968 0.4033399999999996
469.272 0.38667000000000007
469.577 0.42334000000000005
469.883 0.43000000000000016
470.186 0.3999999999999999
470.492 0.38667000000000007
470.797 0.38000000000000034
471.1 0.5299999999999998
471.406 0.48333999999999966
471.711 0.3999999999999999
472.014 0.45667000000000035
472.32 0.43333999999999984
472.625 0.4200000000000004
472.929 0.44999999999999973
473.234 0.43999999999999995
473.539 0.4700000000000002
473.843 0.4200000000000004
474.148 0.4033399999999996
474.451 0.4766699999999999
474.756 0.44999999999999973
475.062 0.4966700000000004
475.365 0.44999999999999973
475.67 0.42334000000000005
475.973 0.43999999999999995
476.279 0.4433399999999996
476.584 0.44999999999999973
476.887 0.4366699999999999
477.192 0.5133399999999999
477.498 0.49999999999999956
477.801 0.44999999999999973
478.106 0.4966700000000004
478.409 0.5866700000000002
478.714 0.67334
479.017 0.77
479.322 0.7533400000000001
479.628 0.7633399999999999
479.931 0.7033400000000003
480.236 0.8000000000000003
480.539 0.7799999999999998
480.844 0.7633399999999999
481.147 0.76667
481.452 0.8033399999999999
481.757 0.7566700000000002
482.06 0.8133399999999997
482.365 0.8233400000000004
482.668 0.84667
482.973 0.7200000000000002
483.276 0.7600000000000002
483.581 0.8033399999999999
483.884 0.7533400000000001
484.189 0.7766699999999997
484.494 0.67334
484.797 0.6766700000000001
485.102 0.59334
485.405 0.4966700000000004
485.71 0.5633399999999997
486.013 0.5066700000000002
486.318 0.46667000000000014
486.621 0.47333999999999987
486.925 0.47333999999999987
487.228 0.48
487.533 0.49334000000000033
487.836 0.47333999999999987
488.141 0.4433399999999996
488.444 0.44999999999999973
488.748 0.43999999999999995
489.051 0.43999999999999995
489.356 0.41334000000000026
489.659 0.4633400000000001
489.964 0.4166700000000003
490.266 0.4466699999999997
490.571 0.39666999999999986
490.874 0.4033399999999996
491.179 0.4166700000000003
491.481 0.4166700000000003
491.786 0.41334000000000026
492.089 0.40666999999999964
492.393 0.38334
492.696 0.43000000000000016
493.001 0.3666699999999996
493.303 0.3400000000000003
493.606 0.4200000000000004
493.911 0.38334
494.213 0.3900000000000001
494.518 0.41334000000000026
494.821 0.36999999999999966
495.125 0.3333400000000002
495.428 0.36333999999999955
495.732 0.3400000000000003
496.035 0.3999999999999999
496.337 0.4200000000000004
496.642 0.36999999999999966
496.945 0.33667000000000025
497.249 0.3599999999999999
497.552 0.3733400000000002
497.856 0.38667000000000007
498.159 0.3566699999999998
498.461 0.38000000000000034
498.766 0.34334
499.068 0.38667000000000007
499.372 0.36999999999999966
499.675 0.38334
499.977 0.35333999999999977
500.282 0.35333999999999977
500.584 0.35333999999999977
500.889 0.3900000000000001
501.191 0.34667000000000003
501.493 0.36333999999999955
501.798 0.3666699999999996
502.1 0.3766700000000003
502.402 0.3933399999999998
502.707 0.3666699999999996
503.009 0.3333400000000002
503.314 0.38667000000000007
503.616 0.3566699999999998
503.918 0.3299999999999996
504.222 0.35333999999999977
504.525 0.3400000000000003
504.827 0.3500000000000001
505.131 0.3933399999999998
505.433 0.3333400000000002
505.736 0.38334
506.04 0.3666699999999996
506.342 0.31333999999999973
506.646 0.4033399999999996
506.949 0.38000000000000034
507.251 0.3733400000000002
507.555 0.39666999999999986
507.857 0.4033399999999996
508.159 0.3599999999999999
508.461 0.3733400000000002
508.766 0.3400000000000003
509.068 0.36333999999999955
509.37 0.3233400000000004
509.674 0.3400000000000003
509.976 0.3733400000000002
510.278 0.36999999999999966
510.582 0.3500000000000001
510.884 0.3500000000000001
511.186 0.36999999999999966
511.49 0.3766700000000003
511.792 0.35333999999999977
512.094 0.3999999999999999
512.396 0.3933399999999998
512.701 0.3900000000000001
513.003 0.3566699999999998
513.305 0.3500000000000001
513.609 0.36333999999999955
513.91 0.33667000000000025
514.212 0.3766700000000003
514.514 0.36999999999999966
514.818 0.3500000000000001
515.12 0.4200000000000004
515.422 0.34667000000000003
515.724 0.3566699999999998
516.028 0.3566699999999998
516.33 0.3900000000000001
516.632 0.3566699999999998
516.934 0.38000000000000034
517.237 0.35333999999999977
517.539 0.2966700000000002
517.841 0.3566699999999998
518.143 0.38334
518.447 0.38667000000000007
518.749 0.3299999999999996
519.05 0.38334
519.352 0.36333999999999955
519.656 0.3299999999999996
519.958 0.3166699999999998
520.26 0.33667000000000025
520.561 0.3333400000000002
520.863 0.31999999999999984
521.167 0.3733400000000002
521.468 0.40666999999999964
521.77 0.4166700000000003
522.072 0.36333999999999955
522.376 0.38334
522.677 0.3999999999999999
522.979 0.35333999999999977
523.281 0.38334
523.582 0.33667000000000025
523.884 0.38667000000000007
524.187 0.3766700000000003
524.489 0.3599999999999999
524.791 0.38000000000000034
525.092 0.36999999999999966
525.394 0.3933399999999998
525.697 0.36333999999999955
525.999 0.38334
526.301 0.3733400000000002
526.602 0.36333999999999955
526.904 0.3733400000000002
527.205 0.36999999999999966
527.507 0.43333999999999984
527.81 0.36333999999999955
528.112 0.40666999999999964
528.413 0.3766700000000003
528.715 0.3400000000000003
529.016 0.3933399999999998
529.318 0.4033399999999996
529.619 0.38000000000000034
529.922 0.40666999999999964
530.224 0.3566699999999998
530.525 0.38334
530.827 0.38667000000000007
531.128 0.3666699999999996
531.429 0.4266700000000001
531.731 0.3566699999999998
532.032 0.35333999999999977
532.336 0.36333999999999955
532.637 0.31999999999999984
532.938 0.3500000000000001
533.24 0.4200000000000004
533.541 0.38334
533.842 0.3599999999999999
534.143 0.36333999999999955
534.445 0.4033399999999996
534.746 0.4166700000000003
535.047 0.36999999999999966
535.351 0.43333999999999984
535.652 0.38334
535.953 0.3933399999999998
536.254 0.36333999999999955
536.555 0.43999999999999995
536.857 0.43000000000000016
537.158 0.3933399999999998
537.459 0.4533400000000003
537.76 0.38000000000000034
538.061 0.38667000000000007
538.362 0.3766700000000003
538.664 0.38667000000000007
538.965 0.38667000000000007
539.266 0.3766700000000003
539.567 0.4033399999999996
539.868 0.33667000000000025
540.169 0.3566699999999998
540.472 0.38667000000000007
540.773 0.41334000000000026
541.074 0.39666999999999986
541.375 0.4166700000000003
541.677 0.3900000000000001
541.978 0.38334
542.279 0.3999999999999999
542.58 0.4200000000000004
542.881 0.39666999999999986
543.182 0.3999999999999999
543.483 0.3599999999999999
543.784 0.40666999999999964
544.085 0.38000000000000034
544.385 0.43999999999999995
544.686 0.3933399999999998
544.987 0.4166700000000003
545.288 0.38334
545.589 0.41334000000000026
545.89 0.31999999999999984
546.191 0.43999999999999995
546.492 0.3933399999999998
546.793 0.3999999999999999
547.094 0.3900000000000001
547.394 0.4166700000000003
547.695 0.38667000000000007
547.996 0.4533400000000003
548.297 0.39666999999999986
548.596 0.43000000000000016
548.897 0.4366699999999999
549.197 0.4166700000000003
549.498 0.39666999999999986
549.799 0.4166700000000003
550.1 0.4533400000000003
550.4 0.44999999999999973
550.701 0.43999999999999995
551.002 0.4766699999999999
551.303 0.4599999999999995
551.603 0.4466699999999997
551.904 0.5033400000000001
552.205 0.4766699999999999
552.505 0.49999999999999956
552.806 0.52
553.107 0.5133399999999999
553.407 0.5133399999999999
553.706 0.5299999999999998
554.007 0.5299999999999998
554.307 0.5866700000000002
554.608 0.6033399999999998
554.909 0.6066699999999998
555.209 0.6066699999999998
555.51 0.59667
555.81 0.59334
556.111 0.6000000000000001
556.411 0.5766699999999996
556.71 0.5366699999999995
557.01 0.6000000000000001
557.311 0.52
557.612 0.5433400000000002
557.912 0.5366699999999995
558.213 0.5266699999999997
558.513 0.5533399999999999
558.813 0.5233399999999997
559.112 0.4700000000000002
559.412 0.5100000000000002
559.713 0.5100000000000002
560.013 0.5133399999999999
560.314 0.4766699999999999
560.614 0.5299999999999998
560.914 0.5266699999999997
561.213 0.5033400000000001
561.513 0.46667000000000014
561.814 0.4766699999999999
562.114 0.48999999999999977
562.414 0.42334000000000005
562.715 0.4633400000000001
563.015 0.43333999999999984
563.313 0.43999999999999995
563.614 0.44999999999999973
563.914 0.36999999999999966
564.214 0.4599999999999995
564.515 0.4200000000000004
564.813 0.4466699999999997
565.113 0.38334
565.413 0.44999999999999973
565.714 0.4033399999999996
566.014 0.4366699999999999
566.312 0.46667000000000014
566.612 0.43999999999999995
566.912 0.4033399999999996
567.213 0.3999999999999999
567.513 0.4200000000000004
567.811 0.43000000000000016
568.111 0.4166700000000003
568.411 0.3933399999999998
568.712 0.3999999999999999
569.012 0.43333999999999984
569.31 0.4099999999999997
569.61 0.3566699999999998
569.91 0.4166700000000003
570.21 0.4033399999999996
570.508 0.43000000000000016
570.808 0.41334000000000026
571.108 0.3599999999999999
571.408 0.43333999999999984
571.706 0.3900000000000001
572.006 0.3733400000000002
572.306 0.39666999999999986
572.607 0.3299999999999996
572.904 0.39666999999999986
573.204 0.4599999999999995
573.505 0.36333999999999955
573.805 0.36999999999999966
574.102 0.4099999999999997
574.402 0.3900000000000001
574.702 0.46667000000000014
575.002 0.3766700000000003
575.3 0.41334000000000026
575.6 0.3666699999999996
575.9 0.43000000000000016
576.198 0.4166700000000003
576.498 0.3733400000000002
576.798 0.4099999999999997
577.098 0.39666999999999986
577.395 0.41334000000000026
577.695 0.36333999999999955
577.995 0.4033399999999996
578.293 0.41334000000000026
578.593 0.32666999999999957
578.893 0.4033399999999996
579.19 0.4266700000000001
579.49 0.3999999999999999
579.79 0.3999999999999999
580.088 0.3500000000000001
580.387 0.4266700000000001
580.687 0.4200000000000004
580.985 0.3400000000000003
581.285 0.3599999999999999
581.584 0.3233400000000004
581.882 0.4099999999999997
582.182 0.38000000000000034
582.482 0.36999999999999966
582.779 0.39666999999999986
583.079 0.3566699999999998
583.378 0.3933399999999998
583.676 0.42334000000000005
583.976 0.4366699999999999
584.275 0.3933399999999998
584.573 0.43999999999999995
584.873 0.4033399999999996
585.17 0.38000000000000034
585.47 0.33667000000000025
585.769 0.43333999999999984
586.067 0.4166700000000003
586.367 0.36333999999999955
586.666 0.39666999999999986
586.964 0.4200000000000004
587.263 0.4033399999999996
587.561 0.36333999999999955
587.86 0.4166700000000003
588.16 0.38334
588.457 0.40666999999999964
588.757 0.4033399999999996
589.054 0.38667000000000007
589.354 0.41334000000000026
589.653 0.38000000000000034
589.951 0.4266700000000001
590.25 0.3599999999999999
590.547 0.42334000000000005
590.847 0.3766700000000003
591.144 0.39666999999999986
591.444 0.43999999999999995
591.743 0.43333999999999984
592.04 0.40666999999999964
592.34 0.3933399999999998
592.637 0.43333999999999984
592.936 0.4466699999999997
593.234 0.3999999999999999
593.533 0.3933399999999998
593.832 0.3999999999999999
594.13 0.40666999999999964
594.429 0.3733400000000002
594.726 0.3999999999999999
595.026 0.4433399999999996
595.323 0.43333999999999984
595.622 0.36333999999999955
595.919 0.3999999999999999
596.219 0.46667000000000014
596.516 0.44999999999999973
596.815 0.4166700000000003
597.112 0.4466699999999997
597.411 0.36999999999999966
597.709 0.38667000000000007
598.008 0.41334000000000026
598.305 0.36333999999999955
598.604 0.3766700000000003
598.901 0.3900000000000001
599.2 0.4099999999999997
599.497 0.41334000000000026
599.797 0.43000000000000016
600.094 0.43999999999999995
600.393 0.40666999999999964
600.69 0.38334
600.989 0.3999999999999999
601.286 0.39666999999999986
601.585 0.33667000000000025
601.882 0.42334000000000005
602.181 0.38000000000000034
602.478 0.4200000000000004
602.777 0.4599999999999995
603.074 0.38334
603.373 0.4033399999999996
603.67 0.4466699999999997
603.969 0.44999999999999973
604.266 0.43000000000000016
604.563 0.4033399999999996
604.862 0.46667000000000014
605.159 0.41334000000000026
605.458 0.4166700000000003
605.755 0.43333999999999984
606.054 0.4866699999999997
606.351 0.4200000000000004
606.65 0.4466699999999997
606.946 0.46667000000000014
607.243 0.4633400000000001
607.542 0.4533400000000003
607.839 0.38667000000000007
608.138 0.43000000000000016
608.435 0.4366699999999999
608.732 0.4099999999999997
609.03 0.4866699999999997
609.327 0.41334000000000026
609.626 0.4533400000000003
609.923 0.4200000000000004
610.22 0.47333999999999987
610.518 0.4466699999999997
610.815 0.45667000000000035
611.114 0.4533400000000003
611.411 0.5366699999999995
611.707 0.5133399999999999
612.006 0.4700000000000002
612.303 0.46667000000000014
612.601 0.4466699999999997
612.898 0.48333999999999966
613.195 0.5066700000000002
613.493 0.49999999999999956
613.79 0.5333400000000004
614.087 0.49334000000000033
614.385 0.4599999999999995
614.682 0.5100000000000002
614.979 0.4766699999999999
615.277 0.5100000000000002
615.574 0.5233399999999997
615.87 0.4700000000000002
616.169 0.56
616.466 0.5433400000000002
616.764 0.5133399999999999
617.061 0.56
617.357 0.51667
617.656 0.48
617.952 0.4700000000000002
618.249 0.48333999999999966
618.545 0.4866699999999997
618.844 0.4599999999999995
619.14 0.4633400000000001
619.437 0.4366699999999999
619.735 0.4366699999999999
620.032 0.3933399999999998
620.328 0.4633400000000001
620.626 0.4366699999999999
620.923 0.3900000000000001
621.219 0.48333999999999966
621.518 0.39666999999999986
621.814 0.4433399999999996
622.11 0.42334000000000005
622.407 0.4200000000000004
622.705 0.4266700000000001
623.002 0.4166700000000003
623.298 0.43999999999999995
623.594 0.4466699999999997
623.893 0.44999999999999973
624.189 0.4366699999999999
624.485 0.4533400000000003
624.784 0.4099999999999997
625.08 0.4200000000000004
625.376 0.38334
625.672 0.4466699999999997
625.971 0.3900000000000001
626.267 0.42334000000000005
626.563 0.3999999999999999
626.859 0.45667000000000035
627.158 0.4200000000000004
627.454 0.44999999999999973
627.75 0.44999999999999973
628.046 0.43999999999999995
628.342 0.4533400000000003
628.641 0.42334000000000005
628.937 0.4466699999999997
629.233 0.41334000000000026
629.529 0.48333999999999966
629.827 0.40666999999999964
630.123 0.43333999999999984
630.419 0.4099999999999997
630.715 0.3599999999999999
631.011 0.3999999999999999
631.31 0.4466699999999997
631.606 0.4099999999999997
631.902 0.4433399999999996
632.198 0.43000000000000016
632.494 0.4099999999999997
632.792 0.38334
633.088 0.41334000000000026
633.384 0.43000000000000016
633.68 0.38334
633.976 0.42334000000000005
634.272 0.45667000000000035
634.57 0.5366699999999995
634.866 0.4599999999999995
635.162 0.4033399999999996
635.458 0.40666999999999964
635.754 0.4099999999999997
636.05 0.43000000000000016
636.347 0.44999999999999973
636.643 0.4200000000000004
636.939 0.3666699999999996
637.235 0.43333999999999984
637.531 0.38667000000000007
637.827 0.45667000000000035
638.123 0.4200000000000004
638.421 0.43999999999999995
638.716 0.47333999999999987
639.012 0.4433399999999996
639.308 0.38000000000000034
639.604 0.43999999999999995
639.9 0.45667000000000035
640.195 0.4466699999999997
640.491 0.43333999999999984
640.789 0.46667000000000014
641.085 0.41334000000000026
641.381 0.4633400000000001
641.676 0.4366699999999999
641.972 0.43999999999999995
642.268 0.4266700000000001
642.563 0.45667000000000035
642.859 0.39666999999999986
643.155 0.38000000000000034
643.451 0.4766699999999999
643.746 0.3599999999999999
644.044 0.4766699999999999
644.34 0.43333999999999984
644.635 0.44999999999999973
644.931 0.4433399999999996
645.227 0.36999999999999966
645.522 0.4633400000000001
645.818 0.43999999999999995
646.113 0.4200000000000004
646.409 0.42334000000000005
646.704 0.43333999999999984
647.0 0.41334000000000026
647.296 0.4766699999999999
647.591 0.5233399999999997
647.887 0.38000000000000034
648.182 0.5100000000000002
648.478 0.4200000000000004
648.773 0.4200000000000004
649.069 0.4700000000000002
649.366 0.43333999999999984
649.662 0.44999999999999973
649.957 0.4966700000000004
650.253 0.4966700000000004
650.548 0.3999999999999999
650.844 0.4866699999999997
651.139 0.4533400000000003
651.434 0.4366699999999999
651.73 0.4700000000000002
652.025 0.48333999999999966
652.321 0.4366699999999999
652.616 0.5066700000000002
652.911 0.44999999999999973
653.207 0.47333999999999987
653.502 0.4200000000000004
653.797 0.4433399999999996
654.093 0.4533400000000003
654.388 0.4866699999999997
654.683 0.43333999999999984
654.979 0.48333999999999966
655.274 0.49334000000000033
655.567 0.5066700000000002
655.863 0.5466700000000002
656.158 0.4433399999999996
656.453 0.5100000000000002
656.748 0.5500000000000003
657.044 0.52
657.339 0.5733400000000004
657.634 0.5299999999999998
657.929 0.5433400000000002
658.224 0.5433400000000002
658.52 0.6033399999999998
658.815 0.6199999999999997
659.11 0.5799999999999996
659.405 0.6199999999999997
659.7 0.5733400000000004
659.995 0.6199999999999997
660.291 0.6833399999999998
660.586 0.6433399999999998
660.879 0.6666700000000003
661.174 0.67334
661.469 0.6933399999999996
661.764 0.6766700000000001
662.059 0.63334
662.354 0.6766700000000001
662.649 0.7033400000000003
662.944 0.6599999999999997
663.239 0.6133399999999996
663.534 0.6933399999999996
663.83 0.6366700000000001
664.122 0.6966699999999997
664.417 0.6700000000000004
664.713 0.6466699999999999
665.008 0.6400000000000001
665.302 0.6300000000000003
665.597 0.5533399999999999
665.892 0.5766699999999996
666.187 0.6033399999999998
666.48 0.5866700000000002
666.775 0.5866700000000002
667.07 0.5699999999999998
667.365 0.5666699999999998
667.66 0.51667
667.955 0.51667
668.25 0.51667
668.542 0.5766699999999996
668.837 0.48999999999999977
669.132 0.49334000000000033
669.427 0.49334000000000033
669.722 0.5233399999999997
670.017 0.5100000000000002
670.31 0.52
670.604 0.51667
670.899 0.5066700000000002
671.194 0.51667
671.489 0.4466699999999997
671.783 0.48333999999999966
672.076 0.4599999999999995
672.371 0.3999999999999999
672.666 0.4599999999999995
672.96 0.46667000000000014
673.255 0.4633400000000001
673.548 0.48333999999999966
673.842 0.44999999999999973
674.137 0.39666999999999986
674.432 0.4433399999999996
674.727 0.5033400000000001
675.019 0.49999999999999956
675.314 0.4966700000000004
675.608 0.4700000000000002
675.903 0.4433399999999996
676.196 0.47333999999999987
676.49 0.4700000000000002
676.785 0.44999999999999973
677.079 0.43000000000000016
677.374 0.48333999999999966
677.667 0.4466699999999997
677.961 0.4466699999999997
678.256 0.45667000000000035
678.55 0.4533400000000003
678.843 0.48333999999999966
679.137 0.4700000000000002
679.432 0.46667000000000014
679.726 0.3999999999999999
680.019 0.44999999999999973
680.313 0.44999999999999973
680.608 0.46667000000000014
680.902 0.43333999999999984
681.195 0.4366699999999999
681.489 0.4599999999999995
681.784 0.4166700000000003
682.076 0.38667000000000007
682.37 0.43333999999999984
682.665 0.4466699999999997
682.959 0.43333999999999984
683.252 0.47333999999999987
683.546 0.4099999999999997
683.84 0.41334000000000026
684.133 0.4633400000000001
684.427 0.4433399999999996
684.721 0.45667000000000035
685.014 0.4266700000000001
685.308 0.43333999999999984
685.602 0.4366699999999999
685.895 0.45667000000000035
686.189 0.4166700000000003
686.483 0.4200000000000004
686.778 0.43333999999999984
687.07 0.43333999999999984
687.364 0.45667000000000035
687.658 0.4366699999999999
687.951 0.4466699999999997
688.245 0.43000000000000016
688.537 0.4599999999999995
688.831 0.3933399999999998
689.125 0.48999999999999977
689.418 0.41334000000000026
689.712 0.3900000000000001
690.006 0.4166700000000003
690.298 0.39666999999999986
690.592 0.43333999999999984
690.886 0.43000000000000016
691.178 0.4466699999999997
691.473 0.40666999999999964
691.767 0.4033399999999996
692.059 0.4433399999999996
692.353 0.4366699999999999
692.645 0.40666999999999964
692.939 0.4766699999999999
693.233 0.42334000000000005
693.525 0.3566699999999998
693.819 0.3900000000000001
694.111 0.4633400000000001
694.405 0.39666999999999986
694.699 0.44999999999999973
694.991 0.42334000000000005
695.285 0.44999999999999973
695.577 0.4633400000000001
695.871 0.4166700000000003
696.165 0.4166700000000003
696.457 0.40666999999999964
696.751 0.4866699999999997
697.043 0.4099999999999997
697.337 0.43999999999999995
697.629 0.4599999999999995
697.923 0.38334
698.217 0.3900000000000001
698.509 0.4166700000000003
698.802 0.41334000000000026
699.094 0.4099999999999997
699.388 0.4466699999999997
699.68 0.5100000000000002
699.974 0.4266700000000001
700.266 0.4366699999999999
700.56 0.46667000000000014
700.853 0.44999999999999973
701.145 0.43999999999999995
701.439 0.43000000000000016
701.731 0.43999999999999995
702.025 0.4366699999999999
702.316 0.46667000000000014
702.61 0.4200000000000004
702.902 0.4033399999999996
703.196 0.43333999999999984
703.487 0.43999999999999995
703.781 0.43000000000000016
704.073 0.3900000000000001
704.367 0.38667000000000007
704.658 0.4099999999999997
704.952 0.4466699999999997
705.244 0.3900000000000001
705.537 0.5033400000000001
705.829 0.4366699999999999
706.122 0.3933399999999998
706.414 0.3900000000000001
706.708 0.4166700000000003
706.999 0.4033399999999996
707.293 0.4599999999999995
