# Created: 2019-11-28 14:34:53.365328
# rshift intensity
76.1738 0.04667000000000021
76.4989 0.040000000000000036
76.824 0.05332999999999988
77.1491 0.050000000000000266
77.4721 0.03666999999999998
77.7972 0.020000000000000018
78.1223 0.013330000000000286
78.4474 0.020000000000000018
78.7724 0.05332999999999988
79.0975 0.020000000000000018
79.4204 0.03000000000000025
79.7454 0.03332999999999986
80.0704 0.05332999999999988
80.3954 0.050000000000000266
80.7204 0.010000000000000231
81.0454 0.03666999999999998
81.3682 0.03332999999999986
81.6931 0.040000000000000036
82.0181 0.03000000000000025
82.343 0.04333000000000009
82.6679 0.040000000000000036
82.9907 0.03000000000000025
83.3156 0.026670000000000194
83.6405 0.040000000000000036
83.9654 0.03666999999999998
84.2903 0.03332999999999986
84.613 0.04333000000000009
84.9378 0.026670000000000194
85.2626 0.03666999999999998
85.5875 0.040000000000000036
85.9101 0.006670000000000176
86.2349 0.023330000000000073
86.5597 0.020000000000000018
86.8845 0.050000000000000266
87.2093 0.03666999999999998
87.5319 0.026670000000000194
87.8566 0.040000000000000036
88.1814 0.03000000000000025
88.5061 0.03666999999999998
88.8286 0.023330000000000073
89.1533 0.03332999999999986
89.478 0.04667000000000021
89.8027 0.03332999999999986
90.1252 0.03666999999999998
90.4499 0.040000000000000036
90.7745 0.03000000000000025
91.0992 0.0
91.4216 0.04333000000000009
91.7462 0.03332999999999986
92.0708 0.03000000000000025
92.3954 0.050000000000000266
92.7179 0.03000000000000025
93.0424 0.04667000000000021
93.367 0.03332999999999986
93.6915 0.03000000000000025
94.0139 0.026670000000000194
94.3384 0.03666999999999998
94.6629 0.013330000000000286
94.9853 0.026670000000000194
95.3098 0.020000000000000018
95.6342 0.040000000000000036
95.9587 0.050000000000000266
96.281 0.05332999999999988
96.6055 0.04667000000000021
96.9299 0.04333000000000009
97.2522 0.03332999999999986
97.5766 0.03666999999999998
97.901 0.040000000000000036
98.2232 0.04333000000000009
98.5476 0.03666999999999998
98.8719 0.03000000000000025
99.1942 0.03666999999999998
99.5185 0.020000000000000018
99.8428 0.06000000000000005
100.165 0.03666999999999998
100.489 0.05332999999999988
100.814 0.016669999999999963
101.136 0.026670000000000194
101.46 0.016669999999999963
101.784 0.040000000000000036
102.106 0.04333000000000009
102.431 0.05667
102.755 0.05667
103.077 0.03000000000000025
103.401 0.0733299999999999
103.725 0.040000000000000036
104.047 0.06000000000000005
104.372 0.08667000000000025
104.696 0.06333000000000011
105.018 0.013330000000000286
105.342 0.06667000000000023
105.666 0.06000000000000005
105.988 0.04667000000000021
106.312 0.05332999999999988
106.634 0.04333000000000009
106.958 0.040000000000000036
107.282 0.04333000000000009
107.604 0.040000000000000036
107.928 0.040000000000000036
108.252 0.04667000000000021
108.574 0.026670000000000194
108.898 0.03000000000000025
109.22 0.03666999999999998
109.544 0.013330000000000286
109.868 0.04333000000000009
110.19 0.050000000000000266
110.514 0.04333000000000009
110.836 0.04333000000000009
111.159 0.023330000000000073
111.483 0.016669999999999963
111.805 0.05332999999999988
112.129 0.026670000000000194
112.451 0.023330000000000073
112.775 0.026670000000000194
113.096 0.03666999999999998
113.42 0.040000000000000036
113.744 0.06333000000000011
114.066 0.03666999999999998
114.39 0.05332999999999988
114.711 0.05332999999999988
115.035 0.020000000000000018
115.357 0.05667
115.681 0.0
116.004 0.03332999999999986
116.326 0.03666999999999998
116.65 0.03332999999999986
116.971 0.050000000000000266
117.295 0.050000000000000266
117.617 0.020000000000000018
117.94 0.03332999999999986
118.262 0.04333000000000009
118.586 0.03000000000000025
118.907 0.05332999999999988
119.231 0.06667000000000023
119.554 0.03000000000000025
119.876 0.04667000000000021
120.199 0.050000000000000266
120.521 0.05332999999999988
120.845 0.03666999999999998
121.166 0.03332999999999986
121.49 0.05332999999999988
121.811 0.04667000000000021
122.135 0.04667000000000021
122.456 0.040000000000000036
122.78 0.04333000000000009
123.101 0.04333000000000009
123.424 0.05667
123.746 0.026670000000000194
124.069 0.04333000000000009
124.391 0.04667000000000021
124.714 0.03000000000000025
125.035 0.050000000000000266
125.359 0.050000000000000266
125.68 0.06333000000000011
126.004 0.03666999999999998
126.325 0.07000000000000028
126.648 0.03332999999999986
126.97 0.04667000000000021
127.291 0.05332999999999988
127.614 0.05332999999999988
127.935 0.03332999999999986
128.259 0.04667000000000021
128.58 0.026670000000000194
128.903 0.04667000000000021
129.224 0.03332999999999986
129.548 0.040000000000000036
129.869 0.07667000000000002
130.192 0.07000000000000028
130.513 0.06000000000000005
130.834 0.06000000000000005
131.158 0.06000000000000005
131.479 0.03000000000000025
131.802 0.04667000000000021
132.123 0.04333000000000009
132.446 0.04667000000000021
132.767 0.040000000000000036
133.09 0.07000000000000028
133.411 0.04667000000000021
133.733 0.04667000000000021
134.056 0.05332999999999988
134.377 0.05332999999999988
134.7 0.050000000000000266
135.021 0.03000000000000025
135.342 0.04667000000000021
135.665 0.013330000000000286
135.986 0.050000000000000266
136.309 0.06000000000000005
136.63 0.023330000000000073
136.951 0.06333000000000011
137.274 0.050000000000000266
137.595 0.06333000000000011
137.918 0.026670000000000194
138.238 0.03000000000000025
138.559 0.040000000000000036
138.882 0.05332999999999988
139.203 0.05667
139.526 0.04667000000000021
139.847 0.026670000000000194
140.168 0.05332999999999988
140.491 0.05667
140.811 0.05667
141.132 0.05667
141.455 0.03666999999999998
141.776 0.05667
142.097 0.05667
142.419 0.03332999999999986
142.74 0.08000000000000007
143.061 0.06000000000000005
143.384 0.04333000000000009
143.704 0.06333000000000011
144.027 0.050000000000000266
144.348 0.03332999999999986
144.668 0.040000000000000036
144.991 0.04333000000000009
145.312 0.05667
145.632 0.03666999999999998
145.955 0.04333000000000009
146.276 0.040000000000000036
146.596 0.05667
146.917 0.040000000000000036
147.24 0.06000000000000005
147.56 0.04667000000000021
147.881 0.06000000000000005
148.203 0.06333000000000011
148.524 0.016669999999999963
148.844 0.03332999999999986
149.167 0.04667000000000021
149.487 0.04667000000000021
149.808 0.04667000000000021
150.131 0.04333000000000009
150.451 0.016669999999999963
150.771 0.03332999999999986
151.092 0.04333000000000009
151.414 0.06333000000000011
151.735 0.04667000000000021
152.055 0.04333000000000009
152.378 0.05667
152.698 0.06000000000000005
153.018 0.06000000000000005
153.339 0.06000000000000005
153.661 0.04667000000000021
153.982 0.05332999999999988
154.302 0.05667
154.622 0.050000000000000266
154.945 0.03666999999999998
155.265 0.04333000000000009
155.585 0.05667
155.905 0.06667000000000023
156.228 0.05332999999999988
156.548 0.05667
156.868 0.05332999999999988
157.188 0.04333000000000009
157.511 0.06667000000000023
157.831 0.05332999999999988
158.151 0.04333000000000009
158.471 0.040000000000000036
158.794 0.05667
159.114 0.04667000000000021
159.434 0.03332999999999986
159.754 0.06333000000000011
160.074 0.05332999999999988
160.396 0.04333000000000009
160.717 0.026670000000000194
161.037 0.04667000000000021
161.357 0.05667
161.679 0.06000000000000005
161.999 0.04333000000000009
162.319 0.04667000000000021
162.639 0.05332999999999988
162.959 0.06000000000000005
163.281 0.05667
163.601 0.06000000000000005
163.921 0.050000000000000266
164.241 0.04667000000000021
164.561 0.08000000000000007
164.881 0.05332999999999988
165.203 0.06667000000000023
165.523 0.06333000000000011
165.843 0.06667000000000023
166.163 0.06333000000000011
166.483 0.0733299999999999
166.803 0.05332999999999988
167.125 0.04333000000000009
167.445 0.07000000000000028
167.764 0.08333000000000013
168.084 0.04333000000000009
168.404 0.05667
168.724 0.03332999999999986
169.046 0.05332999999999988
169.366 0.05667
169.685 0.06333000000000011
170.005 0.06333000000000011
170.325 0.040000000000000036
170.645 0.06333000000000011
170.964 0.040000000000000036
171.286 0.010000000000000231
171.606 0.04667000000000021
171.926 0.05667
172.245 0.03000000000000025
172.565 0.06333000000000011
172.885 0.05667
173.204 0.05667
173.524 0.06333000000000011
173.846 0.04333000000000009
174.166 0.0733299999999999
174.485 0.0
174.805 0.05667
175.124 0.03666999999999998
175.444 0.05667
175.764 0.03666999999999998
176.083 0.05332999999999988
176.403 0.05332999999999988
176.722 0.05332999999999988
177.044 0.06667000000000023
177.363 0.026670000000000194
177.683 0.050000000000000266
178.002 0.050000000000000266
178.322 0.05332999999999988
178.641 0.04667000000000021
178.961 0.06000000000000005
179.28 0.05667
179.6 0.020000000000000018
179.919 0.050000000000000266
180.239 0.050000000000000266
180.558 0.08333000000000013
180.877 0.04333000000000009
181.197 0.08000000000000007
181.516 0.06667000000000023
181.838 0.06667000000000023
182.157 0.05667
182.476 0.03332999999999986
182.796 0.07667000000000002
183.115 0.06333000000000011
183.434 0.040000000000000036
183.754 0.05332999999999988
184.073 0.04667000000000021
184.392 0.04667000000000021
184.712 0.04333000000000009
185.031 0.020000000000000018
185.35 0.04667000000000021
185.669 0.04333000000000009
185.989 0.0733299999999999
186.308 0.050000000000000266
186.627 0.07000000000000028
186.946 0.05667
187.265 0.023330000000000073
187.585 0.04333000000000009
187.904 0.05667
188.223 0.04667000000000021
188.542 0.04667000000000021
188.861 0.03332999999999986
189.18 0.05667
189.499 0.06333000000000011
189.818 0.040000000000000036
190.138 0.03666999999999998
190.457 0.040000000000000036
190.776 0.05667
191.095 0.03666999999999998
191.414 0.06000000000000005
191.733 0.040000000000000036
192.052 0.05332999999999988
192.371 0.04333000000000009
192.69 0.050000000000000266
193.009 0.03666999999999998
193.328 0.07000000000000028
193.647 0.05667
193.966 0.06333000000000011
194.285 0.04333000000000009
194.602 0.05667
194.92 0.050000000000000266
195.239 0.04333000000000009
195.558 0.05332999999999988
195.877 0.03000000000000025
196.196 0.07000000000000028
196.515 0.06667000000000023
196.834 0.040000000000000036
197.153 0.050000000000000266
197.471 0.05667
197.79 0.05332999999999988
198.109 0.040000000000000036
198.428 0.050000000000000266
198.747 0.05667
199.065 0.03666999999999998
199.382 0.05332999999999988
199.701 0.04667000000000021
200.02 0.07000000000000028
200.338 0.05667
200.657 0.06667000000000023
200.976 0.0733299999999999
201.295 0.07667000000000002
201.613 0.050000000000000266
201.932 0.06000000000000005
202.251 0.05332999999999988
202.567 0.06000000000000005
202.886 0.05332999999999988
203.204 0.07000000000000028
203.523 0.04333000000000009
203.842 0.06333000000000011
204.16 0.05667
204.479 0.07667000000000002
204.797 0.05667
205.114 0.05332999999999988
205.433 0.06000000000000005
205.751 0.020000000000000018
206.07 0.06333000000000011
206.388 0.05667
206.707 0.04667000000000021
207.025 0.05667
207.342 0.05667
207.66 0.08667000000000025
207.979 0.06667000000000023
208.297 0.06000000000000005
208.615 0.05332999999999988
208.934 0.04667000000000021
209.25 0.050000000000000266
209.569 0.06000000000000005
209.887 0.04667000000000021
210.205 0.06000000000000005
210.524 0.03666999999999998
210.842 0.050000000000000266
211.158 0.07667000000000002
211.477 0.04667000000000021
211.795 0.050000000000000266
212.113 0.04667000000000021
212.432 0.05667
212.75 0.06333000000000011
213.066 0.04667000000000021
213.385 0.04667000000000021
213.703 0.05332999999999988
214.021 0.0733299999999999
214.339 0.06667000000000023
214.656 0.04667000000000021
214.974 0.06667000000000023
215.292 0.050000000000000266
215.61 0.07000000000000028
215.926 0.040000000000000036
216.245 0.06000000000000005
216.563 0.06333000000000011
216.881 0.07000000000000028
217.199 0.04333000000000009
217.515 0.07667000000000002
217.833 0.08000000000000007
218.151 0.04333000000000009
218.469 0.050000000000000266
218.785 0.07000000000000028
219.104 0.06333000000000011
219.422 0.05667
219.74 0.07667000000000002
220.056 0.06000000000000005
220.374 0.06333000000000011
220.692 0.06000000000000005
221.01 0.07000000000000028
221.326 0.06667000000000023
221.644 0.050000000000000266
221.962 0.04667000000000021
222.28 0.03332999999999986
222.596 0.09332999999999991
222.914 0.0733299999999999
223.232 0.07000000000000028
223.547 0.05667
223.865 0.06333000000000011
224.183 0.040000000000000036
224.501 0.05667
224.817 0.06000000000000005
225.135 0.09332999999999991
225.453 0.06667000000000023
225.768 0.0733299999999999
226.086 0.0733299999999999
226.404 0.0733299999999999
226.722 0.0733299999999999
227.038 0.06333000000000011
227.355 0.06667000000000023
227.673 0.06000000000000005
227.989 0.08000000000000007
228.307 0.08667000000000025
228.625 0.07000000000000028
228.94 0.06667000000000023
229.258 0.07000000000000028
229.576 0.013330000000000286
229.891 0.08000000000000007
230.209 0.06333000000000011
230.527 0.07667000000000002
230.842 0.07667000000000002
231.16 0.08333000000000013
231.478 0.040000000000000036
231.793 0.05332999999999988
232.111 0.07667000000000002
232.428 0.050000000000000266
232.744 0.07000000000000028
233.062 0.08667000000000025
233.379 0.09332999999999991
233.695 0.07000000000000028
234.012 0.09667000000000003
234.33 0.09667000000000003
234.645 0.06333000000000011
234.963 0.04667000000000021
235.278 0.08333000000000013
235.596 0.05667
235.913 0.08333000000000013
236.229 0.08999999999999986
236.546 0.08667000000000025
236.864 0.08999999999999986
237.179 0.08999999999999986
237.497 0.08667000000000025
237.812 0.07667000000000002
238.129 0.10667000000000026
238.447 0.08000000000000007
238.762 0.09332999999999991
239.08 0.08667000000000025
239.395 0.08667000000000025
239.712 0.10000000000000009
240.03 0.06667000000000023
240.345 0.10667000000000026
240.662 0.06000000000000005
240.978 0.11667000000000005
241.295 0.09667000000000003
241.61 0.12667000000000028
241.927 0.0733299999999999
242.245 0.07667000000000002
242.56 0.09667000000000003
242.877 0.06667000000000023
243.192 0.06667000000000023
243.51 0.07000000000000028
243.825 0.08000000000000007
244.142 0.09667000000000003
244.459 0.07667000000000002
244.774 0.08333000000000013
245.092 0.0733299999999999
245.407 0.040000000000000036
245.724 0.07000000000000028
246.039 0.06333000000000011
246.356 0.08000000000000007
246.671 0.07000000000000028
246.988 0.0733299999999999
247.303 0.07000000000000028
247.62 0.07000000000000028
247.938 0.07667000000000002
248.253 0.06333000000000011
248.57 0.06667000000000023
248.885 0.07000000000000028
249.202 0.07000000000000028
249.517 0.06333000000000011
249.834 0.06333000000000011
250.149 0.04667000000000021
250.466 0.05332999999999988
250.781 0.06000000000000005
251.098 0.07000000000000028
251.412 0.08667000000000025
251.729 0.06333000000000011
252.044 0.06667000000000023
252.361 0.08333000000000013
252.676 0.0733299999999999
252.993 0.06333000000000011
253.308 0.03666999999999998
253.625 0.03332999999999986
253.94 0.08333000000000013
254.256 0.04667000000000021
254.571 0.08000000000000007
254.888 0.08000000000000007
255.203 0.06000000000000005
255.518 0.09332999999999991
255.834 0.08333000000000013
256.149 0.06000000000000005
256.466 0.05667
256.781 0.07000000000000028
257.097 0.09332999999999991
257.412 0.06667000000000023
257.729 0.08000000000000007
258.044 0.07667000000000002
258.36 0.05667
258.675 0.08333000000000013
258.99 0.06333000000000011
259.306 0.050000000000000266
259.621 0.10000000000000009
259.938 0.08000000000000007
260.252 0.06333000000000011
260.569 0.040000000000000036
260.883 0.06333000000000011
261.198 0.07667000000000002
261.515 0.06333000000000011
261.829 0.09332999999999991
262.146 0.08000000000000007
262.46 0.06000000000000005
262.775 0.06333000000000011
263.091 0.08333000000000013
263.406 0.06333000000000011
263.723 0.04667000000000021
264.037 0.06667000000000023
264.354 0.04333000000000009
264.668 0.07000000000000028
264.982 0.0733299999999999
265.299 0.07000000000000028
265.613 0.07667000000000002
265.928 0.07000000000000028
266.244 0.04333000000000009
266.559 0.06333000000000011
266.875 0.08333000000000013
267.189 0.06000000000000005
267.504 0.08333000000000013
267.82 0.06667000000000023
268.134 0.06667000000000023
268.449 0.07000000000000028
268.765 0.07000000000000028
269.079 0.050000000000000266
269.394 0.06667000000000023
269.71 0.08000000000000007
270.024 0.06333000000000011
270.341 0.05667
270.655 0.06000000000000005
270.969 0.050000000000000266
271.286 0.06333000000000011
271.6 0.07667000000000002
271.914 0.07000000000000028
272.23 0.06333000000000011
272.544 0.03332999999999986
272.859 0.07000000000000028
273.175 0.06667000000000023
273.489 0.07667000000000002
273.803 0.06333000000000011
274.119 0.07000000000000028
274.433 0.06667000000000023
274.747 0.06667000000000023
275.062 0.08999999999999986
275.378 0.06000000000000005
275.692 0.08667000000000025
276.006 0.04333000000000009
276.322 0.09332999999999991
276.636 0.08000000000000007
276.95 0.09332999999999991
277.266 0.04667000000000021
277.58 0.08999999999999986
277.894 0.08000000000000007
278.208 0.06333000000000011
278.524 0.07000000000000028
278.838 0.05667
279.152 0.0733299999999999
279.468 0.08333000000000013
279.782 0.05667
280.096 0.07000000000000028
280.41 0.08999999999999986
280.726 0.08333000000000013
281.04 0.08667000000000025
281.354 0.09332999999999991
281.668 0.09332999999999991
281.983 0.09667000000000003
282.297 0.08000000000000007
282.611 0.08999999999999986
282.925 0.08333000000000013
283.241 0.07000000000000028
283.555 0.08000000000000007
283.868 0.07000000000000028
284.182 0.04667000000000021
284.498 0.06667000000000023
284.812 0.06667000000000023
285.126 0.08000000000000007
285.439 0.05667
285.753 0.0733299999999999
286.069 0.0733299999999999
286.383 0.08000000000000007
286.696 0.06667000000000023
287.01 0.06333000000000011
287.326 0.04667000000000021
287.639 0.05667
287.953 0.04667000000000021
288.267 0.07667000000000002
288.58 0.07667000000000002
288.896 0.0733299999999999
289.21 0.09332999999999991
289.523 0.08000000000000007
289.837 0.08000000000000007
290.15 0.08000000000000007
290.466 0.05667
290.78 0.09667000000000003
291.093 0.0733299999999999
291.407 0.05332999999999988
291.72 0.09667000000000003
292.034 0.07000000000000028
292.349 0.07000000000000028
292.663 0.08000000000000007
292.976 0.06667000000000023
293.29 0.07667000000000002
293.603 0.06667000000000023
293.917 0.08333000000000013
294.232 0.08333000000000013
294.546 0.07000000000000028
294.859 0.07000000000000028
295.172 0.08999999999999986
295.486 0.09332999999999991
295.799 0.07667000000000002
296.113 0.09667000000000003
296.428 0.07667000000000002
296.741 0.08333000000000013
297.055 0.0733299999999999
297.368 0.07000000000000028
297.681 0.03332999999999986
297.995 0.07667000000000002
298.308 0.03666999999999998
298.621 0.0733299999999999
298.937 0.05667
299.25 0.07667000000000002
299.563 0.07667000000000002
299.876 0.05667
300.19 0.08667000000000025
300.503 0.07000000000000028
300.816 0.06333000000000011
301.129 0.05667
301.442 0.0733299999999999
301.756 0.06000000000000005
302.071 0.08000000000000007
302.384 0.05667
302.697 0.08999999999999986
303.01 0.08000000000000007
303.323 0.06333000000000011
303.637 0.08000000000000007
303.95 0.08667000000000025
304.263 0.07000000000000028
304.576 0.08000000000000007
304.889 0.06333000000000011
305.202 0.10667000000000026
305.515 0.06667000000000023
305.828 0.05667
306.141 0.09667000000000003
306.456 0.08333000000000013
306.769 0.06667000000000023
307.082 0.05667
307.395 0.06667000000000023
307.708 0.08333000000000013
308.021 0.07667000000000002
308.334 0.10000000000000009
308.647 0.07000000000000028
308.96 0.08333000000000013
309.273 0.08333000000000013
309.586 0.08999999999999986
309.899 0.06000000000000005
310.212 0.10333000000000014
310.525 0.09332999999999991
310.838 0.08333000000000013
311.15 0.05667
311.463 0.08667000000000025
311.776 0.08000000000000007
312.089 0.08000000000000007
312.402 0.08999999999999986
312.715 0.08333000000000013
313.027 0.08000000000000007
313.34 0.07000000000000028
313.653 0.07000000000000028
313.966 0.0733299999999999
314.278 0.05667
314.591 0.08999999999999986
314.904 0.07000000000000028
315.217 0.0733299999999999
315.529 0.09332999999999991
315.842 0.06333000000000011
316.155 0.08999999999999986
316.467 0.09667000000000003
316.78 0.08999999999999986
317.093 0.06333000000000011
317.405 0.05667
317.718 0.07000000000000028
318.031 0.06000000000000005
318.343 0.05667
318.656 0.08000000000000007
318.969 0.07000000000000028
319.281 0.06333000000000011
319.592 0.08999999999999986
319.904 0.07667000000000002
320.217 0.08000000000000007
320.529 0.07667000000000002
320.842 0.07667000000000002
321.154 0.08999999999999986
321.467 0.07667000000000002
321.779 0.050000000000000266
322.092 0.09667000000000003
322.404 0.08000000000000007
322.717 0.09332999999999991
323.029 0.07667000000000002
323.342 0.09667000000000003
323.654 0.08000000000000007
323.965 0.08000000000000007
324.277 0.08667000000000025
324.589 0.07667000000000002
324.902 0.12333000000000016
325.214 0.10667000000000026
325.527 0.10667000000000026
325.839 0.06667000000000023
326.151 0.13332999999999995
326.464 0.09332999999999991
326.776 0.12333000000000016
327.086 0.08999999999999986
327.399 0.11332999999999993
327.711 0.12667000000000028
328.023 0.12333000000000016
328.335 0.12667000000000028
328.648 0.09667000000000003
328.96 0.09332999999999991
329.27 0.13667000000000007
329.582 0.13332999999999995
329.895 0.12667000000000028
330.207 0.11332999999999993
330.519 0.11667000000000005
330.831 0.12333000000000016
331.143 0.13667000000000007
331.454 0.05667
331.766 0.1299999999999999
332.078 0.14000000000000012
332.39 0.12667000000000028
332.702 0.1200000000000001
333.014 0.13332999999999995
333.326 0.10667000000000026
333.636 0.13332999999999995
333.948 0.11667000000000005
334.261 0.10000000000000009
334.573 0.08667000000000025
334.885 0.10333000000000014
335.195 0.08999999999999986
335.507 0.10333000000000014
335.819 0.09332999999999991
336.131 0.08999999999999986
336.443 0.11667000000000005
336.753 0.08333000000000013
337.065 0.10333000000000014
337.377 0.08333000000000013
337.689 0.10333000000000014
338.001 0.08000000000000007
338.31 0.10999999999999988
338.622 0.08667000000000025
338.934 0.10333000000000014
339.246 0.11667000000000005
339.558 0.09667000000000003
339.868 0.10667000000000026
340.18 0.10667000000000026
340.492 0.09667000000000003
340.804 0.08667000000000025
341.113 0.09667000000000003
341.425 0.07667000000000002
341.737 0.09667000000000003
342.049 0.1200000000000001
342.361 0.09332999999999991
342.67 0.10000000000000009
342.982 0.12333000000000016
343.294 0.10667000000000026
343.606 0.12667000000000028
343.915 0.10000000000000009
344.227 0.09667000000000003
344.539 0.1299999999999999
344.849 0.10999999999999988
345.16 0.11332999999999993
345.472 0.10999999999999988
345.784 0.1200000000000001
346.093 0.09332999999999991
346.405 0.11667000000000005
346.717 0.10999999999999988
347.028 0.1499999999999999
347.338 0.09332999999999991
347.649 0.1200000000000001
347.961 0.12333000000000016
348.271 0.08667000000000025
348.582 0.12333000000000016
348.894 0.10667000000000026
349.205 0.11667000000000005
349.515 0.11667000000000005
349.826 0.12333000000000016
350.138 0.11332999999999993
350.447 0.10667000000000026
350.759 0.1200000000000001
351.07 0.09332999999999991
351.38 0.1200000000000001
351.691 0.09667000000000003
352.003 0.11332999999999993
352.312 0.10999999999999988
352.624 0.12667000000000028
352.935 0.12333000000000016
353.245 0.10667000000000026
353.556 0.08999999999999986
353.867 0.09667000000000003
354.177 0.0733299999999999
354.488 0.08999999999999986
354.799 0.09667000000000003
355.109 0.09667000000000003
355.42 0.09667000000000003
355.732 0.11332999999999993
356.041 0.07667000000000002
356.352 0.08333000000000013
356.663 0.10999999999999988
356.973 0.11667000000000005
357.284 0.10667000000000026
357.593 0.10667000000000026
357.905 0.11332999999999993
358.216 0.10333000000000014
358.525 0.13667000000000007
358.836 0.12667000000000028
359.147 0.06667000000000023
359.457 0.10667000000000026
359.768 0.1299999999999999
360.077 0.11332999999999993
360.388 0.09667000000000003
360.699 0.11332999999999993
361.008 0.09332999999999991
361.32 0.09332999999999991
361.629 0.10333000000000014
361.94 0.08999999999999986
362.251 0.08667000000000025
362.56 0.1200000000000001
362.871 0.10333000000000014
363.18 0.09332999999999991
363.491 0.11667000000000005
363.8 0.08333000000000013
364.111 0.11332999999999993
364.422 0.12667000000000028
364.731 0.09332999999999991
365.042 0.08333000000000013
365.351 0.10000000000000009
365.662 0.08000000000000007
365.971 0.04667000000000021
366.282 0.12667000000000028
366.593 0.1299999999999999
366.902 0.10000000000000009
367.213 0.08667000000000025
367.522 0.10000000000000009
367.833 0.10000000000000009
368.142 0.10000000000000009
368.453 0.10000000000000009
368.762 0.08999999999999986
369.073 0.08000000000000007
369.381 0.10999999999999988
369.692 0.08000000000000007
370.001 0.12333000000000016
370.312 0.09667000000000003
370.623 0.08000000000000007
370.932 0.10333000000000014
371.242 0.1200000000000001
371.551 0.08333000000000013
371.862 0.09667000000000003
372.171 0.10999999999999988
372.482 0.10667000000000026
372.79 0.10000000000000009
373.101 0.10667000000000026
373.41 0.10333000000000014
373.721 0.10333000000000014
374.029 0.08000000000000007
374.34 0.10667000000000026
374.649 0.06333000000000011
374.959 0.08999999999999986
375.268 0.07667000000000002
375.577 0.09667000000000003
375.887 0.10000000000000009
376.196 0.1200000000000001
376.506 0.11332999999999993
376.815 0.08999999999999986
377.126 0.09667000000000003
377.434 0.10667000000000026
377.745 0.08333000000000013
378.053 0.11667000000000005
378.364 0.10333000000000014
378.672 0.10999999999999988
378.983 0.06667000000000023
379.292 0.11332999999999993
379.6 0.11332999999999993
379.911 0.1299999999999999
380.219 0.08667000000000025
380.53 0.10999999999999988
380.838 0.10333000000000014
381.148 0.11332999999999993
381.457 0.11332999999999993
381.767 0.11667000000000005
382.076 0.10000000000000009
382.384 0.08667000000000025
382.695 0.12333000000000016
383.003 0.1200000000000001
383.313 0.1200000000000001
383.622 0.12333000000000016
383.93 0.09667000000000003
384.24 0.11667000000000005
384.549 0.08999999999999986
384.859 0.13332999999999995
385.167 0.09667000000000003
385.476 0.14333000000000018
385.786 0.10333000000000014
386.094 0.11332999999999993
386.405 0.12667000000000028
386.713 0.10333000000000014
387.021 0.07000000000000028
387.331 0.1200000000000001
387.64 0.09332999999999991
387.948 0.13332999999999995
388.258 0.11332999999999993
388.566 0.1200000000000001
388.877 0.12667000000000028
389.185 0.08999999999999986
389.493 0.11332999999999993
389.803 0.13667000000000007
390.111 0.14333000000000018
390.419 0.10667000000000026
390.729 0.12333000000000016
391.038 0.11667000000000005
391.346 0.1299999999999999
391.656 0.13332999999999995
391.964 0.13667000000000007
392.272 0.09667000000000003
392.582 0.12667000000000028
392.89 0.12667000000000028
393.198 0.13332999999999995
393.508 0.1200000000000001
393.816 0.12333000000000016
394.124 0.12333000000000016
394.434 0.12333000000000016
394.742 0.09332999999999991
395.05 0.11332999999999993
395.36 0.09667000000000003
395.668 0.14000000000000012
395.976 0.10000000000000009
396.286 0.14000000000000012
396.594 0.12667000000000028
396.902 0.12667000000000028
397.21 0.14000000000000012
397.52 0.1299999999999999
397.828 0.14333000000000018
398.135 0.1200000000000001
398.445 0.08333000000000013
398.753 0.1499999999999999
399.061 0.1299999999999999
399.369 0.14666999999999986
399.679 0.11332999999999993
399.987 0.09667000000000003
400.294 0.11332999999999993
400.604 0.14000000000000012
400.912 0.14000000000000012
401.22 0.11667000000000005
401.527 0.12333000000000016
401.837 0.14666999999999986
402.145 0.14666999999999986
402.453 0.11667000000000005
402.76 0.1299999999999999
403.07 0.13667000000000007
403.378 0.13332999999999995
403.686 0.14666999999999986
403.993 0.13667000000000007
404.303 0.12667000000000028
404.611 0.13667000000000007
404.918 0.14000000000000012
405.226 0.12333000000000016
405.533 0.1499999999999999
405.843 0.1299999999999999
406.151 0.1566700000000001
406.458 0.12667000000000028
406.766 0.10999999999999988
407.076 0.14000000000000012
407.383 0.14666999999999986
407.691 0.16000000000000014
407.998 0.13667000000000007
408.306 0.19333
408.615 0.11667000000000005
408.923 0.1866699999999999
409.23 0.1499999999999999
409.538 0.20333000000000023
409.845 0.1499999999999999
410.153 0.18333000000000022
410.462 0.18999999999999995
410.77 0.17332999999999998
411.077 0.16999999999999993
411.384 0.17332999999999998
411.692 0.20333000000000023
412.001 0.20000000000000018
412.309 0.23667000000000016
412.616 0.22333000000000025
412.923 0.20000000000000018
413.231 0.21667000000000014
413.538 0.20000000000000018
413.845 0.21667000000000014
414.155 0.25333000000000006
414.462 0.26666999999999996
414.769 0.29000000000000004
415.077 0.2633300000000003
415.384 0.2966700000000002
415.691 0.27
415.999 0.2733300000000001
416.308 0.3233299999999999
416.615 0.33999999999999986
416.922 0.31000000000000005
417.23 0.3333300000000001
417.537 0.39332999999999974
417.844 0.3633300000000004
418.151 0.37666999999999984
418.458 0.41000000000000014
418.768 0.4400000000000004
419.075 0.47667000000000037
419.382 0.4800000000000004
419.689 0.5333300000000003
419.996 0.4900000000000002
420.303 0.49333000000000027
420.61 0.46999999999999975
420.918 0.5433300000000001
421.225 0.5600000000000005
421.532 0.57667
421.841 0.5266700000000002
422.148 0.5633299999999997
422.455 0.5666700000000002
422.762 0.5433300000000001
423.069 0.6033299999999997
423.376 0.5633299999999997
423.683 0.5966700000000005
423.99 0.5666700000000002
424.297 0.57667
424.604 0.5600000000000005
424.911 0.5533299999999999
425.218 0.50333
425.525 0.53667
425.832 0.47667000000000037
426.139 0.50333
426.446 0.49333000000000027
426.753 0.48667000000000016
427.061 0.45999999999999996
427.368 0.4400000000000004
427.675 0.46333
427.982 0.43667000000000034
428.289 0.46333
428.596 0.37333000000000016
428.903 0.40000000000000036
429.209 0.3899999999999997
429.516 0.3899999999999997
429.823 0.3466700000000005
430.13 0.35667000000000026
430.437 0.36667000000000005
430.743 0.3366699999999998
431.05 0.30667
431.357 0.26666999999999996
431.664 0.28000000000000025
431.97 0.28667
432.277 0.27
432.584 0.3200000000000003
432.891 0.2566700000000002
433.197 0.26666999999999996
433.504 0.27
433.811 0.28332999999999986
434.117 0.22999999999999998
434.424 0.22999999999999998
434.731 0.2633300000000003
435.037 0.2066699999999999
435.344 0.22333000000000025
435.65 0.2566700000000002
435.957 0.22666999999999993
436.262 0.22333000000000025
436.568 0.25
436.875 0.20999999999999996
437.181 0.20999999999999996
437.488 0.22666999999999993
437.794 0.1766700000000001
438.101 0.18999999999999995
438.407 0.18999999999999995
438.714 0.19667000000000012
439.02 0.2200000000000002
439.327 0.18999999999999995
439.633 0.17332999999999998
439.94 0.22333000000000025
440.246 0.16666999999999987
440.553 0.15332999999999997
440.859 0.16666999999999987
441.163 0.1766700000000001
441.47 0.16999999999999993
441.776 0.16000000000000014
442.083 0.1566700000000001
442.389 0.1766700000000001
442.695 0.14333000000000018
443.002 0.16666999999999987
443.308 0.20333000000000023
443.614 0.20000000000000018
443.921 0.16666999999999987
444.225 0.15332999999999997
444.531 0.18999999999999995
444.838 0.1566700000000001
445.144 0.16999999999999993
445.45 0.14666999999999986
445.757 0.1766700000000001
446.063 0.20333000000000023
446.369 0.17332999999999998
446.675 0.1766700000000001
446.979 0.17332999999999998
447.286 0.17332999999999998
447.592 0.18999999999999995
447.898 0.1566700000000001
448.204 0.19667000000000012
448.51 0.1866699999999999
448.817 0.13667000000000007
449.121 0.19333
449.427 0.17332999999999998
449.733 0.1633300000000002
450.039 0.16666999999999987
450.345 0.1766700000000001
450.651 0.21667000000000014
450.955 0.18000000000000016
451.261 0.19667000000000012
451.568 0.18000000000000016
451.874 0.16999999999999993
452.18 0.18333000000000022
452.486 0.12667000000000028
452.79 0.14333000000000018
453.096 0.19333
453.402 0.1766700000000001
453.708 0.18000000000000016
454.014 0.1766700000000001
454.318 0.15332999999999997
454.624 0.1633300000000002
454.93 0.14666999999999986
455.236 0.14000000000000012
455.541 0.1566700000000001
455.845 0.14666999999999986
456.151 0.16000000000000014
456.457 0.1566700000000001
456.763 0.14000000000000012
457.067 0.12333000000000016
457.373 0.17332999999999998
457.679 0.14333000000000018
457.985 0.16000000000000014
458.29 0.1299999999999999
458.594 0.1566700000000001
458.9 0.1633300000000002
459.206 0.14666999999999986
459.512 0.13332999999999995
459.815 0.16000000000000014
460.121 0.13667000000000007
460.427 0.13332999999999995
460.733 0.14333000000000018
461.036 0.14000000000000012
461.342 0.15332999999999997
461.648 0.12667000000000028
461.954 0.1566700000000001
462.257 0.1566700000000001
462.563 0.13667000000000007
462.869 0.1299999999999999
463.172 0.15332999999999997
463.478 0.1299999999999999
463.784 0.12667000000000028
464.089 0.1499999999999999
464.393 0.15332999999999997
464.699 0.12667000000000028
465.004 0.14333000000000018
465.308 0.16666999999999987
465.613 0.15332999999999997
465.919 0.12667000000000028
466.225 0.14000000000000012
466.528 0.10000000000000009
466.834 0.14333000000000018
467.139 0.16666999999999987
467.443 0.12333000000000016
467.748 0.15332999999999997
468.054 0.14666999999999986
468.357 0.1499999999999999
468.663 0.1299999999999999
468.968 0.14000000000000012
469.272 0.1499999999999999
469.577 0.14000000000000012
469.883 0.1766700000000001
470.186 0.13332999999999995
470.492 0.1499999999999999
470.797 0.16000000000000014
471.1 0.16999999999999993
471.406 0.1566700000000001
471.711 0.1633300000000002
472.014 0.12333000000000016
472.32 0.14000000000000012
472.625 0.14000000000000012
472.929 0.1766700000000001
473.234 0.14000000000000012
473.539 0.18999999999999995
473.843 0.15332999999999997
474.148 0.15332999999999997
474.451 0.18999999999999995
474.756 0.16666999999999987
475.062 0.19333
475.365 0.16999999999999993
475.67 0.1499999999999999
475.973 0.14000000000000012
476.279 0.2066699999999999
476.584 0.22333000000000025
476.887 0.19333
477.192 0.2400000000000002
477.498 0.26666999999999996
477.801 0.2766700000000002
478.106 0.3466700000000005
478.409 0.3966700000000003
478.714 0.4066700000000001
479.017 0.42666999999999966
479.322 0.44333000000000045
479.628 0.4666699999999997
479.931 0.39332999999999974
480.236 0.4166699999999999
480.539 0.43667000000000034
480.844 0.41000000000000014
481.147 0.3899999999999997
481.452 0.3133300000000001
481.757 0.29000000000000004
482.06 0.2566700000000002
482.365 0.26000000000000023
482.668 0.19333
482.973 0.21667000000000014
483.276 0.21333000000000002
483.581 0.22333000000000025
483.884 0.20999999999999996
484.189 0.20000000000000018
484.494 0.16999999999999993
484.797 0.17332999999999998
485.102 0.18333000000000022
485.405 0.1566700000000001
485.71 0.18000000000000016
486.013 0.1766700000000001
486.318 0.18000000000000016
486.621 0.19333
486.925 0.16000000000000014
487.228 0.14000000000000012
487.533 0.16000000000000014
487.836 0.12333000000000016
488.141 0.1299999999999999
488.444 0.16000000000000014
488.748 0.1499999999999999
489.051 0.14000000000000012
489.356 0.11332999999999993
489.659 0.16000000000000014
489.964 0.12333000000000016
490.266 0.1566700000000001
490.571 0.16666999999999987
490.874 0.14000000000000012
491.179 0.10667000000000026
491.481 0.17332999999999998
491.786 0.14333000000000018
492.089 0.12667000000000028
492.393 0.12667000000000028
492.696 0.14333000000000018
493.001 0.1499999999999999
493.303 0.10999999999999988
493.606 0.11332999999999993
493.911 0.12667000000000028
494.213 0.12667000000000028
494.518 0.10000000000000009
494.821 0.11332999999999993
495.125 0.12333000000000016
495.428 0.1200000000000001
495.732 0.11332999999999993
496.035 0.13667000000000007
496.337 0.10667000000000026
496.642 0.1299999999999999
496.945 0.10999999999999988
497.249 0.09332999999999991
497.552 0.09332999999999991
497.856 0.12667000000000028
498.159 0.08999999999999986
498.461 0.11667000000000005
498.766 0.11332999999999993
499.068 0.11332999999999993
499.372 0.09332999999999991
499.675 0.10667000000000026
499.977 0.1299999999999999
500.282 0.10999999999999988
500.584 0.1200000000000001
500.889 0.12667000000000028
501.191 0.10000000000000009
501.493 0.1200000000000001
501.798 0.10999999999999988
502.1 0.11332999999999993
502.402 0.11332999999999993
502.707 0.08000000000000007
503.009 0.1200000000000001
503.314 0.11667000000000005
503.616 0.1299999999999999
503.918 0.12333000000000016
504.222 0.11332999999999993
504.525 0.11667000000000005
504.827 0.10667000000000026
505.131 0.13667000000000007
505.433 0.11667000000000005
505.736 0.12667000000000028
506.04 0.09667000000000003
506.342 0.09667000000000003
506.646 0.12333000000000016
506.949 0.10333000000000014
507.251 0.05332999999999988
507.555 0.08667000000000025
507.857 0.1200000000000001
508.159 0.10667000000000026
508.461 0.12667000000000028
508.766 0.11332999999999993
509.068 0.1299999999999999
509.37 0.10999999999999988
509.674 0.08333000000000013
509.976 0.1200000000000001
510.278 0.14000000000000012
510.582 0.11332999999999993
510.884 0.10333000000000014
511.186 0.08999999999999986
511.49 0.07000000000000028
511.792 0.10000000000000009
512.094 0.10999999999999988
512.396 0.13332999999999995
512.701 0.10999999999999988
513.003 0.08999999999999986
513.305 0.12333000000000016
513.609 0.10667000000000026
513.91 0.10667000000000026
514.212 0.14666999999999986
514.514 0.1299999999999999
514.818 0.14000000000000012
515.12 0.11332999999999993
515.422 0.10333000000000014
515.724 0.10667000000000026
516.028 0.11667000000000005
516.33 0.10667000000000026
516.632 0.11332999999999993
516.934 0.11667000000000005
517.237 0.09667000000000003
517.539 0.1299999999999999
517.841 0.10333000000000014
518.143 0.10999999999999988
518.447 0.13667000000000007
518.749 0.11332999999999993
519.05 0.11667000000000005
519.352 0.12333000000000016
519.656 0.11667000000000005
519.958 0.14000000000000012
520.26 0.12667000000000028
520.561 0.08333000000000013
520.863 0.13332999999999995
521.167 0.10000000000000009
521.468 0.1200000000000001
521.77 0.12667000000000028
522.072 0.10667000000000026
522.376 0.11667000000000005
522.677 0.09667000000000003
522.979 0.13667000000000007
523.281 0.1200000000000001
523.582 0.11667000000000005
523.884 0.11667000000000005
524.187 0.13332999999999995
524.489 0.10999999999999988
524.791 0.13667000000000007
525.092 0.11332999999999993
525.394 0.10333000000000014
525.697 0.10333000000000014
525.999 0.10333000000000014
526.301 0.12333000000000016
526.602 0.13332999999999995
526.904 0.10667000000000026
527.205 0.06667000000000023
527.507 0.11332999999999993
527.81 0.10999999999999988
528.112 0.13332999999999995
528.413 0.12333000000000016
528.715 0.12667000000000028
529.016 0.12333000000000016
529.318 0.09667000000000003
529.619 0.11332999999999993
529.922 0.12333000000000016
530.224 0.10667000000000026
530.525 0.11332999999999993
530.827 0.13332999999999995
531.128 0.14000000000000012
531.429 0.08000000000000007
531.731 0.13667000000000007
532.032 0.16000000000000014
532.336 0.13332999999999995
532.637 0.12667000000000028
532.938 0.14333000000000018
533.24 0.10667000000000026
533.541 0.09332999999999991
533.842 0.13332999999999995
534.143 0.11667000000000005
534.445 0.11667000000000005
534.746 0.13667000000000007
535.047 0.13667000000000007
535.351 0.14000000000000012
535.652 0.1200000000000001
535.953 0.1566700000000001
536.254 0.13667000000000007
536.555 0.09667000000000003
536.857 0.09332999999999991
537.158 0.10667000000000026
537.459 0.12333000000000016
537.76 0.13667000000000007
538.061 0.11332999999999993
538.362 0.1566700000000001
538.664 0.1299999999999999
538.965 0.10999999999999988
539.266 0.11667000000000005
539.567 0.10000000000000009
539.868 0.15332999999999997
540.169 0.08667000000000025
540.472 0.10999999999999988
540.773 0.11667000000000005
541.074 0.1499999999999999
541.375 0.12667000000000028
541.677 0.12667000000000028
541.978 0.14333000000000018
542.279 0.1299999999999999
542.58 0.10999999999999988
542.881 0.1299999999999999
543.182 0.12333000000000016
543.483 0.1299999999999999
543.784 0.12333000000000016
544.085 0.16666999999999987
544.385 0.14000000000000012
544.686 0.14666999999999986
544.987 0.11667000000000005
545.288 0.1299999999999999
545.589 0.13332999999999995
545.89 0.10667000000000026
546.191 0.16000000000000014
546.492 0.1566700000000001
546.793 0.12667000000000028
547.094 0.1299999999999999
547.394 0.14000000000000012
547.695 0.1633300000000002
547.996 0.14000000000000012
548.297 0.16999999999999993
548.596 0.11667000000000005
548.897 0.20000000000000018
549.197 0.1766700000000001
549.498 0.17332999999999998
549.799 0.12333000000000016
550.1 0.1866699999999999
550.4 0.20000000000000018
550.701 0.19667000000000012
551.002 0.22999999999999998
551.303 0.2066699999999999
551.603 0.22333000000000025
551.904 0.22333000000000025
552.205 0.2400000000000002
552.505 0.25333000000000006
552.806 0.22999999999999998
553.107 0.2200000000000002
553.407 0.22999999999999998
553.706 0.2200000000000002
554.007 0.23667000000000016
554.307 0.19667000000000012
554.608 0.22666999999999993
554.909 0.2200000000000002
555.209 0.22999999999999998
555.51 0.21667000000000014
555.81 0.23333000000000004
556.111 0.20000000000000018
556.411 0.21333000000000002
556.71 0.18333000000000022
557.01 0.13667000000000007
557.311 0.20333000000000023
557.612 0.2066699999999999
557.912 0.1766700000000001
558.213 0.16666999999999987
558.513 0.18999999999999995
558.813 0.16000000000000014
559.112 0.15332999999999997
559.412 0.14333000000000018
559.713 0.12667000000000028
560.013 0.15332999999999997
560.314 0.13332999999999995
560.614 0.13667000000000007
560.914 0.13667000000000007
561.213 0.1499999999999999
561.513 0.1499999999999999
561.814 0.11332999999999993
562.114 0.14333000000000018
562.414 0.13667000000000007
562.715 0.1200000000000001
563.015 0.14333000000000018
563.313 0.13667000000000007
563.614 0.14333000000000018
563.914 0.1499999999999999
564.214 0.14000000000000012
564.515 0.11667000000000005
564.813 0.11667000000000005
565.113 0.1200000000000001
565.413 0.12333000000000016
565.714 0.1299999999999999
566.014 0.14333000000000018
566.312 0.12667000000000028
566.612 0.1299999999999999
566.912 0.14000000000000012
567.213 0.1299999999999999
567.513 0.16999999999999993
567.811 0.15332999999999997
568.111 0.12667000000000028
568.411 0.14333000000000018
568.712 0.13332999999999995
569.012 0.11332999999999993
569.31 0.1200000000000001
569.61 0.11332999999999993
569.91 0.10333000000000014
570.21 0.1299999999999999
570.508 0.09667000000000003
570.808 0.15332999999999997
571.108 0.12667000000000028
571.408 0.1299999999999999
571.706 0.12333000000000016
572.006 0.11667000000000005
572.306 0.10667000000000026
572.607 0.08667000000000025
572.904 0.11667000000000005
573.204 0.1200000000000001
573.505 0.13332999999999995
573.805 0.13332999999999995
574.102 0.14333000000000018
574.402 0.14000000000000012
574.702 0.12667000000000028
575.002 0.14333000000000018
575.3 0.10999999999999988
575.6 0.10999999999999988
575.9 0.11667000000000005
576.198 0.11667000000000005
576.498 0.10000000000000009
576.798 0.1299999999999999
577.098 0.1299999999999999
577.395 0.11667000000000005
577.695 0.10333000000000014
577.995 0.13332999999999995
578.293 0.11332999999999993
578.593 0.11332999999999993
578.893 0.11332999999999993
579.19 0.10667000000000026
579.49 0.09332999999999991
579.79 0.13332999999999995
580.088 0.09667000000000003
580.387 0.12667000000000028
580.687 0.1200000000000001
580.985 0.14666999999999986
581.285 0.1200000000000001
581.584 0.14333000000000018
581.882 0.11667000000000005
582.182 0.10000000000000009
582.482 0.1299999999999999
582.779 0.09332999999999991
583.079 0.13667000000000007
583.378 0.11332999999999993
583.676 0.1299999999999999
583.976 0.10667000000000026
584.275 0.1299999999999999
584.573 0.08999999999999986
584.873 0.14000000000000012
585.17 0.10000000000000009
585.47 0.10000000000000009
585.769 0.1299999999999999
586.067 0.10000000000000009
586.367 0.10667000000000026
586.666 0.10999999999999988
586.964 0.1299999999999999
587.263 0.12333000000000016
587.561 0.11667000000000005
587.86 0.11332999999999993
588.16 0.11667000000000005
588.457 0.1299999999999999
588.757 0.06000000000000005
589.054 0.12667000000000028
589.354 0.08667000000000025
589.653 0.14333000000000018
589.951 0.1299999999999999
590.25 0.13667000000000007
590.547 0.10999999999999988
590.847 0.10667000000000026
591.144 0.12333000000000016
591.444 0.1566700000000001
591.743 0.14333000000000018
592.04 0.13332999999999995
592.34 0.13332999999999995
592.637 0.1200000000000001
592.936 0.1499999999999999
593.234 0.09332999999999991
593.533 0.1299999999999999
593.832 0.10999999999999988
594.13 0.10333000000000014
594.429 0.12333000000000016
594.726 0.13667000000000007
595.026 0.10000000000000009
595.323 0.13667000000000007
595.622 0.1299999999999999
595.919 0.11667000000000005
596.219 0.1299999999999999
596.516 0.10999999999999988
596.815 0.12667000000000028
597.112 0.13667000000000007
597.411 0.12333000000000016
597.709 0.1299999999999999
598.008 0.13332999999999995
598.305 0.1299999999999999
598.604 0.1299999999999999
598.901 0.1200000000000001
599.2 0.14000000000000012
599.497 0.12333000000000016
599.797 0.10333000000000014
600.094 0.1299999999999999
600.393 0.13332999999999995
600.69 0.13332999999999995
600.989 0.08999999999999986
601.286 0.08333000000000013
601.585 0.10999999999999988
601.882 0.13332999999999995
602.181 0.10333000000000014
602.478 0.12333000000000016
602.777 0.13332999999999995
603.074 0.14333000000000018
603.373 0.1200000000000001
603.67 0.08999999999999986
603.969 0.1633300000000002
604.266 0.15332999999999997
604.563 0.10999999999999988
604.862 0.09667000000000003
605.159 0.1499999999999999
605.458 0.16000000000000014
605.755 0.13667000000000007
606.054 0.11332999999999993
606.351 0.13332999999999995
606.65 0.1200000000000001
606.946 0.14333000000000018
607.243 0.14333000000000018
607.542 0.1499999999999999
607.839 0.1499999999999999
608.138 0.14333000000000018
608.435 0.15332999999999997
608.732 0.16000000000000014
609.03 0.14666999999999986
609.327 0.1499999999999999
609.626 0.1766700000000001
609.923 0.16666999999999987
610.22 0.1633300000000002
610.518 0.16000000000000014
610.815 0.1499999999999999
611.114 0.15332999999999997
611.411 0.18000000000000016
611.707 0.19667000000000012
612.006 0.19333
612.303 0.19333
612.601 0.18333000000000022
612.898 0.19333
613.195 0.20000000000000018
613.493 0.12667000000000028
613.79 0.1633300000000002
614.087 0.1633300000000002
614.385 0.1299999999999999
614.682 0.14000000000000012
614.979 0.14666999999999986
615.277 0.17332999999999998
615.574 0.13667000000000007
615.87 0.1499999999999999
616.169 0.14666999999999986
616.466 0.1566700000000001
616.764 0.11667000000000005
617.061 0.11667000000000005
617.357 0.13667000000000007
617.656 0.1633300000000002
617.952 0.15332999999999997
618.249 0.1566700000000001
618.545 0.1299999999999999
618.844 0.14000000000000012
619.14 0.11667000000000005
619.437 0.14000000000000012
619.735 0.12333000000000016
620.032 0.12333000000000016
620.328 0.10999999999999988
620.626 0.13667000000000007
620.923 0.13667000000000007
621.219 0.12667000000000028
621.518 0.13667000000000007
621.814 0.13332999999999995
622.11 0.14000000000000012
622.407 0.1200000000000001
622.705 0.12667000000000028
623.002 0.11667000000000005
623.298 0.1200000000000001
623.594 0.10999999999999988
623.893 0.08333000000000013
624.189 0.07000000000000028
624.485 0.11332999999999993
624.784 0.08000000000000007
625.08 0.14333000000000018
625.376 0.1299999999999999
625.672 0.12667000000000028
625.971 0.08333000000000013
626.267 0.10999999999999988
626.563 0.10667000000000026
626.859 0.09332999999999991
627.158 0.1200000000000001
627.454 0.10667000000000026
627.75 0.10333000000000014
628.046 0.13332999999999995
628.342 0.11667000000000005
628.641 0.1299999999999999
628.937 0.1200000000000001
629.233 0.10999999999999988
629.529 0.14666999999999986
629.827 0.14000000000000012
630.123 0.10999999999999988
630.419 0.1299999999999999
630.715 0.11332999999999993
631.011 0.13332999999999995
631.31 0.11667000000000005
631.606 0.1200000000000001
631.902 0.1299999999999999
632.198 0.1566700000000001
632.494 0.10999999999999988
632.792 0.11667000000000005
633.088 0.1200000000000001
633.384 0.11667000000000005
633.68 0.07667000000000002
633.976 0.12667000000000028
634.272 0.1200000000000001
634.57 0.11332999999999993
634.866 0.09667000000000003
635.162 0.1299999999999999
635.458 0.13332999999999995
635.754 0.09667000000000003
636.05 0.12667000000000028
636.347 0.11667000000000005
636.643 0.08999999999999986
636.939 0.11332999999999993
637.235 0.12667000000000028
637.531 0.09667000000000003
637.827 0.1200000000000001
638.123 0.14666999999999986
638.421 0.1200000000000001
638.716 0.13667000000000007
639.012 0.11667000000000005
639.308 0.13332999999999995
639.604 0.07000000000000028
639.9 0.1200000000000001
640.195 0.12667000000000028
640.491 0.11667000000000005
640.789 0.10999999999999988
641.085 0.1299999999999999
641.381 0.1299999999999999
641.676 0.12667000000000028
641.972 0.12667000000000028
642.268 0.10667000000000026
642.563 0.10333000000000014
642.859 0.11667000000000005
643.155 0.1566700000000001
643.451 0.11332999999999993
643.746 0.14666999999999986
644.044 0.14333000000000018
644.34 0.12333000000000016
644.635 0.12333000000000016
644.931 0.1633300000000002
645.227 0.12667000000000028
645.522 0.10000000000000009
645.818 0.1299999999999999
646.113 0.13667000000000007
646.409 0.1299999999999999
646.704 0.1499999999999999
647.0 0.1299999999999999
647.296 0.14333000000000018
647.591 0.12333000000000016
647.887 0.14000000000000012
648.182 0.13667000000000007
648.478 0.12667000000000028
648.773 0.14333000000000018
649.069 0.1200000000000001
649.366 0.11667000000000005
649.662 0.13667000000000007
649.957 0.11332999999999993
650.253 0.13667000000000007
650.548 0.16000000000000014
650.844 0.1299999999999999
651.139 0.1299999999999999
651.434 0.17332999999999998
651.73 0.14000000000000012
652.025 0.13332999999999995
652.321 0.13667000000000007
652.616 0.15332999999999997
652.911 0.13667000000000007
653.207 0.1499999999999999
653.502 0.14666999999999986
653.797 0.19333
654.093 0.1566700000000001
654.388 0.16666999999999987
654.683 0.15332999999999997
654.979 0.1866699999999999
655.274 0.16999999999999993
655.567 0.18000000000000016
655.863 0.22333000000000025
656.158 0.18999999999999995
656.453 0.20333000000000023
656.748 0.22666999999999993
657.044 0.20999999999999996
657.339 0.23333000000000004
657.634 0.26000000000000023
657.929 0.2566700000000002
658.224 0.25
658.52 0.28332999999999986
658.815 0.2766700000000002
659.11 0.3200000000000003
659.405 0.29000000000000004
659.7 0.2733300000000001
659.995 0.25333000000000006
660.291 0.2766700000000002
660.586 0.2766700000000002
660.879 0.28332999999999986
661.174 0.23333000000000004
661.469 0.22999999999999998
661.764 0.2633300000000003
662.059 0.20000000000000018
662.354 0.21333000000000002
662.649 0.24333000000000027
662.944 0.20333000000000023
663.239 0.21667000000000014
663.534 0.19667000000000012
663.83 0.2066699999999999
664.122 0.2066699999999999
664.417 0.21333000000000002
664.713 0.18000000000000016
665.008 0.16999999999999993
665.302 0.21333000000000002
665.597 0.10999999999999988
665.892 0.18333000000000022
666.187 0.13332999999999995
666.48 0.1566700000000001
666.775 0.16000000000000014
667.07 0.16666999999999987
667.365 0.15332999999999997
667.66 0.14333000000000018
667.955 0.18000000000000016
668.25 0.12667000000000028
668.542 0.14000000000000012
668.837 0.10667000000000026
669.132 0.11667000000000005
669.427 0.16666999999999987
669.722 0.14666999999999986
670.017 0.14333000000000018
670.31 0.13667000000000007
670.604 0.14333000000000018
670.899 0.1633300000000002
671.194 0.14666999999999986
671.489 0.16666999999999987
671.783 0.10999999999999988
672.076 0.1299999999999999
672.371 0.1299999999999999
672.666 0.12667000000000028
672.96 0.14000000000000012
673.255 0.10999999999999988
673.548 0.12667000000000028
673.842 0.11332999999999993
674.137 0.13667000000000007
674.432 0.1499999999999999
674.727 0.08000000000000007
675.019 0.12667000000000028
675.314 0.11667000000000005
675.608 0.10000000000000009
675.903 0.1299999999999999
676.196 0.1299999999999999
676.49 0.1200000000000001
676.785 0.10000000000000009
677.079 0.1200000000000001
677.374 0.11332999999999993
677.667 0.10999999999999988
677.961 0.1200000000000001
678.256 0.07000000000000028
678.55 0.1200000000000001
678.843 0.11332999999999993
679.137 0.12333000000000016
679.432 0.13332999999999995
679.726 0.10999999999999988
680.019 0.13667000000000007
680.313 0.10667000000000026
680.608 0.09332999999999991
680.902 0.1299999999999999
681.195 0.10333000000000014
681.489 0.10999999999999988
681.784 0.14000000000000012
682.076 0.10999999999999988
682.37 0.12667000000000028
682.665 0.14000000000000012
682.959 0.08000000000000007
683.252 0.07000000000000028
683.546 0.1299999999999999
683.84 0.1200000000000001
684.133 0.10333000000000014
684.427 0.10667000000000026
684.721 0.11667000000000005
685.014 0.10333000000000014
685.308 0.08999999999999986
685.602 0.1200000000000001
685.895 0.11667000000000005
686.189 0.10667000000000026
686.483 0.12667000000000028
686.778 0.11667000000000005
687.07 0.12333000000000016
687.364 0.08000000000000007
687.658 0.11332999999999993
687.951 0.11667000000000005
688.245 0.11667000000000005
688.537 0.10667000000000026
688.831 0.13667000000000007
689.125 0.13332999999999995
689.418 0.10000000000000009
689.712 0.10667000000000026
690.006 0.12667000000000028
690.298 0.10333000000000014
690.592 0.14333000000000018
690.886 0.11667000000000005
691.178 0.1299999999999999
691.473 0.14666999999999986
691.767 0.13332999999999995
692.059 0.13332999999999995
692.353 0.14333000000000018
692.645 0.11667000000000005
692.939 0.10333000000000014
693.233 0.11332999999999993
693.525 0.13667000000000007
693.819 0.11332999999999993
694.111 0.12333000000000016
694.405 0.12667000000000028
694.699 0.10667000000000026
694.991 0.10333000000000014
695.285 0.10667000000000026
695.577 0.11667000000000005
695.871 0.07667000000000002
696.165 0.10333000000000014
696.457 0.11667000000000005
696.751 0.10667000000000026
697.043 0.11332999999999993
697.337 0.06667000000000023
697.629 0.11667000000000005
697.923 0.08000000000000007
698.217 0.1200000000000001
698.509 0.10000000000000009
698.802 0.11332999999999993
699.094 0.10667000000000026
699.388 0.09332999999999991
699.68 0.12667000000000028
699.974 0.12333000000000016
700.266 0.10667000000000026
700.56 0.11667000000000005
700.853 0.10000000000000009
701.145 0.10000000000000009
701.439 0.09667000000000003
701.731 0.11332999999999993
702.025 0.10000000000000009
702.316 0.1299999999999999
702.61 0.09332999999999991
702.902 0.10999999999999988
703.196 0.13332999999999995
703.487 0.10333000000000014
703.781 0.11332999999999993
704.073 0.11332999999999993
704.367 0.09332999999999991
704.658 0.12667000000000028
704.952 0.10999999999999988
705.244 0.11332999999999993
705.537 0.12333000000000016
705.829 0.09332999999999991
706.122 0.11332999999999993
706.414 0.10999999999999988
706.708 0.08667000000000025
706.999 0.08667000000000025
707.293 0.09332999999999991
