# Created: 2019-11-28 14:34:53.582194
# rshift intensity
76.1738 0.05333999999999994
76.4989 0.03666999999999998
76.824 0.033339999999999925
77.1491 0.020000000000000018
77.4721 0.03666999999999998
77.7972 0.040000000000000036
78.1223 0.040000000000000036
78.4474 0.02334000000000014
78.7724 0.05333999999999994
79.0975 0.010000000000000231
79.4204 0.033339999999999925
79.7454 0.03000000000000025
80.0704 0.040000000000000036
80.3954 0.026670000000000194
80.7204 0.040000000000000036
81.0454 0.020000000000000018
81.3682 0.040000000000000036
81.6931 0.03666999999999998
82.0181 0.016669999999999963
82.343 0.040000000000000036
82.6679 0.020000000000000018
82.9907 0.040000000000000036
83.3156 0.033339999999999925
83.6405 0.040000000000000036
83.9654 0.03000000000000025
84.2903 0.033339999999999925
84.613 0.02334000000000014
84.9378 0.013340000000000352
85.2626 0.03000000000000025
85.5875 0.040000000000000036
85.9101 0.03000000000000025
86.2349 0.026670000000000194
86.5597 0.026670000000000194
86.8845 0.05667
87.2093 0.026670000000000194
87.5319 0.03000000000000025
87.8566 0.03666999999999998
88.1814 0.050000000000000266
88.5061 0.043340000000000156
88.8286 0.03000000000000025
89.1533 0.033339999999999925
89.478 0.0
89.8027 0.026670000000000194
90.1252 0.033339999999999925
90.4499 0.033339999999999925
90.7745 0.040000000000000036
91.0992 0.040000000000000036
91.4216 0.033339999999999925
91.7462 0.020000000000000018
92.0708 0.05333999999999994
92.3954 0.040000000000000036
92.7179 0.026670000000000194
93.0424 0.016669999999999963
93.367 0.026670000000000194
93.6915 0.033339999999999925
94.0139 0.03000000000000025
94.3384 0.016669999999999963
94.6629 0.03000000000000025
94.9853 0.013340000000000352
95.3098 0.04667000000000021
95.6342 0.03000000000000025
95.9587 0.026670000000000194
96.281 0.033339999999999925
96.6055 0.03000000000000025
96.9299 0.03000000000000025
97.2522 0.03000000000000025
97.5766 0.026670000000000194
97.901 0.013340000000000352
98.2232 0.043340000000000156
98.5476 0.033339999999999925
98.8719 0.04667000000000021
99.1942 0.03666999999999998
99.5185 0.040000000000000036
99.8428 0.02334000000000014
100.165 0.03666999999999998
100.489 0.06000000000000005
100.814 0.04667000000000021
101.136 0.04667000000000021
101.46 0.043340000000000156
101.784 0.06000000000000005
102.106 0.050000000000000266
102.431 0.05333999999999994
102.755 0.03666999999999998
103.077 0.03666999999999998
103.401 0.05667
103.725 0.05667
104.047 0.06667000000000023
104.372 0.06334000000000017
104.696 0.04667000000000021
105.018 0.06000000000000005
105.342 0.05333999999999994
105.666 0.03666999999999998
105.988 0.020000000000000018
106.312 0.04667000000000021
106.634 0.040000000000000036
106.958 0.03666999999999998
107.282 0.043340000000000156
107.604 0.043340000000000156
107.928 0.06000000000000005
108.252 0.05333999999999994
108.574 0.026670000000000194
108.898 0.010000000000000231
109.22 0.033339999999999925
109.544 0.03000000000000025
109.868 0.026670000000000194
110.19 0.03666999999999998
110.514 0.040000000000000036
110.836 0.033339999999999925
111.159 0.033339999999999925
111.483 0.02334000000000014
111.805 0.016669999999999963
112.129 0.016669999999999963
112.451 0.043340000000000156
112.775 0.03666999999999998
113.096 0.03666999999999998
113.42 0.020000000000000018
113.744 0.033339999999999925
114.066 0.05333999999999994
114.39 0.03666999999999998
114.711 0.03666999999999998
115.035 0.04667000000000021
115.357 0.020000000000000018
115.681 0.026670000000000194
116.004 0.03666999999999998
116.326 0.03666999999999998
116.65 0.03000000000000025
116.971 0.03666999999999998
117.295 0.04667000000000021
117.617 0.026670000000000194
117.94 0.043340000000000156
118.262 0.010000000000000231
118.586 0.03000000000000025
118.907 0.04667000000000021
119.231 0.05333999999999994
119.554 0.03000000000000025
119.876 0.020000000000000018
120.199 0.026670000000000194
120.521 0.06000000000000005
120.845 0.050000000000000266
121.166 0.08334000000000019
121.49 0.050000000000000266
121.811 0.06667000000000023
122.135 0.03666999999999998
122.456 0.04667000000000021
122.78 0.05667
123.101 0.016669999999999963
123.424 0.043340000000000156
123.746 0.033339999999999925
124.069 0.033339999999999925
124.391 0.020000000000000018
124.714 0.05667
125.035 0.043340000000000156
125.359 0.05333999999999994
125.68 0.05667
126.004 0.03000000000000025
126.325 0.07000000000000028
126.648 0.03666999999999998
126.97 0.06000000000000005
127.291 0.06000000000000005
127.614 0.05667
127.935 0.03000000000000025
128.259 0.050000000000000266
128.58 0.06334000000000017
128.903 0.04667000000000021
129.224 0.06667000000000023
129.548 0.07333999999999996
129.869 0.08334000000000019
130.192 0.05667
130.513 0.06000000000000005
130.834 0.03666999999999998
131.158 0.040000000000000036
131.479 0.050000000000000266
131.802 0.033339999999999925
132.123 0.05333999999999994
132.446 0.04667000000000021
132.767 0.043340000000000156
133.09 0.05667
133.411 0.033339999999999925
133.733 0.040000000000000036
134.056 0.010000000000000231
134.377 0.06334000000000017
134.7 0.02334000000000014
135.021 0.04667000000000021
135.342 0.02334000000000014
135.665 0.03000000000000025
135.986 0.03000000000000025
136.309 0.020000000000000018
136.63 0.05333999999999994
136.951 0.050000000000000266
137.274 0.03000000000000025
137.595 0.04667000000000021
137.918 0.043340000000000156
138.238 0.043340000000000156
138.559 0.05333999999999994
138.882 0.026670000000000194
139.203 0.05333999999999994
139.526 0.050000000000000266
139.847 0.043340000000000156
140.168 0.05667
140.491 0.050000000000000266
140.811 0.04667000000000021
141.132 0.050000000000000266
141.455 0.026670000000000194
141.776 0.043340000000000156
142.097 0.050000000000000266
142.419 0.05333999999999994
142.74 0.050000000000000266
143.061 0.05333999999999994
143.384 0.043340000000000156
143.704 0.06667000000000023
144.027 0.040000000000000036
144.348 0.06000000000000005
144.668 0.05333999999999994
144.991 0.050000000000000266
145.312 0.050000000000000266
145.632 0.026670000000000194
145.955 0.05667
146.276 0.013340000000000352
146.596 0.04667000000000021
146.917 0.05333999999999994
147.24 0.05333999999999994
147.56 0.03666999999999998
147.881 0.03000000000000025
148.203 0.040000000000000036
148.524 0.033339999999999925
148.844 0.06000000000000005
149.167 0.03666999999999998
149.487 0.05667
149.808 0.06000000000000005
150.131 0.03666999999999998
150.451 0.040000000000000036
150.771 0.05333999999999994
151.092 0.05667
151.414 0.05667
151.735 0.043340000000000156
152.055 0.05667
152.378 0.03000000000000025
152.698 0.04667000000000021
153.018 0.03000000000000025
153.339 0.050000000000000266
153.661 0.02334000000000014
153.982 0.050000000000000266
154.302 0.050000000000000266
154.622 0.020000000000000018
154.945 0.050000000000000266
155.265 0.033339999999999925
155.585 0.04667000000000021
155.905 0.033339999999999925
156.228 0.05333999999999994
156.548 0.05667
156.868 0.03666999999999998
157.188 0.026670000000000194
157.511 0.03000000000000025
157.831 0.04667000000000021
158.151 0.043340000000000156
158.471 0.040000000000000036
158.794 0.043340000000000156
159.114 0.040000000000000036
159.434 0.050000000000000266
159.754 0.020000000000000018
160.074 0.05333999999999994
160.396 0.05333999999999994
160.717 0.06000000000000005
161.037 0.040000000000000036
161.357 0.06667000000000023
161.679 0.016669999999999963
161.999 0.03000000000000025
162.319 0.05667
162.639 0.040000000000000036
162.959 0.06334000000000017
163.281 0.06000000000000005
163.601 0.04667000000000021
163.921 0.04667000000000021
164.241 0.050000000000000266
164.561 0.06334000000000017
164.881 0.04667000000000021
165.203 0.06334000000000017
165.523 0.040000000000000036
165.843 0.05667
166.163 0.04667000000000021
166.483 0.04667000000000021
166.803 0.043340000000000156
167.125 0.05667
167.445 0.06000000000000005
167.764 0.040000000000000036
168.084 0.040000000000000036
168.404 0.03000000000000025
168.724 0.05333999999999994
169.046 0.050000000000000266
169.366 0.04667000000000021
169.685 0.033339999999999925
170.005 0.06000000000000005
170.325 0.06667000000000023
170.645 0.04667000000000021
170.964 0.050000000000000266
171.286 0.03666999999999998
171.606 0.050000000000000266
171.926 0.06334000000000017
172.245 0.050000000000000266
172.565 0.040000000000000036
172.885 0.020000000000000018
173.204 0.05333999999999994
173.524 0.03666999999999998
173.846 0.05333999999999994
174.166 0.043340000000000156
174.485 0.05333999999999994
174.805 0.043340000000000156
175.124 0.043340000000000156
175.444 0.043340000000000156
175.764 0.05333999999999994
176.083 0.06334000000000017
176.403 0.040000000000000036
176.722 0.06000000000000005
177.044 0.033339999999999925
177.363 0.03000000000000025
177.683 0.05667
178.002 0.05333999999999994
178.322 0.05667
178.641 0.05333999999999994
178.961 0.06000000000000005
179.28 0.04667000000000021
179.6 0.033339999999999925
179.919 0.04667000000000021
180.239 0.03666999999999998
180.558 0.033339999999999925
180.877 0.050000000000000266
181.197 0.033339999999999925
181.516 0.040000000000000036
181.838 0.07333999999999996
182.157 0.040000000000000036
182.476 0.05333999999999994
182.796 0.06334000000000017
183.115 0.033339999999999925
183.434 0.040000000000000036
183.754 0.043340000000000156
184.073 0.06334000000000017
184.392 0.033339999999999925
184.712 0.03666999999999998
185.031 0.04667000000000021
185.35 0.040000000000000036
185.669 0.033339999999999925
185.989 0.03666999999999998
186.308 0.040000000000000036
186.627 0.043340000000000156
186.946 0.050000000000000266
187.265 0.04667000000000021
187.585 0.050000000000000266
187.904 0.040000000000000036
188.223 0.043340000000000156
188.542 0.06000000000000005
188.861 0.04667000000000021
189.18 0.06000000000000005
189.499 0.03666999999999998
189.818 0.03666999999999998
190.138 0.06000000000000005
190.457 0.05667
190.776 0.05333999999999994
191.095 0.050000000000000266
191.414 0.05333999999999994
191.733 0.06000000000000005
192.052 0.026670000000000194
192.371 0.06000000000000005
192.69 0.07667000000000002
193.009 0.03000000000000025
193.328 0.043340000000000156
193.647 0.040000000000000036
193.966 0.04667000000000021
194.285 0.050000000000000266
194.602 0.040000000000000036
194.92 0.06000000000000005
195.239 0.040000000000000036
195.558 0.020000000000000018
195.877 0.07000000000000028
196.196 0.043340000000000156
196.515 0.05667
196.834 0.03666999999999998
197.153 0.050000000000000266
197.471 0.050000000000000266
197.79 0.06334000000000017
198.109 0.06000000000000005
198.428 0.050000000000000266
198.747 0.05333999999999994
199.065 0.050000000000000266
199.382 0.050000000000000266
199.701 0.043340000000000156
200.02 0.05333999999999994
200.338 0.06334000000000017
200.657 0.043340000000000156
200.976 0.06334000000000017
201.295 0.07333999999999996
201.613 0.04667000000000021
201.932 0.04667000000000021
202.251 0.05333999999999994
202.567 0.043340000000000156
202.886 0.05333999999999994
203.204 0.050000000000000266
203.523 0.04667000000000021
203.842 0.050000000000000266
204.16 0.03000000000000025
204.479 0.043340000000000156
204.797 0.06334000000000017
205.114 0.05333999999999994
205.433 0.06334000000000017
205.751 0.03666999999999998
206.07 0.05333999999999994
206.388 0.043340000000000156
206.707 0.06000000000000005
207.025 0.06000000000000005
207.342 0.04667000000000021
207.66 0.05333999999999994
207.979 0.04667000000000021
208.297 0.06334000000000017
208.615 0.04667000000000021
208.934 0.06334000000000017
209.25 0.03666999999999998
209.569 0.05667
209.887 0.050000000000000266
210.205 0.05667
210.524 0.050000000000000266
210.842 0.04667000000000021
211.158 0.033339999999999925
211.477 0.016669999999999963
211.795 0.05667
212.113 0.033339999999999925
212.432 0.06334000000000017
212.75 0.043340000000000156
213.066 0.07333999999999996
213.385 0.050000000000000266
213.703 0.06000000000000005
214.021 0.07333999999999996
214.339 0.06334000000000017
214.656 0.06334000000000017
214.974 0.06667000000000023
215.292 0.08000000000000007
215.61 0.06334000000000017
215.926 0.06667000000000023
216.245 0.07667000000000002
216.563 0.06000000000000005
216.881 0.050000000000000266
217.199 0.050000000000000266
217.515 0.07000000000000028
217.833 0.05667
218.151 0.04667000000000021
218.469 0.043340000000000156
218.785 0.07000000000000028
219.104 0.06334000000000017
219.422 0.04667000000000021
219.74 0.05667
220.056 0.06667000000000023
220.374 0.03666999999999998
220.692 0.050000000000000266
221.01 0.06667000000000023
221.326 0.06667000000000023
221.644 0.08334000000000019
221.962 0.05333999999999994
222.28 0.07667000000000002
222.596 0.06334000000000017
222.914 0.05333999999999994
223.232 0.06667000000000023
223.547 0.07667000000000002
223.865 0.06334000000000017
224.183 0.06334000000000017
224.501 0.06000000000000005
224.817 0.043340000000000156
225.135 0.06000000000000005
225.453 0.05333999999999994
225.768 0.06334000000000017
226.086 0.07667000000000002
226.404 0.05667
226.722 0.05333999999999994
227.038 0.05667
227.355 0.06667000000000023
227.673 0.09333999999999998
227.989 0.05667
228.307 0.05333999999999994
228.625 0.043340000000000156
228.94 0.08334000000000019
229.258 0.07000000000000028
229.576 0.06334000000000017
229.891 0.07000000000000028
230.209 0.05667
230.527 0.07667000000000002
230.842 0.06667000000000023
231.16 0.07000000000000028
231.478 0.043340000000000156
231.793 0.06000000000000005
232.111 0.06667000000000023
232.428 0.06000000000000005
232.744 0.07333999999999996
233.062 0.06000000000000005
233.379 0.06334000000000017
233.695 0.08334000000000019
234.012 0.06000000000000005
234.33 0.08334000000000019
234.645 0.08000000000000007
234.963 0.06000000000000005
235.278 0.06667000000000023
235.596 0.07333999999999996
235.913 0.09333999999999998
236.229 0.06667000000000023
236.546 0.06000000000000005
236.864 0.08667000000000025
237.179 0.07667000000000002
237.497 0.05667
237.812 0.09333999999999998
238.129 0.07000000000000028
238.447 0.07333999999999996
238.762 0.07667000000000002
239.08 0.0900000000000003
239.395 0.06667000000000023
239.712 0.08334000000000019
240.03 0.07333999999999996
240.345 0.08334000000000019
240.662 0.08000000000000007
240.978 0.08667000000000025
241.295 0.07000000000000028
241.61 0.050000000000000266
241.927 0.06667000000000023
242.245 0.05667
242.56 0.0900000000000003
242.877 0.08334000000000019
243.192 0.06000000000000005
243.51 0.05333999999999994
243.825 0.06334000000000017
244.142 0.050000000000000266
244.459 0.043340000000000156
244.774 0.07000000000000028
245.092 0.06000000000000005
245.407 0.05333999999999994
245.724 0.05667
246.039 0.05333999999999994
246.356 0.06000000000000005
246.671 0.06334000000000017
246.988 0.040000000000000036
247.303 0.05667
247.62 0.07000000000000028
247.938 0.05333999999999994
248.253 0.05333999999999994
248.57 0.05667
248.885 0.040000000000000036
249.202 0.050000000000000266
249.517 0.03666999999999998
249.834 0.07000000000000028
250.149 0.05333999999999994
250.466 0.08000000000000007
250.781 0.07000000000000028
251.098 0.07000000000000028
251.412 0.07000000000000028
251.729 0.08334000000000019
252.044 0.07667000000000002
252.361 0.06000000000000005
252.676 0.050000000000000266
252.993 0.07000000000000028
253.308 0.043340000000000156
253.625 0.04667000000000021
253.94 0.07333999999999996
254.256 0.06667000000000023
254.571 0.11667000000000005
254.888 0.06000000000000005
255.203 0.08000000000000007
255.518 0.06667000000000023
255.834 0.06000000000000005
256.149 0.04667000000000021
256.466 0.08667000000000025
256.781 0.07000000000000028
257.097 0.05333999999999994
257.412 0.08667000000000025
257.729 0.06667000000000023
258.044 0.06667000000000023
258.36 0.06000000000000005
258.675 0.06334000000000017
258.99 0.07000000000000028
259.306 0.07000000000000028
259.621 0.06334000000000017
259.938 0.06667000000000023
260.252 0.06000000000000005
260.569 0.05667
260.883 0.06667000000000023
261.198 0.06334000000000017
261.515 0.050000000000000266
261.829 0.05667
262.146 0.05667
262.46 0.05333999999999994
262.775 0.06000000000000005
263.091 0.043340000000000156
263.406 0.07333999999999996
263.723 0.03666999999999998
264.037 0.050000000000000266
264.354 0.05667
264.668 0.07667000000000002
264.982 0.07000000000000028
265.299 0.05333999999999994
265.613 0.05333999999999994
265.928 0.07000000000000028
266.244 0.07333999999999996
266.559 0.040000000000000036
266.875 0.043340000000000156
267.189 0.050000000000000266
267.504 0.07333999999999996
267.82 0.050000000000000266
268.134 0.07667000000000002
268.449 0.05333999999999994
268.765 0.05333999999999994
269.079 0.04667000000000021
269.394 0.06000000000000005
269.71 0.08334000000000019
270.024 0.05667
270.341 0.07000000000000028
270.655 0.06334000000000017
270.969 0.06667000000000023
271.286 0.05667
271.6 0.07333999999999996
271.914 0.07667000000000002
272.23 0.05667
272.544 0.07000000000000028
272.859 0.05333999999999994
273.175 0.04667000000000021
273.489 0.07667000000000002
273.803 0.06000000000000005
274.119 0.08334000000000019
274.433 0.05667
274.747 0.08334000000000019
275.062 0.07333999999999996
275.378 0.040000000000000036
275.692 0.06667000000000023
276.006 0.05667
276.322 0.06000000000000005
276.636 0.06334000000000017
276.95 0.08000000000000007
277.266 0.06667000000000023
277.58 0.07333999999999996
277.894 0.07333999999999996
278.208 0.05333999999999994
278.524 0.05667
278.838 0.07333999999999996
279.152 0.050000000000000266
279.468 0.07000000000000028
279.782 0.05333999999999994
280.096 0.07333999999999996
280.41 0.07333999999999996
280.726 0.043340000000000156
281.04 0.05667
281.354 0.07333999999999996
281.668 0.06334000000000017
281.983 0.08667000000000025
282.297 0.07333999999999996
282.611 0.05667
282.925 0.07333999999999996
283.241 0.06667000000000023
283.555 0.05667
283.868 0.07000000000000028
284.182 0.08000000000000007
284.498 0.05667
284.812 0.08334000000000019
285.126 0.043340000000000156
285.439 0.07333999999999996
285.753 0.05667
286.069 0.07333999999999996
286.383 0.06334000000000017
286.696 0.06667000000000023
287.01 0.06000000000000005
287.326 0.04667000000000021
287.639 0.08000000000000007
287.953 0.050000000000000266
288.267 0.08334000000000019
288.58 0.05667
288.896 0.08000000000000007
289.21 0.07667000000000002
289.523 0.06667000000000023
289.837 0.06667000000000023
290.15 0.06000000000000005
290.466 0.08334000000000019
290.78 0.05667
291.093 0.06000000000000005
291.407 0.08334000000000019
291.72 0.05667
292.034 0.07667000000000002
292.349 0.06000000000000005
292.663 0.09667000000000003
292.976 0.07000000000000028
293.29 0.08667000000000025
293.603 0.06667000000000023
293.917 0.0900000000000003
294.232 0.07000000000000028
294.546 0.050000000000000266
294.859 0.07333999999999996
295.172 0.033339999999999925
295.486 0.07667000000000002
295.799 0.06000000000000005
296.113 0.06334000000000017
296.428 0.05667
296.741 0.08000000000000007
297.055 0.07333999999999996
297.368 0.05667
297.681 0.06667000000000023
297.995 0.043340000000000156
298.308 0.07000000000000028
298.621 0.06667000000000023
298.937 0.06667000000000023
299.25 0.07000000000000028
299.563 0.05667
299.876 0.08000000000000007
300.19 0.05333999999999994
300.503 0.07333999999999996
300.816 0.05667
301.129 0.07667000000000002
301.442 0.06334000000000017
301.756 0.050000000000000266
302.071 0.06334000000000017
302.384 0.06334000000000017
302.697 0.09333999999999998
303.01 0.043340000000000156
303.323 0.0900000000000003
303.637 0.08334000000000019
303.95 0.06000000000000005
304.263 0.08000000000000007
304.576 0.07667000000000002
304.889 0.07333999999999996
305.202 0.05667
305.515 0.06334000000000017
305.828 0.043340000000000156
306.141 0.07667000000000002
306.456 0.06000000000000005
306.769 0.07333999999999996
307.082 0.06667000000000023
307.395 0.07000000000000028
307.708 0.07333999999999996
308.021 0.06667000000000023
308.334 0.08334000000000019
308.647 0.050000000000000266
308.96 0.08000000000000007
309.273 0.07333999999999996
309.586 0.07667000000000002
309.899 0.0900000000000003
310.212 0.06334000000000017
310.525 0.06334000000000017
310.838 0.05667
311.15 0.08000000000000007
311.463 0.06000000000000005
311.776 0.07667000000000002
312.089 0.10334000000000021
312.402 0.07667000000000002
312.715 0.07333999999999996
313.027 0.06334000000000017
313.34 0.07667000000000002
313.653 0.08000000000000007
313.966 0.10334000000000021
314.278 0.08334000000000019
314.591 0.06667000000000023
314.904 0.07000000000000028
315.217 0.08667000000000025
315.529 0.08000000000000007
315.842 0.07000000000000028
316.155 0.06000000000000005
316.467 0.08000000000000007
316.78 0.07667000000000002
317.093 0.08667000000000025
317.405 0.07667000000000002
317.718 0.08334000000000019
318.031 0.08000000000000007
318.343 0.09667000000000003
318.656 0.08000000000000007
318.969 0.06334000000000017
319.281 0.07333999999999996
319.592 0.08667000000000025
319.904 0.08000000000000007
320.217 0.08667000000000025
320.529 0.09333999999999998
320.842 0.07667000000000002
321.154 0.07333999999999996
321.467 0.07667000000000002
321.779 0.08000000000000007
322.092 0.06334000000000017
322.404 0.09667000000000003
322.717 0.10000000000000009
323.029 0.07000000000000028
323.342 0.08334000000000019
323.654 0.09667000000000003
323.965 0.08000000000000007
324.277 0.10667000000000026
324.589 0.08334000000000019
324.902 0.06667000000000023
325.214 0.08667000000000025
325.527 0.13000000000000034
325.839 0.08334000000000019
326.151 0.11667000000000005
326.464 0.11000000000000032
326.776 0.10000000000000009
327.086 0.09333999999999998
327.399 0.11667000000000005
327.711 0.12334000000000023
328.023 0.1200000000000001
328.335 0.09333999999999998
328.648 0.10667000000000026
328.96 0.14334000000000024
329.27 0.1200000000000001
329.582 0.13000000000000034
329.895 0.12334000000000023
330.207 0.12667000000000028
330.519 0.15334000000000003
330.831 0.0900000000000003
331.143 0.11000000000000032
331.454 0.11667000000000005
331.766 0.12334000000000023
332.078 0.11000000000000032
332.39 0.12334000000000023
332.702 0.11334
333.014 0.08334000000000019
333.326 0.12667000000000028
333.636 0.11000000000000032
333.948 0.09667000000000003
334.261 0.09333999999999998
334.573 0.10334000000000021
334.885 0.11000000000000032
335.195 0.10000000000000009
335.507 0.11334
335.819 0.07333999999999996
336.131 0.08000000000000007
336.443 0.08000000000000007
336.753 0.10334000000000021
337.065 0.09333999999999998
337.377 0.07667000000000002
337.689 0.0900000000000003
338.001 0.06667000000000023
338.31 0.10000000000000009
338.622 0.09333999999999998
338.934 0.08334000000000019
339.246 0.08667000000000025
339.558 0.08334000000000019
339.868 0.10334000000000021
340.18 0.08000000000000007
340.492 0.11334
340.804 0.07000000000000028
341.113 0.07667000000000002
341.425 0.07000000000000028
341.737 0.1200000000000001
342.049 0.10667000000000026
342.361 0.11667000000000005
342.67 0.09333999999999998
342.982 0.08000000000000007
343.294 0.08667000000000025
343.606 0.13334000000000001
343.915 0.08334000000000019
344.227 0.10667000000000026
344.539 0.11000000000000032
344.849 0.10667000000000026
345.16 0.10667000000000026
345.472 0.11334
345.784 0.10000000000000009
346.093 0.11667000000000005
346.405 0.08000000000000007
346.717 0.09667000000000003
347.028 0.10334000000000021
347.338 0.08000000000000007
347.649 0.14000000000000012
347.961 0.10667000000000026
348.271 0.08000000000000007
348.582 0.08667000000000025
348.894 0.0900000000000003
349.205 0.09667000000000003
349.515 0.07000000000000028
349.826 0.08000000000000007
350.138 0.08667000000000025
350.447 0.11000000000000032
350.759 0.09667000000000003
351.07 0.10334000000000021
351.38 0.09333999999999998
351.691 0.0900000000000003
352.003 0.09667000000000003
352.312 0.0900000000000003
352.624 0.07333999999999996
352.935 0.07667000000000002
353.245 0.09333999999999998
353.556 0.09333999999999998
353.867 0.09333999999999998
354.177 0.08667000000000025
354.488 0.07333999999999996
354.799 0.09333999999999998
355.109 0.09667000000000003
355.42 0.11000000000000032
355.732 0.11000000000000032
356.041 0.11334
356.352 0.09667000000000003
356.663 0.11000000000000032
356.973 0.11667000000000005
357.284 0.10334000000000021
357.593 0.10334000000000021
357.905 0.10000000000000009
358.216 0.0900000000000003
358.525 0.09667000000000003
358.836 0.09667000000000003
359.147 0.1200000000000001
359.457 0.0900000000000003
359.768 0.10667000000000026
360.077 0.11667000000000005
360.388 0.08334000000000019
360.699 0.10000000000000009
361.008 0.07667000000000002
361.32 0.11334
361.629 0.08667000000000025
361.94 0.13000000000000034
362.251 0.0900000000000003
362.56 0.08667000000000025
362.871 0.11000000000000032
363.18 0.08334000000000019
363.491 0.10334000000000021
363.8 0.10334000000000021
364.111 0.11667000000000005
364.422 0.08667000000000025
364.731 0.09333999999999998
365.042 0.07667000000000002
365.351 0.0900000000000003
365.662 0.10667000000000026
365.971 0.11000000000000032
366.282 0.09667000000000003
366.593 0.07667000000000002
366.902 0.11667000000000005
367.213 0.11000000000000032
367.522 0.12334000000000023
367.833 0.10000000000000009
368.142 0.10667000000000026
368.453 0.08667000000000025
368.762 0.09667000000000003
369.073 0.08334000000000019
369.381 0.11334
369.692 0.09333999999999998
370.001 0.10334000000000021
370.312 0.10667000000000026
370.623 0.10000000000000009
370.932 0.08667000000000025
371.242 0.07333999999999996
371.551 0.0900000000000003
371.862 0.09667000000000003
372.171 0.12334000000000023
372.482 0.10334000000000021
372.79 0.08667000000000025
373.101 0.11000000000000032
373.41 0.08667000000000025
373.721 0.08334000000000019
374.029 0.09667000000000003
374.34 0.09333999999999998
374.649 0.10000000000000009
374.959 0.09667000000000003
375.268 0.10667000000000026
375.577 0.10334000000000021
375.887 0.11334
376.196 0.0900000000000003
376.506 0.10667000000000026
376.815 0.09333999999999998
377.126 0.11667000000000005
377.434 0.0900000000000003
377.745 0.09667000000000003
378.053 0.10334000000000021
378.364 0.11000000000000032
378.672 0.09667000000000003
378.983 0.10334000000000021
379.292 0.08334000000000019
379.6 0.09333999999999998
379.911 0.09667000000000003
380.219 0.11000000000000032
380.53 0.06000000000000005
380.838 0.09333999999999998
381.148 0.09667000000000003
381.457 0.10000000000000009
381.767 0.10667000000000026
382.076 0.0900000000000003
382.384 0.10667000000000026
382.695 0.05333999999999994
383.003 0.10334000000000021
383.313 0.09667000000000003
383.622 0.10334000000000021
383.93 0.10667000000000026
384.24 0.11667000000000005
384.549 0.10334000000000021
384.859 0.08334000000000019
385.167 0.11667000000000005
385.476 0.11000000000000032
385.786 0.11000000000000032
386.094 0.09333999999999998
386.405 0.09333999999999998
386.713 0.11000000000000032
387.021 0.10334000000000021
387.331 0.1200000000000001
387.64 0.10000000000000009
387.948 0.11334
388.258 0.11334
388.566 0.11000000000000032
388.877 0.10667000000000026
389.185 0.10000000000000009
389.493 0.10667000000000026
389.803 0.08667000000000025
390.111 0.1200000000000001
390.419 0.0900000000000003
390.729 0.09333999999999998
391.038 0.13000000000000034
391.346 0.09333999999999998
391.656 0.11334
391.964 0.09333999999999998
392.272 0.10000000000000009
392.582 0.12334000000000023
392.89 0.11334
393.198 0.12667000000000028
393.508 0.11334
393.816 0.11000000000000032
394.124 0.10000000000000009
394.434 0.09333999999999998
394.742 0.11334
395.05 0.10667000000000026
395.36 0.0900000000000003
395.668 0.11667000000000005
395.976 0.11667000000000005
396.286 0.08334000000000019
396.594 0.10334000000000021
396.902 0.10000000000000009
397.21 0.1466700000000003
397.52 0.11667000000000005
397.828 0.13000000000000034
398.135 0.0900000000000003
398.445 0.09667000000000003
398.753 0.13000000000000034
399.061 0.11000000000000032
399.369 0.1566700000000001
399.679 0.12667000000000028
399.987 0.14334000000000024
400.294 0.13667000000000007
400.604 0.12334000000000023
400.912 0.12334000000000023
401.22 0.0900000000000003
401.527 0.12667000000000028
401.837 0.09333999999999998
402.145 0.10667000000000026
402.453 0.13667000000000007
402.76 0.12667000000000028
403.07 0.13000000000000034
403.378 0.13667000000000007
403.686 0.13667000000000007
403.993 0.10334000000000021
404.303 0.13000000000000034
404.611 0.12667000000000028
404.918 0.13334000000000001
405.226 0.1200000000000001
405.533 0.1200000000000001
405.843 0.1566700000000001
406.151 0.12334000000000023
406.458 0.17334000000000005
406.766 0.15334000000000003
407.076 0.1200000000000001
407.383 0.11667000000000005
407.691 0.15334000000000003
407.998 0.16000000000000014
408.306 0.12667000000000028
408.615 0.13667000000000007
408.923 0.1566700000000001
409.23 0.11334
409.538 0.14334000000000024
409.845 0.1466700000000003
410.153 0.15000000000000036
410.462 0.15334000000000003
410.77 0.17334000000000005
411.077 0.16999999999999993
411.384 0.16999999999999993
411.692 0.17334000000000005
412.001 0.1766700000000001
412.309 0.15000000000000036
412.616 0.16334000000000026
412.923 0.20999999999999996
413.231 0.17334000000000005
413.538 0.18999999999999995
413.845 0.19667000000000012
414.155 0.19334000000000007
414.462 0.18999999999999995
414.769 0.22334000000000032
415.077 0.20999999999999996
415.384 0.2033400000000003
415.691 0.22334000000000032
415.999 0.2400000000000002
416.308 0.24334000000000033
416.615 0.22334000000000032
416.922 0.2533400000000001
417.23 0.2333400000000001
417.537 0.2766700000000002
417.844 0.2400000000000002
418.151 0.26666999999999996
418.458 0.28667
418.768 0.30667
419.075 0.29334000000000016
419.382 0.26334000000000035
419.689 0.33667000000000025
419.996 0.30000000000000027
420.303 0.30667
420.61 0.35333999999999977
420.918 0.3333400000000002
421.225 0.37000000000000055
421.532 0.32333999999999996
421.841 0.34667000000000003
422.148 0.34334
422.455 0.34334
422.762 0.38000000000000034
423.069 0.3500000000000001
423.376 0.37000000000000055
423.683 0.38000000000000034
423.99 0.37000000000000055
424.297 0.41334000000000026
424.604 0.38667000000000007
424.911 0.3599999999999999
425.218 0.4166700000000003
425.525 0.3599999999999999
425.832 0.38334
426.139 0.3733400000000002
426.446 0.3566699999999998
426.753 0.3666700000000005
427.061 0.4166700000000003
427.368 0.3666700000000005
427.675 0.3566699999999998
427.982 0.3200000000000003
428.289 0.33000000000000007
428.596 0.31667000000000023
428.903 0.28000000000000025
429.209 0.34334
429.516 0.30667
429.823 0.33000000000000007
430.13 0.31667000000000023
430.437 0.27
430.743 0.2833399999999999
431.05 0.2766700000000002
431.357 0.23667000000000016
431.664 0.27
431.97 0.27334000000000014
432.277 0.23667000000000016
432.584 0.2400000000000002
432.891 0.24334000000000033
433.197 0.23667000000000016
433.504 0.24666999999999994
433.811 0.23667000000000016
434.117 0.20667000000000035
434.424 0.24666999999999994
434.731 0.20999999999999996
435.037 0.22334000000000032
435.344 0.21334000000000009
435.65 0.18667000000000034
435.957 0.18334000000000028
436.262 0.18000000000000016
436.568 0.2200000000000002
436.875 0.18999999999999995
437.181 0.19667000000000012
437.488 0.18667000000000034
437.794 0.20999999999999996
438.101 0.1766700000000001
438.407 0.16000000000000014
438.714 0.18000000000000016
439.02 0.15334000000000003
439.327 0.18999999999999995
439.633 0.18334000000000028
439.94 0.22334000000000032
440.246 0.19334000000000007
440.553 0.16334000000000026
440.859 0.1566700000000001
441.163 0.15334000000000003
441.47 0.18000000000000016
441.776 0.13667000000000007
442.083 0.1566700000000001
442.389 0.14334000000000024
442.695 0.18667000000000034
443.002 0.14334000000000024
443.308 0.18667000000000034
443.614 0.16667000000000032
443.921 0.1466700000000003
444.225 0.15334000000000003
444.531 0.13000000000000034
444.838 0.16334000000000026
445.144 0.15000000000000036
445.45 0.15000000000000036
445.757 0.16000000000000014
446.063 0.17334000000000005
446.369 0.16667000000000032
446.675 0.15334000000000003
446.979 0.14334000000000024
447.286 0.15334000000000003
447.592 0.1566700000000001
447.898 0.16667000000000032
448.204 0.13334000000000001
448.51 0.18667000000000034
448.817 0.1766700000000001
449.121 0.16667000000000032
449.427 0.15000000000000036
449.733 0.18000000000000016
450.039 0.1766700000000001
450.345 0.14000000000000012
450.651 0.16334000000000026
450.955 0.16334000000000026
451.261 0.14000000000000012
451.568 0.16000000000000014
451.874 0.11667000000000005
452.18 0.13667000000000007
452.486 0.14000000000000012
452.79 0.13000000000000034
453.096 0.15334000000000003
453.402 0.11000000000000032
453.708 0.13334000000000001
454.014 0.1566700000000001
454.318 0.14334000000000024
454.624 0.1466700000000003
454.93 0.14334000000000024
455.236 0.1466700000000003
455.541 0.14334000000000024
455.845 0.1200000000000001
456.151 0.10667000000000026
456.457 0.13000000000000034
456.763 0.13667000000000007
457.067 0.11000000000000032
457.373 0.13000000000000034
457.679 0.13334000000000001
457.985 0.09333999999999998
458.29 0.1200000000000001
458.594 0.1200000000000001
458.9 0.14000000000000012
459.206 0.13334000000000001
459.512 0.12667000000000028
459.815 0.10000000000000009
460.121 0.13667000000000007
460.427 0.14334000000000024
460.733 0.11000000000000032
461.036 0.10667000000000026
461.342 0.11667000000000005
461.648 0.09333999999999998
461.954 0.12667000000000028
462.257 0.13000000000000034
462.563 0.13000000000000034
462.869 0.09333999999999998
463.172 0.12667000000000028
463.478 0.13667000000000007
463.784 0.12334000000000023
464.089 0.12667000000000028
464.393 0.15334000000000003
464.699 0.10334000000000021
465.004 0.13334000000000001
465.308 0.12667000000000028
465.613 0.12334000000000023
465.919 0.10000000000000009
466.225 0.13334000000000001
466.528 0.13334000000000001
466.834 0.13334000000000001
467.139 0.11334
467.443 0.12334000000000023
467.748 0.14000000000000012
468.054 0.12667000000000028
468.357 0.11000000000000032
468.663 0.10334000000000021
468.968 0.12334000000000023
469.272 0.15334000000000003
469.577 0.14334000000000024
469.883 0.13334000000000001
470.186 0.15000000000000036
470.492 0.13334000000000001
470.797 0.13667000000000007
471.1 0.1466700000000003
471.406 0.11334
471.711 0.1466700000000003
472.014 0.1566700000000001
472.32 0.13667000000000007
472.625 0.15334000000000003
472.929 0.15000000000000036
473.234 0.11667000000000005
473.539 0.12667000000000028
473.843 0.1566700000000001
474.148 0.15334000000000003
474.451 0.16000000000000014
474.756 0.14000000000000012
475.062 0.16999999999999993
475.365 0.13334000000000001
475.67 0.17334000000000005
475.973 0.14000000000000012
476.279 0.15000000000000036
476.584 0.16667000000000032
476.887 0.15334000000000003
477.192 0.20000000000000018
477.498 0.18999999999999995
477.801 0.20999999999999996
478.106 0.2833399999999999
478.409 0.34667000000000003
478.714 0.3500000000000001
479.017 0.35333999999999977
479.322 0.3933399999999998
479.628 0.37000000000000055
479.931 0.36334000000000044
480.236 0.3666700000000005
480.539 0.4099999999999997
480.844 0.3666700000000005
481.147 0.31000000000000005
481.452 0.2566700000000002
481.757 0.2400000000000002
482.06 0.2033400000000003
482.365 0.18000000000000016
482.668 0.18334000000000028
482.973 0.17334000000000005
483.276 0.19334000000000007
483.581 0.1566700000000001
483.884 0.17334000000000005
484.189 0.16334000000000026
484.494 0.16000000000000014
484.797 0.13000000000000034
485.102 0.13000000000000034
485.405 0.14000000000000012
485.71 0.14334000000000024
486.013 0.14334000000000024
486.318 0.16000000000000014
486.621 0.1466700000000003
486.925 0.14000000000000012
487.228 0.13334000000000001
487.533 0.14000000000000012
487.836 0.12334000000000023
488.141 0.13667000000000007
488.444 0.11667000000000005
488.748 0.14000000000000012
489.051 0.1200000000000001
489.356 0.16000000000000014
489.659 0.1200000000000001
489.964 0.14000000000000012
490.266 0.12334000000000023
490.571 0.0900000000000003
490.874 0.12667000000000028
491.179 0.11000000000000032
491.481 0.1200000000000001
491.786 0.09667000000000003
492.089 0.14000000000000012
492.393 0.14000000000000012
492.696 0.11000000000000032
493.001 0.13000000000000034
493.303 0.13000000000000034
493.606 0.1200000000000001
493.911 0.09333999999999998
494.213 0.11000000000000032
494.518 0.10000000000000009
494.821 0.10334000000000021
495.125 0.11334
495.428 0.07000000000000028
495.732 0.12334000000000023
496.035 0.10334000000000021
496.337 0.10334000000000021
496.642 0.14000000000000012
496.945 0.09667000000000003
497.249 0.1200000000000001
497.552 0.08334000000000019
497.856 0.09333999999999998
498.159 0.11667000000000005
498.461 0.11334
498.766 0.10334000000000021
499.068 0.12667000000000028
499.372 0.07000000000000028
499.675 0.10000000000000009
499.977 0.1200000000000001
500.282 0.08667000000000025
500.584 0.11334
500.889 0.10334000000000021
501.191 0.0900000000000003
501.493 0.1200000000000001
501.798 0.08667000000000025
502.1 0.1200000000000001
502.402 0.12334000000000023
502.707 0.14000000000000012
503.009 0.09667000000000003
503.314 0.08000000000000007
503.616 0.09333999999999998
503.918 0.09667000000000003
504.222 0.11667000000000005
504.525 0.0900000000000003
504.827 0.09667000000000003
505.131 0.10667000000000026
505.433 0.0900000000000003
505.736 0.13667000000000007
506.04 0.09667000000000003
506.342 0.11000000000000032
506.646 0.09333999999999998
506.949 0.11667000000000005
507.251 0.11667000000000005
507.555 0.09333999999999998
507.857 0.09333999999999998
508.159 0.11000000000000032
508.461 0.08000000000000007
508.766 0.10334000000000021
509.068 0.13000000000000034
509.37 0.08000000000000007
509.674 0.10000000000000009
509.976 0.08667000000000025
510.278 0.10334000000000021
510.582 0.10334000000000021
510.884 0.10334000000000021
511.186 0.11000000000000032
511.49 0.08667000000000025
511.792 0.0900000000000003
512.094 0.11000000000000032
512.396 0.10667000000000026
512.701 0.09667000000000003
513.003 0.11000000000000032
513.305 0.07667000000000002
513.609 0.10667000000000026
513.91 0.11334
514.212 0.08667000000000025
514.514 0.09333999999999998
514.818 0.10334000000000021
515.12 0.10334000000000021
515.422 0.11334
515.724 0.09667000000000003
516.028 0.10334000000000021
516.33 0.1200000000000001
516.632 0.07000000000000028
516.934 0.06667000000000023
517.237 0.08667000000000025
517.539 0.11334
517.841 0.10334000000000021
518.143 0.08334000000000019
518.447 0.11667000000000005
518.749 0.10000000000000009
519.05 0.0900000000000003
519.352 0.08334000000000019
519.656 0.10334000000000021
519.958 0.10000000000000009
520.26 0.10000000000000009
520.561 0.10667000000000026
520.863 0.0900000000000003
521.167 0.13334000000000001
521.468 0.10667000000000026
521.77 0.11000000000000032
522.072 0.11667000000000005
522.376 0.12334000000000023
522.677 0.12334000000000023
522.979 0.10000000000000009
523.281 0.11667000000000005
523.582 0.09667000000000003
523.884 0.11000000000000032
524.187 0.10667000000000026
524.489 0.10334000000000021
524.791 0.12667000000000028
525.092 0.10334000000000021
525.394 0.10334000000000021
525.697 0.10000000000000009
525.999 0.10667000000000026
526.301 0.10667000000000026
526.602 0.0900000000000003
526.904 0.09667000000000003
527.205 0.10667000000000026
527.507 0.08667000000000025
527.81 0.0900000000000003
528.112 0.10000000000000009
528.413 0.10334000000000021
528.715 0.0900000000000003
529.016 0.08667000000000025
529.318 0.11000000000000032
529.619 0.10334000000000021
529.922 0.08000000000000007
530.224 0.11000000000000032
530.525 0.10334000000000021
530.827 0.09333999999999998
531.128 0.13000000000000034
531.429 0.08000000000000007
531.731 0.08334000000000019
532.032 0.10334000000000021
532.336 0.0900000000000003
532.637 0.08667000000000025
532.938 0.09667000000000003
533.24 0.10000000000000009
533.541 0.08000000000000007
533.842 0.08667000000000025
534.143 0.11000000000000032
534.445 0.09333999999999998
534.746 0.10334000000000021
535.047 0.06667000000000023
535.351 0.10334000000000021
535.652 0.09667000000000003
535.953 0.09667000000000003
536.254 0.10000000000000009
536.555 0.11334
536.857 0.11000000000000032
537.158 0.14334000000000024
537.459 0.07667000000000002
537.76 0.10667000000000026
538.061 0.10334000000000021
538.362 0.0900000000000003
538.664 0.11000000000000032
538.965 0.11000000000000032
539.266 0.10667000000000026
539.567 0.11334
539.868 0.10000000000000009
540.169 0.10667000000000026
540.472 0.10334000000000021
540.773 0.12334000000000023
541.074 0.10334000000000021
541.375 0.09333999999999998
541.677 0.10334000000000021
541.978 0.14334000000000024
542.279 0.14334000000000024
542.58 0.12667000000000028
542.881 0.12334000000000023
543.182 0.1200000000000001
543.483 0.10000000000000009
543.784 0.10667000000000026
544.085 0.1200000000000001
544.385 0.1200000000000001
544.686 0.12667000000000028
544.987 0.11334
545.288 0.14334000000000024
545.589 0.10000000000000009
545.89 0.13667000000000007
546.191 0.11334
546.492 0.1200000000000001
546.793 0.1200000000000001
547.094 0.1200000000000001
547.394 0.16667000000000032
547.695 0.11334
547.996 0.13334000000000001
548.297 0.15000000000000036
548.596 0.13334000000000001
548.897 0.1566700000000001
549.197 0.15334000000000003
549.498 0.16334000000000026
549.799 0.1566700000000001
550.1 0.15000000000000036
550.4 0.18000000000000016
550.701 0.14000000000000012
551.002 0.1766700000000001
551.303 0.16334000000000026
551.603 0.20000000000000018
551.904 0.17334000000000005
552.205 0.18334000000000028
552.505 0.18000000000000016
552.806 0.17334000000000005
553.107 0.17334000000000005
553.407 0.18999999999999995
553.706 0.18667000000000034
554.007 0.22999999999999998
554.307 0.16334000000000026
554.608 0.18000000000000016
554.909 0.20667000000000035
555.209 0.18334000000000028
555.51 0.17334000000000005
555.81 0.16000000000000014
556.111 0.15334000000000003
556.411 0.15334000000000003
556.71 0.16999999999999993
557.01 0.16334000000000026
557.311 0.12334000000000023
557.612 0.16667000000000032
557.912 0.12667000000000028
558.213 0.14334000000000024
558.513 0.13667000000000007
558.813 0.13334000000000001
559.112 0.10667000000000026
559.412 0.12334000000000023
559.713 0.12334000000000023
560.013 0.10334000000000021
560.314 0.12667000000000028
560.614 0.14334000000000024
560.914 0.12334000000000023
561.213 0.11334
561.513 0.10667000000000026
561.814 0.10000000000000009
562.114 0.11667000000000005
562.414 0.10334000000000021
562.715 0.13000000000000034
563.015 0.13667000000000007
563.313 0.10000000000000009
563.614 0.10667000000000026
563.914 0.10000000000000009
564.214 0.10667000000000026
564.515 0.11334
564.813 0.13000000000000034
565.113 0.11334
565.413 0.11334
565.714 0.10334000000000021
566.014 0.13000000000000034
566.312 0.09333999999999998
566.612 0.11334
566.912 0.09667000000000003
567.213 0.10667000000000026
567.513 0.12667000000000028
567.811 0.11000000000000032
568.111 0.10000000000000009
568.411 0.12667000000000028
568.712 0.09667000000000003
569.012 0.08667000000000025
569.31 0.10334000000000021
569.61 0.0900000000000003
569.91 0.0900000000000003
570.21 0.07667000000000002
570.508 0.10334000000000021
570.808 0.10334000000000021
571.108 0.13667000000000007
571.408 0.12334000000000023
571.706 0.10667000000000026
572.006 0.10334000000000021
572.306 0.09667000000000003
572.607 0.10667000000000026
572.904 0.08334000000000019
573.204 0.12334000000000023
573.505 0.1200000000000001
573.805 0.10000000000000009
574.102 0.10000000000000009
574.402 0.10667000000000026
574.702 0.0900000000000003
575.002 0.09667000000000003
575.3 0.12667000000000028
575.6 0.09333999999999998
575.9 0.12334000000000023
576.198 0.10000000000000009
576.498 0.07667000000000002
576.798 0.11334
577.098 0.08334000000000019
577.395 0.10667000000000026
577.695 0.0900000000000003
577.995 0.09333999999999998
578.293 0.12334000000000023
578.593 0.09333999999999998
578.893 0.12667000000000028
579.19 0.09667000000000003
579.49 0.08334000000000019
579.79 0.11000000000000032
580.088 0.11667000000000005
580.387 0.08334000000000019
580.687 0.10334000000000021
580.985 0.10667000000000026
581.285 0.08334000000000019
581.584 0.11667000000000005
581.882 0.10000000000000009
582.182 0.07667000000000002
582.482 0.10000000000000009
582.779 0.11667000000000005
583.079 0.13667000000000007
583.378 0.10000000000000009
583.676 0.11000000000000032
583.976 0.0900000000000003
584.275 0.10000000000000009
584.573 0.11000000000000032
584.873 0.11667000000000005
585.17 0.10667000000000026
585.47 0.09667000000000003
585.769 0.10000000000000009
586.067 0.10000000000000009
586.367 0.0900000000000003
586.666 0.10000000000000009
586.964 0.12334000000000023
587.263 0.11334
587.561 0.09333999999999998
587.86 0.10000000000000009
588.16 0.11000000000000032
588.457 0.10667000000000026
588.757 0.11334
589.054 0.10000000000000009
589.354 0.1200000000000001
589.653 0.10667000000000026
589.951 0.13000000000000034
590.25 0.11334
590.547 0.11000000000000032
590.847 0.09667000000000003
591.144 0.09667000000000003
591.444 0.10334000000000021
591.743 0.09667000000000003
592.04 0.1200000000000001
592.34 0.13667000000000007
592.637 0.08667000000000025
592.936 0.10667000000000026
593.234 0.10000000000000009
593.533 0.11000000000000032
593.832 0.11334
594.13 0.13000000000000034
594.429 0.1200000000000001
594.726 0.1200000000000001
595.026 0.11334
595.323 0.08000000000000007
595.622 0.11000000000000032
595.919 0.13334000000000001
596.219 0.0900000000000003
596.516 0.10334000000000021
596.815 0.10334000000000021
597.112 0.09667000000000003
597.411 0.08667000000000025
597.709 0.09333999999999998
598.008 0.1200000000000001
598.305 0.13000000000000034
598.604 0.1200000000000001
598.901 0.10000000000000009
599.2 0.14000000000000012
599.497 0.08000000000000007
599.797 0.11000000000000032
600.094 0.09667000000000003
600.393 0.12334000000000023
600.69 0.12667000000000028
600.989 0.09667000000000003
601.286 0.09333999999999998
601.585 0.12667000000000028
601.882 0.11000000000000032
602.181 0.1200000000000001
602.478 0.11667000000000005
602.777 0.0900000000000003
603.074 0.10667000000000026
603.373 0.13000000000000034
603.67 0.10334000000000021
603.969 0.10334000000000021
604.266 0.11000000000000032
604.563 0.12667000000000028
604.862 0.13667000000000007
605.159 0.13334000000000001
605.458 0.13000000000000034
605.755 0.12334000000000023
606.054 0.10667000000000026
606.351 0.11667000000000005
606.65 0.13334000000000001
606.946 0.1466700000000003
607.243 0.11000000000000032
607.542 0.14000000000000012
607.839 0.11334
608.138 0.13334000000000001
608.435 0.14000000000000012
608.732 0.14000000000000012
609.03 0.16999999999999993
609.327 0.12334000000000023
609.626 0.13334000000000001
609.923 0.1466700000000003
610.22 0.15334000000000003
610.518 0.14334000000000024
610.815 0.14334000000000024
611.114 0.13000000000000034
611.411 0.13667000000000007
611.707 0.13667000000000007
612.006 0.15334000000000003
612.303 0.14000000000000012
612.601 0.17334000000000005
612.898 0.1466700000000003
613.195 0.14334000000000024
613.493 0.16000000000000014
613.79 0.1466700000000003
614.087 0.13000000000000034
614.385 0.13334000000000001
614.682 0.16334000000000026
614.979 0.11667000000000005
615.277 0.11334
615.574 0.15000000000000036
615.87 0.15334000000000003
616.169 0.1466700000000003
616.466 0.14000000000000012
616.764 0.14334000000000024
617.061 0.13667000000000007
617.357 0.12667000000000028
617.656 0.12667000000000028
617.952 0.11334
618.249 0.13667000000000007
618.545 0.1566700000000001
618.844 0.11667000000000005
619.14 0.10667000000000026
619.437 0.11334
619.735 0.14000000000000012
620.032 0.11000000000000032
620.328 0.12334000000000023
620.626 0.11667000000000005
620.923 0.1200000000000001
621.219 0.12667000000000028
621.518 0.13000000000000034
621.814 0.13667000000000007
622.11 0.1200000000000001
622.407 0.12667000000000028
622.705 0.12667000000000028
623.002 0.10334000000000021
623.298 0.10667000000000026
623.594 0.11334
623.893 0.11667000000000005
624.189 0.10000000000000009
624.485 0.11000000000000032
624.784 0.1200000000000001
625.08 0.10667000000000026
625.376 0.07667000000000002
625.672 0.11667000000000005
625.971 0.10334000000000021
626.267 0.12667000000000028
626.563 0.12334000000000023
626.859 0.11000000000000032
627.158 0.12667000000000028
627.454 0.13334000000000001
627.75 0.12667000000000028
628.046 0.12667000000000028
628.342 0.09667000000000003
628.641 0.12667000000000028
628.937 0.14334000000000024
629.233 0.09333999999999998
629.529 0.10000000000000009
629.827 0.11667000000000005
630.123 0.11667000000000005
630.419 0.11667000000000005
630.715 0.09333999999999998
631.011 0.09333999999999998
631.31 0.12334000000000023
631.606 0.10334000000000021
631.902 0.11334
632.198 0.11000000000000032
632.494 0.10667000000000026
632.792 0.11667000000000005
633.088 0.11000000000000032
633.384 0.10667000000000026
633.68 0.11334
633.976 0.09333999999999998
634.272 0.13000000000000034
634.57 0.10334000000000021
634.866 0.11334
635.162 0.11334
635.458 0.11334
635.754 0.11334
636.05 0.13334000000000001
636.347 0.11000000000000032
636.643 0.11334
636.939 0.12667000000000028
637.235 0.09333999999999998
637.531 0.11334
637.827 0.1200000000000001
638.123 0.10667000000000026
638.421 0.11000000000000032
638.716 0.11000000000000032
639.012 0.11334
639.308 0.10667000000000026
639.604 0.10000000000000009
639.9 0.11000000000000032
640.195 0.11000000000000032
640.491 0.10000000000000009
640.789 0.11000000000000032
641.085 0.10667000000000026
641.381 0.11000000000000032
641.676 0.11334
641.972 0.11334
642.268 0.10334000000000021
642.563 0.12334000000000023
642.859 0.10334000000000021
643.155 0.1466700000000003
643.451 0.10334000000000021
643.746 0.12667000000000028
644.044 0.12334000000000023
644.34 0.09667000000000003
644.635 0.11334
644.931 0.09667000000000003
645.227 0.1200000000000001
645.522 0.11000000000000032
645.818 0.12334000000000023
646.113 0.1200000000000001
646.409 0.10000000000000009
646.704 0.11334
647.0 0.11334
647.296 0.12667000000000028
647.591 0.11000000000000032
647.887 0.10667000000000026
648.182 0.12667000000000028
648.478 0.11334
648.773 0.13000000000000034
649.069 0.13334000000000001
649.366 0.13667000000000007
649.662 0.11667000000000005
649.957 0.12667000000000028
650.253 0.13334000000000001
650.548 0.1200000000000001
650.844 0.14334000000000024
651.139 0.13334000000000001
651.434 0.16000000000000014
651.73 0.12667000000000028
652.025 0.16000000000000014
652.321 0.1466700000000003
652.616 0.12667000000000028
652.911 0.16334000000000026
653.207 0.14334000000000024
653.502 0.1566700000000001
653.797 0.13667000000000007
654.093 0.13667000000000007
654.388 0.16000000000000014
654.683 0.16667000000000032
654.979 0.14334000000000024
655.274 0.19334000000000007
655.567 0.16334000000000026
655.863 0.18334000000000028
656.158 0.16667000000000032
656.453 0.18667000000000034
656.748 0.17334000000000005
657.044 0.19334000000000007
657.339 0.2200000000000002
657.634 0.20999999999999996
657.929 0.21667000000000014
658.224 0.20000000000000018
658.52 0.2033400000000003
658.815 0.22666999999999993
659.11 0.18334000000000028
659.405 0.20999999999999996
659.7 0.2333400000000001
659.995 0.20999999999999996
660.291 0.23667000000000016
660.586 0.20667000000000035
660.879 0.19334000000000007
661.174 0.20999999999999996
661.469 0.2033400000000003
661.764 0.18999999999999995
662.059 0.16000000000000014
662.354 0.20000000000000018
662.649 0.18334000000000028
662.944 0.19334000000000007
663.239 0.20000000000000018
663.534 0.19334000000000007
663.83 0.12334000000000023
664.122 0.16334000000000026
664.417 0.16667000000000032
664.713 0.14000000000000012
665.008 0.17334000000000005
665.302 0.1466700000000003
665.597 0.14000000000000012
665.892 0.1766700000000001
666.187 0.13667000000000007
666.48 0.15334000000000003
666.775 0.13334000000000001
667.07 0.1466700000000003
667.365 0.14000000000000012
667.66 0.16000000000000014
667.955 0.11667000000000005
668.25 0.13334000000000001
668.542 0.14000000000000012
668.837 0.10334000000000021
669.132 0.13334000000000001
669.427 0.10667000000000026
669.722 0.1466700000000003
670.017 0.10000000000000009
670.31 0.15000000000000036
670.604 0.09667000000000003
670.899 0.1566700000000001
671.194 0.12667000000000028
671.489 0.10667000000000026
671.783 0.15000000000000036
672.076 0.15000000000000036
672.371 0.1200000000000001
672.666 0.10667000000000026
672.96 0.13000000000000034
673.255 0.11334
673.548 0.13000000000000034
673.842 0.13000000000000034
674.137 0.1200000000000001
674.432 0.08667000000000025
674.727 0.1200000000000001
675.019 0.13000000000000034
675.314 0.12334000000000023
675.608 0.09333999999999998
675.903 0.11000000000000032
676.196 0.1200000000000001
676.49 0.10667000000000026
676.785 0.11667000000000005
677.079 0.1200000000000001
677.374 0.10334000000000021
677.667 0.13000000000000034
677.961 0.09333999999999998
678.256 0.09667000000000003
678.55 0.10000000000000009
678.843 0.08667000000000025
679.137 0.12334000000000023
679.432 0.13667000000000007
679.726 0.11000000000000032
680.019 0.12334000000000023
680.313 0.13667000000000007
680.608 0.10334000000000021
680.902 0.09333999999999998
681.195 0.10334000000000021
681.489 0.12667000000000028
681.784 0.11667000000000005
682.076 0.10667000000000026
682.37 0.09333999999999998
682.665 0.10334000000000021
682.959 0.11000000000000032
683.252 0.10334000000000021
683.546 0.12334000000000023
683.84 0.11667000000000005
684.133 0.09333999999999998
684.427 0.11000000000000032
684.721 0.09333999999999998
685.014 0.10667000000000026
685.308 0.10334000000000021
685.602 0.11000000000000032
685.895 0.10334000000000021
686.189 0.11667000000000005
686.483 0.11000000000000032
686.778 0.10334000000000021
687.07 0.11667000000000005
687.364 0.1200000000000001
687.658 0.11000000000000032
687.951 0.11000000000000032
688.245 0.10000000000000009
688.537 0.09667000000000003
688.831 0.11334
689.125 0.1200000000000001
689.418 0.11334
689.712 0.11667000000000005
690.006 0.12334000000000023
690.298 0.10334000000000021
690.592 0.09333999999999998
690.886 0.11667000000000005
691.178 0.12334000000000023
691.473 0.10667000000000026
691.767 0.11667000000000005
692.059 0.10667000000000026
692.353 0.1200000000000001
692.645 0.13000000000000034
692.939 0.11000000000000032
693.233 0.1200000000000001
693.525 0.11667000000000005
693.819 0.13667000000000007
694.111 0.0900000000000003
694.405 0.09333999999999998
694.699 0.11334
694.991 0.12334000000000023
695.285 0.11000000000000032
695.577 0.11667000000000005
695.871 0.12334000000000023
696.165 0.1200000000000001
696.457 0.12334000000000023
696.751 0.11000000000000032
697.043 0.08334000000000019
697.337 0.10667000000000026
697.629 0.10334000000000021
697.923 0.10334000000000021
698.217 0.12334000000000023
698.509 0.10000000000000009
698.802 0.1200000000000001
699.094 0.11667000000000005
699.388 0.0900000000000003
699.68 0.09667000000000003
699.974 0.09333999999999998
700.266 0.09333999999999998
700.56 0.10000000000000009
700.853 0.11667000000000005
701.145 0.1200000000000001
701.439 0.10000000000000009
701.731 0.11000000000000032
702.025 0.10000000000000009
702.316 0.10334000000000021
702.61 0.09333999999999998
702.902 0.09667000000000003
703.196 0.11334
703.487 0.10334000000000021
703.781 0.0900000000000003
704.073 0.09333999999999998
704.367 0.10334000000000021
704.658 0.13667000000000007
704.952 0.10000000000000009
705.244 0.12334000000000023
705.537 0.11334
705.829 0.09333999999999998
706.122 0.10000000000000009
706.414 0.10000000000000009
706.708 0.05667
706.999 0.07667000000000002
707.293 0.09667000000000003
