# Created: 2019-11-28 11:43:40.957876
# rshift intensity
55.3072 0.029999999999999805
55.6331 0.048329999999999984
55.9568 0.02666999999999975
56.2826 0.04999999999999982
56.6085 0.041669999999999874
56.9343 0.04499999999999993
57.2601 0.05667
57.5859 0.02666999999999975
57.9117 0.0349999999999997
58.2374 0.03666999999999998
58.5632 0.016669999999999963
58.8889 0.03166999999999964
59.2147 0.028329999999999966
59.5382 0.02332999999999963
59.864 0.048329999999999984
60.1897 0.028329999999999966
60.5154 0.054999999999999716
60.841 0.05332999999999988
61.1667 0.018329999999999735
61.4924 0.05332999999999988
61.818 0.0733299999999999
62.1437 0.03832999999999975
62.4671 0.03166999999999964
62.7927 0.04999999999999982
63.1183 0.05166999999999966
63.4439 0.041669999999999874
63.7695 0.048329999999999984
64.0951 0.04332999999999965
64.4206 0.02332999999999963
64.744 0.05332999999999988
65.0696 0.05832999999999977
65.3951 0.05999999999999961
65.7206 0.03666999999999998
66.0461 0.06999999999999984
66.3716 0.04332999999999965
66.6971 0.05667
67.0204 0.04499999999999993
67.3459 0.04499999999999993
67.6713 0.06166999999999989
67.9967 0.07999999999999963
68.3222 0.041669999999999874
68.6476 0.06999999999999984
68.9708 0.07166999999999968
69.2962 0.05832999999999977
69.6216 0.06666999999999978
69.9469 0.08166999999999991
70.2723 0.0916699999999997
70.5976 0.125
70.9208 0.13332999999999995
71.2461 0.14832999999999963
71.5715 0.2216699999999996
71.8968 0.22666999999999993
72.222 0.2333299999999996
72.5452 0.2749999999999999
72.8704 0.27332999999999963
73.1957 0.3416699999999997
73.5209 0.31833
73.8462 0.3899999999999997
74.1692 0.3616699999999997
74.4944 0.34499999999999975
74.8196 0.4166699999999999
75.1448 0.39832999999999963
75.4678 0.3783299999999996
75.793 0.3583299999999996
76.1182 0.39166999999999996
76.4433 0.31499999999999995
76.7684 0.2799999999999998
77.0914 0.30832999999999977
77.4165 0.2799999999999998
77.7416 0.2849999999999997
78.0667 0.2216699999999996
78.3896 0.2116699999999998
78.7147 0.16166999999999998
79.0397 0.19333
79.3648 0.11999999999999966
79.6876 0.07667000000000002
80.0127 0.09499999999999975
80.3377 0.05832999999999977
80.6627 0.06666999999999978
80.9855 0.048329999999999984
81.3105 0.048329999999999984
81.6354 0.04499999999999993
81.9604 0.03999999999999959
82.2832 0.029999999999999805
82.6081 0.03999999999999959
82.933 0.03999999999999959
83.2558 0.029999999999999805
83.5807 0.04499999999999993
83.9055 0.03332999999999986
84.2304 0.021669999999999856
84.5531 0.04332999999999965
84.878 0.03666999999999998
85.2028 0.02666999999999975
85.5255 0.016669999999999963
85.8503 0.054999999999999716
86.1751 0.01499999999999968
86.4978 0.03332999999999986
86.8225 0.05332999999999988
87.1473 0.03666999999999998
87.4721 0.028329999999999966
87.7947 0.0349999999999997
88.1194 0.03999999999999959
88.4441 0.028329999999999966
88.7667 0.03666999999999998
89.0914 0.03666999999999998
89.4161 0.016669999999999963
89.7386 0.0349999999999997
90.0633 0.02666999999999975
90.3879 0.020000000000000018
90.7104 0.041669999999999874
91.0351 0.03166999999999964
91.3597 0.04666999999999977
91.6822 0.028329999999999966
92.0068 0.03999999999999959
92.3314 0.02666999999999975
92.6538 0.03166999999999964
92.9784 0.018329999999999735
93.3029 0.01499999999999968
93.6253 0.029999999999999805
93.9499 0.04332999999999965
94.2722 0.02332999999999963
94.5967 0.028329999999999966
94.9212 0.008329999999999949
95.2436 0.04999999999999982
95.5681 0.029999999999999805
95.8925 0.003329999999999611
96.2149 0.04499999999999993
96.5393 0.03332999999999986
96.8616 0.04999999999999982
97.186 0.02499999999999991
97.5104 0.029999999999999805
97.8327 0.05166999999999966
98.1571 0.05332999999999988
98.4814 0.04332999999999965
98.8037 0.06166999999999989
99.128 0.0349999999999997
99.4502 0.03999999999999959
99.7746 0.03332999999999986
100.099 0.028329999999999966
100.421 0.04999999999999982
100.745 0.006669999999999732
101.067 0.041669999999999874
101.392 0.020000000000000018
101.714 0.03832999999999975
102.038 0.048329999999999984
102.362 0.04499999999999993
102.684 0.03999999999999959
103.009 0.06833
103.331 0.05667
103.655 0.06833
103.977 0.06666999999999978
104.301 0.07667000000000002
104.625 0.054999999999999716
104.947 0.08833000000000002
105.271 0.05999999999999961
105.593 0.06666999999999978
105.918 0.06332999999999966
106.24 0.05667
106.564 0.06332999999999966
106.886 0.08999999999999986
107.21 0.07999999999999963
107.534 0.0916699999999997
107.856 0.06999999999999984
108.18 0.05999999999999961
108.502 0.054999999999999716
108.826 0.05332999999999988
109.147 0.05166999999999966
109.471 0.03999999999999959
109.793 0.03832999999999975
110.117 0.04332999999999965
110.439 0.029999999999999805
110.763 0.05332999999999988
111.085 0.021669999999999856
111.409 0.03999999999999959
111.731 0.054999999999999716
112.054 0.029999999999999805
112.376 0.028329999999999966
112.7 0.03332999999999986
113.022 0.029999999999999805
113.346 0.03999999999999959
113.667 0.029999999999999805
113.991 0.02332999999999963
114.313 0.02499999999999991
114.637 0.02332999999999963
114.958 0.028329999999999966
115.282 0.008329999999999949
115.604 0.03999999999999959
115.928 0.02666999999999975
116.249 0.0349999999999997
116.573 0.03999999999999959
116.895 0.04332999999999965
117.216 0.013329999999999842
117.54 0.029999999999999805
117.862 0.03332999999999986
118.185 0.029999999999999805
118.507 0.04999999999999982
118.83 0.03666999999999998
119.152 0.016669999999999963
119.476 0.03999999999999959
119.797 0.03666999999999998
120.121 0.02499999999999991
120.442 0.01499999999999968
120.764 0.041669999999999874
121.087 0.0
121.409 0.02666999999999975
121.732 0.016669999999999963
122.054 0.03166999999999964
122.377 0.021669999999999856
122.699 0.03332999999999986
123.02 0.03666999999999998
123.344 0.0349999999999997
123.665 0.02499999999999991
123.988 0.028329999999999966
124.31 0.03332999999999986
124.631 0.041669999999999874
124.955 0.008329999999999949
125.276 0.020000000000000018
125.599 0.01499999999999968
125.921 0.018329999999999735
126.242 0.021669999999999856
126.565 0.03832999999999975
126.887 0.06166999999999989
127.21 0.03332999999999986
127.531 0.02666999999999975
127.852 0.04499999999999993
128.176 0.03832999999999975
128.497 0.03832999999999975
128.82 0.05667
129.141 0.04666999999999977
129.463 0.06499999999999995
129.786 0.05667
130.107 0.06666999999999978
130.428 0.07499999999999973
130.751 0.03999999999999959
131.073 0.04499999999999993
131.394 0.07166999999999968
131.717 0.07166999999999968
132.038 0.03832999999999975
132.361 0.06999999999999984
132.682 0.041669999999999874
133.003 0.06499999999999995
133.326 0.06666999999999978
133.647 0.07832999999999979
133.969 0.054999999999999716
134.292 0.03666999999999998
134.613 0.05332999999999988
134.934 0.028329999999999966
135.257 0.04666999999999977
135.578 0.03332999999999986
135.899 0.054999999999999716
136.22 0.03166999999999964
136.543 0.016669999999999963
136.864 0.0349999999999997
137.184 0.041669999999999874
137.507 0.04332999999999965
137.828 0.04332999999999965
138.149 0.04332999999999965
138.472 0.03166999999999964
138.793 0.05332999999999988
139.114 0.028329999999999966
139.437 0.029999999999999805
139.758 0.05166999999999966
140.078 0.03332999999999986
140.399 0.04499999999999993
140.722 0.02666999999999975
141.043 0.048329999999999984
141.364 0.02666999999999975
141.687 0.05667
142.007 0.04499999999999993
142.328 0.05832999999999977
142.649 0.01499999999999968
142.972 0.0349999999999997
143.292 0.05667
143.613 0.06332999999999966
143.934 0.041669999999999874
144.256 0.05332999999999988
144.577 0.05832999999999977
144.898 0.04332999999999965
145.218 0.06166999999999989
145.541 0.05667
145.862 0.06332999999999966
146.182 0.06833
146.503 0.048329999999999984
146.826 0.04666999999999977
147.146 0.0349999999999997
147.467 0.05999999999999961
147.787 0.04499999999999993
148.11 0.04666999999999977
148.43 0.04499999999999993
148.751 0.02332999999999963
149.071 0.03166999999999964
149.392 0.021669999999999856
149.715 0.03166999999999964
150.035 0.0733299999999999
150.355 0.028329999999999966
150.676 0.03332999999999986
150.996 0.029999999999999805
151.319 0.04499999999999993
151.639 0.020000000000000018
151.96 0.03332999999999986
152.28 0.029999999999999805
152.6 0.03666999999999998
152.923 0.02499999999999991
153.243 0.04666999999999977
153.564 0.048329999999999984
153.884 0.03666999999999998
154.204 0.03832999999999975
154.527 0.03666999999999998
154.847 0.029999999999999805
155.167 0.03832999999999975
155.488 0.03666999999999998
155.808 0.054999999999999716
156.128 0.04666999999999977
156.45 0.04666999999999977
156.771 0.04499999999999993
157.091 0.028329999999999966
157.411 0.05166999999999966
157.731 0.04332999999999965
158.052 0.041669999999999874
158.372 0.03332999999999986
158.694 0.05332999999999988
159.014 0.03332999999999986
159.334 0.03332999999999986
159.654 0.013329999999999842
159.975 0.05999999999999961
160.295 0.05667
160.615 0.04499999999999993
160.937 0.06499999999999995
161.257 0.03832999999999975
161.577 0.04332999999999965
161.897 0.05667
162.217 0.05332999999999988
162.537 0.04999999999999982
162.857 0.05667
163.177 0.05999999999999961
163.499 0.04499999999999993
163.819 0.05332999999999988
164.139 0.03999999999999959
164.459 0.048329999999999984
164.779 0.04999999999999982
165.099 0.06666999999999978
165.419 0.08166999999999991
165.739 0.09499999999999975
166.059 0.08332999999999968
166.379 0.10499999999999998
166.699 0.07832999999999979
167.021 0.0866699999999998
167.341 0.07667000000000002
167.661 0.05667
167.98 0.0916699999999997
168.3 0.07667000000000002
168.62 0.06833
168.94 0.12166999999999994
169.26 0.06833
169.58 0.05166999999999966
169.899 0.06166999999999989
170.219 0.10166999999999993
170.539 0.08166999999999991
170.859 0.07999999999999963
171.178 0.09999999999999964
171.498 0.05166999999999966
171.818 0.06166999999999989
172.137 0.0733299999999999
172.459 0.048329999999999984
172.779 0.05332999999999988
173.099 0.04499999999999993
173.418 0.05999999999999961
173.738 0.0349999999999997
174.058 0.04499999999999993
174.377 0.05999999999999961
174.697 0.06332999999999966
175.016 0.05832999999999977
175.336 0.03666999999999998
175.656 0.04666999999999977
175.975 0.05332999999999988
176.295 0.03166999999999964
176.614 0.048329999999999984
176.934 0.04499999999999993
177.253 0.048329999999999984
177.573 0.05999999999999961
177.892 0.05667
178.212 0.03832999999999975
178.531 0.05832999999999977
178.851 0.05166999999999966
179.17 0.03332999999999986
179.49 0.06499999999999995
179.809 0.029999999999999805
180.129 0.03666999999999998
180.448 0.04999999999999982
180.767 0.05999999999999961
181.087 0.04332999999999965
181.406 0.0349999999999997
181.726 0.048329999999999984
182.045 0.03832999999999975
182.362 0.03832999999999975
182.682 0.05832999999999977
183.001 0.06166999999999989
183.32 0.03332999999999986
183.64 0.05667
183.959 0.04666999999999977
184.278 0.05166999999999966
184.597 0.05166999999999966
184.917 0.029999999999999805
185.236 0.028329999999999966
185.555 0.016669999999999963
185.874 0.05166999999999966
186.194 0.04999999999999982
186.513 0.03166999999999964
186.832 0.03832999999999975
187.151 0.048329999999999984
187.47 0.05166999999999966
187.787 0.02666999999999975
188.107 0.04666999999999977
188.426 0.03332999999999986
188.745 0.03666999999999998
189.064 0.029999999999999805
189.383 0.048329999999999984
189.702 0.06332999999999966
190.021 0.03832999999999975
190.34 0.05332999999999988
190.66 0.06332999999999966
190.976 0.02499999999999991
191.296 0.041669999999999874
191.615 0.05999999999999961
191.934 0.03666999999999998
192.253 0.06833
192.572 0.02499999999999991
192.891 0.04666999999999977
193.21 0.02666999999999975
193.529 0.04999999999999982
193.845 0.06499999999999995
194.164 0.04666999999999977
194.483 0.04499999999999993
194.802 0.06166999999999989
195.121 0.048329999999999984
195.44 0.05166999999999966
195.759 0.05999999999999961
196.076 0.04999999999999982
196.395 0.04499999999999993
196.713 0.048329999999999984
197.032 0.03332999999999986
197.351 0.04499999999999993
197.67 0.04666999999999977
197.987 0.05832999999999977
198.305 0.05332999999999988
198.624 0.048329999999999984
198.943 0.05667
199.262 0.048329999999999984
199.581 0.04666999999999977
199.897 0.08166999999999991
200.216 0.03666999999999998
200.535 0.07499999999999973
200.853 0.048329999999999984
201.172 0.041669999999999874
201.491 0.05667
201.807 0.0733299999999999
202.126 0.016669999999999963
202.445 0.04332999999999965
202.763 0.05667
203.082 0.06833
203.399 0.05166999999999966
203.717 0.0733299999999999
204.036 0.06833
204.354 0.03999999999999959
204.673 0.048329999999999984
204.989 0.05667
205.308 0.048329999999999984
205.627 0.07166999999999968
205.945 0.04666999999999977
206.262 0.054999999999999716
206.58 0.06499999999999995
206.899 0.05999999999999961
207.217 0.05832999999999977
207.533 0.05667
207.852 0.04499999999999993
208.17 0.04666999999999977
208.489 0.05667
208.805 0.0733299999999999
209.124 0.07999999999999963
209.442 0.06999999999999984
209.761 0.07832999999999979
210.077 0.06999999999999984
210.395 0.08332999999999968
210.714 0.06332999999999966
211.032 0.05999999999999961
211.348 0.06332999999999966
211.667 0.05667
211.985 0.06166999999999989
212.303 0.06999999999999984
212.619 0.04666999999999977
212.938 0.06666999999999978
213.256 0.06332999999999966
213.572 0.05332999999999988
213.89 0.0733299999999999
214.209 0.06666999999999978
214.527 0.07667000000000002
214.843 0.04332999999999965
215.161 0.06666999999999978
215.48 0.05832999999999977
215.796 0.07999999999999963
216.114 0.09499999999999975
216.432 0.04666999999999977
216.748 0.05332999999999988
217.066 0.05166999999999966
217.384 0.07166999999999968
217.703 0.07166999999999968
218.019 0.07667000000000002
218.337 0.06166999999999989
218.655 0.06166999999999989
218.971 0.07499999999999973
219.289 0.0983299999999998
219.607 0.08499999999999996
219.923 0.05832999999999977
220.241 0.08999999999999986
220.559 0.05832999999999977
220.875 0.05166999999999966
221.193 0.08833000000000002
221.511 0.05832999999999977
221.827 0.08166999999999991
222.145 0.05166999999999966
222.461 0.06166999999999989
222.779 0.09332999999999991
223.097 0.0733299999999999
223.413 0.08499999999999996
223.731 0.07999999999999963
224.048 0.05999999999999961
224.364 0.08166999999999991
224.682 0.07499999999999973
225.0 0.0866699999999998
225.316 0.1033299999999997
225.634 0.06166999999999989
225.949 0.0983299999999998
226.267 0.05999999999999961
226.585 0.11166999999999971
226.901 0.06833
227.219 0.05999999999999961
227.534 0.06999999999999984
227.852 0.08833000000000002
228.17 0.08499999999999996
228.486 0.06999999999999984
228.803 0.07667000000000002
229.119 0.08999999999999986
229.437 0.07832999999999979
229.755 0.08833000000000002
230.07 0.09499999999999975
230.388 0.09499999999999975
230.703 0.08999999999999986
231.021 0.10666999999999982
231.337 0.09332999999999991
231.654 0.10999999999999988
231.972 0.09666999999999959
232.288 0.08833000000000002
232.605 0.09666999999999959
232.921 0.10499999999999998
233.238 0.13666999999999963
233.554 0.07166999999999968
233.871 0.11832999999999982
234.189 0.10999999999999988
234.504 0.0866699999999998
234.822 0.11332999999999993
235.137 0.09666999999999959
235.455 0.10666999999999982
235.77 0.1299999999999999
236.088 0.1283299999999996
236.403 0.10666999999999982
236.721 0.11499999999999977
237.036 0.11332999999999993
237.354 0.09666999999999959
237.669 0.1349999999999998
237.986 0.13166999999999973
238.302 0.15332999999999997
238.619 0.11999999999999966
238.935 0.10499999999999998
239.252 0.1033299999999997
239.567 0.11832999999999982
239.885 0.1299999999999999
240.202 0.1349999999999998
240.517 0.12166999999999994
240.833 0.11166999999999971
241.15 0.0916699999999997
241.465 0.11999999999999966
241.782 0.11166999999999971
242.098 0.10999999999999988
242.415 0.10999999999999988
242.73 0.13666999999999963
243.047 0.09999999999999964
243.363 0.1283299999999996
243.68 0.10666999999999982
243.995 0.10166999999999993
244.312 0.0733299999999999
244.627 0.07999999999999963
244.945 0.12166999999999994
245.26 0.1033299999999997
245.577 0.08166999999999991
245.892 0.08833000000000002
246.209 0.06833
246.524 0.08499999999999996
246.839 0.06666999999999978
247.156 0.08499999999999996
247.471 0.05999999999999961
247.788 0.048329999999999984
248.103 0.07667000000000002
248.421 0.07999999999999963
248.735 0.07832999999999979
249.053 0.07667000000000002
249.368 0.06332999999999966
249.682 0.09999999999999964
249.999 0.08999999999999986
250.314 0.07832999999999979
250.631 0.08499999999999996
250.946 0.07999999999999963
251.261 0.06499999999999995
251.578 0.0983299999999998
251.893 0.07499999999999973
252.21 0.07999999999999963
252.525 0.0733299999999999
252.842 0.09332999999999991
253.157 0.08999999999999986
253.472 0.0733299999999999
253.788 0.09999999999999964
254.103 0.0916699999999997
254.418 0.08332999999999968
254.735 0.08499999999999996
255.05 0.07166999999999968
255.367 0.07499999999999973
255.681 0.0983299999999998
255.996 0.08833000000000002
256.313 0.0866699999999998
256.628 0.0733299999999999
256.942 0.07667000000000002
257.259 0.09332999999999991
257.574 0.07832999999999979
257.89 0.07166999999999968
258.205 0.09332999999999991
258.52 0.07667000000000002
258.837 0.07832999999999979
259.151 0.06999999999999984
259.466 0.06332999999999966
259.782 0.08166999999999991
260.097 0.08999999999999986
260.412 0.07166999999999968
260.728 0.07667000000000002
261.043 0.08833000000000002
261.357 0.08499999999999996
261.674 0.06666999999999978
261.989 0.07999999999999963
262.303 0.09332999999999991
262.62 0.07499999999999973
262.934 0.05999999999999961
263.249 0.06166999999999989
263.565 0.07166999999999968
263.88 0.0733299999999999
264.194 0.06666999999999978
264.511 0.06833
264.825 0.04999999999999982
265.14 0.05667
265.454 0.07832999999999979
265.771 0.06999999999999984
266.085 0.0983299999999998
266.399 0.05999999999999961
266.716 0.06666999999999978
267.03 0.08332999999999968
267.344 0.07832999999999979
267.659 0.06666999999999978
267.975 0.06332999999999966
268.29 0.08332999999999968
268.604 0.07667000000000002
268.92 0.07166999999999968
269.235 0.048329999999999984
269.549 0.04666999999999977
269.863 0.07999999999999963
270.179 0.07667000000000002
270.494 0.05999999999999961
270.808 0.0733299999999999
271.122 0.07999999999999963
271.438 0.08833000000000002
271.753 0.08999999999999986
272.067 0.07166999999999968
272.381 0.07166999999999968
272.697 0.0733299999999999
273.011 0.08833000000000002
273.326 0.08332999999999968
273.64 0.08833000000000002
273.956 0.04999999999999982
274.27 0.0916699999999997
274.584 0.06833
274.898 0.04999999999999982
275.212 0.08999999999999986
275.528 0.06833
275.843 0.0916699999999997
276.157 0.1083299999999996
276.471 0.09666999999999959
276.787 0.10166999999999993
277.101 0.10499999999999998
277.415 0.10499999999999998
277.729 0.0866699999999998
278.043 0.07166999999999968
278.359 0.09666999999999959
278.673 0.07499999999999973
278.987 0.10499999999999998
279.301 0.0733299999999999
279.615 0.1033299999999997
279.929 0.11166999999999971
280.245 0.09666999999999959
280.558 0.0916699999999997
280.872 0.0733299999999999
281.186 0.08332999999999968
281.5 0.0983299999999998
281.814 0.09666999999999959
282.13 0.0983299999999998
282.444 0.06332999999999966
282.758 0.0733299999999999
283.071 0.10166999999999993
283.385 0.08833000000000002
283.699 0.08499999999999996
284.015 0.10666999999999982
284.329 0.10666999999999982
284.642 0.04999999999999982
284.956 0.09999999999999964
285.27 0.07166999999999968
285.584 0.0733299999999999
285.897 0.06833
286.213 0.09332999999999991
286.527 0.08833000000000002
286.841 0.06999999999999984
287.154 0.08332999999999968
287.468 0.07667000000000002
287.782 0.08999999999999986
288.095 0.08166999999999991
288.409 0.08332999999999968
288.722 0.08332999999999968
289.038 0.08166999999999991
289.352 0.06666999999999978
289.665 0.08999999999999986
289.979 0.06833
290.293 0.06332999999999966
290.606 0.09499999999999975
290.92 0.07667000000000002
291.233 0.07166999999999968
291.547 0.08999999999999986
291.86 0.04666999999999977
292.176 0.09666999999999959
292.489 0.10166999999999993
292.803 0.06332999999999966
293.116 0.1083299999999996
293.43 0.08499999999999996
293.743 0.10166999999999993
294.057 0.09332999999999991
294.37 0.07499999999999973
294.683 0.07499999999999973
294.997 0.07667000000000002
295.31 0.0983299999999998
295.624 0.09499999999999975
295.937 0.08499999999999996
296.25 0.07166999999999968
296.564 0.10499999999999998
296.877 0.0916699999999997
297.19 0.0983299999999998
297.504 0.09999999999999964
297.819 0.08332999999999968
298.133 0.07832999999999979
298.446 0.09999999999999964
298.759 0.10499999999999998
299.072 0.08332999999999968
299.386 0.09999999999999964
299.699 0.0866699999999998
300.012 0.08999999999999986
300.325 0.09499999999999975
300.639 0.0866699999999998
300.952 0.08332999999999968
301.265 0.07499999999999973
301.578 0.07667000000000002
301.891 0.06166999999999989
302.205 0.09666999999999959
302.518 0.09666999999999959
302.831 0.10166999999999993
303.144 0.0733299999999999
303.457 0.07667000000000002
303.77 0.06833
304.083 0.09332999999999991
304.396 0.09999999999999964
304.709 0.08833000000000002
305.023 0.0983299999999998
305.336 0.09332999999999991
305.649 0.0916699999999997
305.962 0.06999999999999984
306.273 0.08833000000000002
306.586 0.10666999999999982
306.899 0.08166999999999991
307.212 0.0866699999999998
307.525 0.09666999999999959
307.838 0.08166999999999991
308.151 0.07832999999999979
308.464 0.08332999999999968
308.777 0.08999999999999986
309.089 0.07999999999999963
309.402 0.09666999999999959
309.715 0.10499999999999998
310.028 0.10499999999999998
310.341 0.07667000000000002
310.654 0.08999999999999986
310.967 0.0916699999999997
311.28 0.09666999999999959
311.593 0.08332999999999968
311.903 0.125
312.216 0.10666999999999982
312.529 0.10166999999999993
312.842 0.09666999999999959
313.155 0.08833000000000002
313.467 0.08166999999999991
313.78 0.07667000000000002
314.093 0.11332999999999993
314.406 0.09499999999999975
314.718 0.09666999999999959
315.029 0.08499999999999996
315.342 0.0916699999999997
315.654 0.11166999999999971
315.967 0.08999999999999986
316.28 0.09999999999999964
316.593 0.08833000000000002
316.905 0.10999999999999988
317.218 0.1083299999999996
317.531 0.14166999999999996
317.841 0.12332999999999972
318.154 0.11999999999999966
318.466 0.0983299999999998
318.779 0.10666999999999982
319.092 0.1299999999999999
319.404 0.10999999999999988
319.717 0.11166999999999971
320.027 0.13166999999999973
320.34 0.11499999999999977
320.652 0.11499999999999977
320.965 0.1083299999999996
321.277 0.11832999999999982
321.59 0.10666999999999982
321.9 0.1299999999999999
322.213 0.11666999999999961
322.525 0.13999999999999968
322.838 0.125
323.15 0.11832999999999982
323.463 0.1349999999999998
323.773 0.14332999999999974
324.085 0.11832999999999982
324.398 0.14166999999999996
324.71 0.14166999999999996
325.023 0.14832999999999963
325.333 0.14500000000000002
325.645 0.16666999999999987
325.958 0.17999999999999972
326.27 0.14832999999999963
326.582 0.17332999999999998
326.893 0.14666999999999986
327.205 0.17166999999999977
327.517 0.19666999999999968
327.83 0.18999999999999995
328.142 0.19166999999999978
328.452 0.22666999999999993
328.764 0.23999999999999977
329.077 0.22666999999999993
329.389 0.22499999999999964
329.701 0.17999999999999972
330.011 0.23666999999999971
330.323 0.2416699999999996
330.636 0.19666999999999968
330.948 0.21499999999999986
331.258 0.2183299999999999
331.57 0.21499999999999986
331.882 0.2166699999999997
332.194 0.22999999999999998
332.504 0.18167
332.817 0.20999999999999996
333.129 0.2033299999999998
333.441 0.2183299999999999
333.751 0.19499999999999984
334.063 0.18332999999999977
334.375 0.18999999999999995
334.685 0.2066699999999999
334.997 0.17332999999999998
335.309 0.2066699999999999
335.621 0.20999999999999996
335.931 0.20499999999999963
336.243 0.1866699999999999
336.555 0.1599999999999997
336.867 0.1599999999999997
337.177 0.16999999999999993
337.489 0.15832999999999986
337.801 0.16666999999999987
338.111 0.17332999999999998
338.423 0.1499999999999999
338.735 0.16166999999999998
339.045 0.17332999999999998
339.356 0.14832999999999963
339.668 0.14666999999999986
339.978 0.13332999999999995
340.29 0.16999999999999993
340.602 0.14832999999999963
340.914 0.15666999999999964
341.224 0.1849999999999996
341.535 0.16999999999999993
341.847 0.14832999999999963
342.157 0.18332999999999977
342.469 0.15666999999999964
342.781 0.18999999999999995
343.09 0.14666999999999986
343.402 0.17666999999999966
343.714 0.1866699999999999
344.023 0.17832999999999988
344.335 0.19166999999999978
344.645 0.17832999999999988
344.957 0.17999999999999972
345.268 0.19999999999999973
345.578 0.2183299999999999
345.89 0.17332999999999998
346.201 0.19166999999999978
346.511 0.17666999999999966
346.823 0.2183299999999999
347.134 0.1866699999999999
347.444 0.17166999999999977
347.755 0.1649999999999996
348.065 0.17832999999999988
348.376 0.19499999999999984
348.688 0.19499999999999984
348.998 0.17166999999999977
349.309 0.18167
349.619 0.16332999999999975
349.93 0.17499999999999982
350.242 0.17666999999999966
350.551 0.19666999999999968
350.863 0.17332999999999998
351.172 0.16999999999999993
351.484 0.16832999999999965
351.795 0.17166999999999977
352.105 0.19333
352.416 0.19166999999999978
352.725 0.2066699999999999
353.037 0.19999999999999973
353.346 0.18167
353.658 0.18999999999999995
353.969 0.1849999999999996
354.278 0.16332999999999975
354.59 0.18832999999999966
354.899 0.17832999999999988
355.211 0.19166999999999978
355.52 0.1599999999999997
355.831 0.1849999999999996
356.142 0.1849999999999996
356.452 0.1866699999999999
356.763 0.18332999999999977
357.072 0.1866699999999999
357.384 0.1866699999999999
357.693 0.13166999999999973
358.004 0.17832999999999988
358.313 0.15166999999999975
358.625 0.17332999999999998
358.934 0.14666999999999986
359.245 0.17166999999999977
359.554 0.1649999999999996
359.865 0.16999999999999993
360.174 0.1866699999999999
360.486 0.1599999999999997
360.795 0.17832999999999988
361.106 0.1649999999999996
361.415 0.18832999999999966
361.726 0.17166999999999977
362.035 0.17332999999999998
362.346 0.16166999999999998
362.655 0.17666999999999966
362.967 0.14832999999999963
363.276 0.14332999999999974
363.587 0.1849999999999996
363.896 0.15666999999999964
364.207 0.1599999999999997
364.516 0.14832999999999963
364.827 0.1599999999999997
365.136 0.15832999999999986
365.447 0.17832999999999988
365.756 0.15332999999999997
366.067 0.16166999999999998
366.376 0.16832999999999965
366.687 0.1549999999999998
366.996 0.20167000000000002
367.307 0.1499999999999999
367.615 0.1649999999999996
367.924 0.18832999999999966
368.235 0.16332999999999975
368.544 0.16666999999999987
368.855 0.14666999999999986
369.164 0.17166999999999977
369.475 0.19166999999999978
369.784 0.16332999999999975
370.094 0.18167
370.403 0.16832999999999965
370.712 0.16166999999999998
371.023 0.16332999999999975
371.332 0.16999999999999993
371.642 0.17332999999999998
371.951 0.1499999999999999
372.262 0.17332999999999998
372.571 0.16999999999999993
372.879 0.1499999999999999
373.19 0.13666999999999963
373.499 0.16332999999999975
373.81 0.13832999999999984
374.118 0.15666999999999964
374.427 0.15166999999999975
374.738 0.16332999999999975
375.046 0.16332999999999975
375.357 0.1599999999999997
375.666 0.14166999999999996
375.974 0.16999999999999993
376.285 0.13832999999999984
376.593 0.1649999999999996
376.902 0.15166999999999975
377.213 0.17332999999999998
377.521 0.17999999999999972
377.832 0.18999999999999995
378.14 0.15832999999999986
378.449 0.12666999999999984
378.759 0.17832999999999988
379.068 0.16666999999999987
379.376 0.16166999999999998
379.687 0.16999999999999993
379.995 0.16332999999999975
380.304 0.18999999999999995
380.614 0.17499999999999982
380.923 0.17832999999999988
381.231 0.1649999999999996
381.542 0.16999999999999993
381.85 0.1983299999999999
382.159 0.1849999999999996
382.469 0.17666999999999966
382.777 0.1866699999999999
383.086 0.17332999999999998
383.396 0.17166999999999977
383.705 0.19333
384.013 0.17832999999999988
384.323 0.18167
384.632 0.17832999999999988
384.94 0.17832999999999988
385.25 0.16666999999999987
385.559 0.21333000000000002
385.867 0.1849999999999996
386.175 0.1983299999999999
386.485 0.18999999999999995
386.794 0.2033299999999998
387.102 0.17166999999999977
387.412 0.1983299999999999
387.72 0.21333000000000002
388.029 0.21999999999999975
388.337 0.1983299999999999
388.647 0.20167000000000002
388.955 0.2166699999999997
389.263 0.22499999999999964
389.571 0.21999999999999975
389.882 0.19999999999999973
390.19 0.23666999999999971
390.498 0.21999999999999975
390.808 0.2233299999999998
391.116 0.2183299999999999
391.424 0.22666999999999993
391.732 0.19499999999999984
392.042 0.2283299999999997
392.351 0.2166699999999997
392.659 0.21999999999999975
392.967 0.25832999999999995
393.275 0.2333299999999996
393.585 0.2216699999999996
393.893 0.2216699999999996
394.201 0.23166999999999982
394.509 0.22499999999999964
394.819 0.2283299999999997
395.127 0.2233299999999998
395.435 0.22666999999999993
395.743 0.23166999999999982
396.051 0.2066699999999999
396.361 0.2183299999999999
396.668 0.26666999999999996
396.976 0.2416699999999996
397.284 0.23166999999999982
397.592 0.2283299999999997
397.902 0.25166999999999984
398.21 0.23499999999999988
398.518 0.2166699999999997
398.826 0.26332999999999984
399.133 0.22666999999999993
399.443 0.23999999999999977
399.751 0.2416699999999996
400.059 0.2066699999999999
400.367 0.23666999999999971
400.674 0.24832999999999972
400.982 0.2216699999999996
401.292 0.25832999999999995
401.6 0.25166999999999984
401.908 0.24832999999999972
402.215 0.2533299999999996
402.523 0.2183299999999999
402.831 0.24666999999999994
403.14 0.26332999999999984
403.448 0.20832999999999968
403.756 0.28166999999999964
404.063 0.27832999999999997
404.371 0.2899999999999996
404.679 0.27
404.986 0.2849999999999997
405.296 0.27166999999999986
405.604 0.25832999999999995
405.911 0.25
406.219 0.2916699999999999
406.526 0.2999999999999998
406.834 0.29666999999999977
407.142 0.2999999999999998
407.449 0.3099999999999996
407.759 0.2849999999999997
408.066 0.30166999999999966
408.374 0.30832999999999977
408.681 0.32667
408.989 0.2899999999999996
409.296 0.3233299999999999
409.604 0.34999999999999964
409.911 0.33833
410.219 0.3433299999999999
410.526 0.31332999999999966
410.834 0.3599999999999999
411.143 0.3599999999999999
411.45 0.3366699999999998
411.758 0.3466699999999996
412.065 0.3583299999999996
412.373 0.34999999999999964
412.68 0.38332999999999995
412.987 0.38832999999999984
413.295 0.4049999999999998
413.602 0.41332999999999975
413.909 0.42666999999999966
414.217 0.41332999999999975
414.524 0.44333
414.831 0.4466699999999997
415.139 0.4533299999999998
415.446 0.47499999999999964
415.753 0.49499999999999966
416.06 0.4866699999999997
416.37 0.4733299999999998
416.677 0.51667
416.984 0.4916699999999996
417.291 0.585
417.599 0.5549999999999997
417.906 0.5749999999999997
418.213 0.5749999999999997
418.52 0.6066699999999998
418.827 0.5916699999999997
419.135 0.6566699999999996
419.442 0.62167
419.749 0.6999999999999997
420.056 0.7033299999999998
420.363 0.6966699999999997
420.67 0.7416699999999996
420.977 0.7833299999999999
421.284 0.8249999999999997
421.591 0.8049999999999997
421.899 0.77833
422.206 0.8883299999999998
422.513 0.8366699999999998
422.82 0.92333
423.127 0.9266699999999997
423.434 0.94
423.741 0.9216699999999998
424.048 0.9733299999999998
424.355 0.9766699999999999
424.662 1.0433299999999996
424.967 0.9983299999999997
425.274 1.03667
425.58 1.0799999999999996
425.887 1.0916699999999997
426.194 1.1283299999999996
426.501 1.03667
426.808 1.06167
427.115 1.125
427.422 1.0949999999999998
427.729 1.0799999999999996
428.036 1.1599999999999997
428.342 1.0983299999999998
428.649 1.1366699999999996
428.956 1.0716699999999997
429.263 1.0799999999999996
429.57 1.11333
429.875 1.0749999999999997
430.181 1.0583299999999998
430.488 1.07333
430.795 1.085
431.102 1.02833
431.408 0.9783299999999997
431.715 0.9499999999999997
432.022 0.9549999999999996
432.329 0.9099999999999997
432.635 0.8599999999999999
432.942 0.9916699999999996
433.247 0.8999999999999999
433.553 0.855
433.86 0.875
434.167 0.8033299999999999
434.473 0.8099999999999996
434.78 0.8133299999999997
435.087 0.7683299999999997
435.393 0.7749999999999999
435.698 0.7183299999999999
436.004 0.7599999999999998
436.311 0.7283299999999997
436.617 0.71333
436.924 0.68167
437.231 0.6499999999999999
437.537 0.6349999999999998
437.842 0.65333
438.148 0.6066699999999998
438.455 0.6199999999999997
438.761 0.5933299999999999
439.068 0.605
439.374 0.5816699999999999
439.681 0.5599999999999996
439.985 0.5466699999999998
440.291 0.52
440.598 0.54833
440.904 0.5216699999999999
441.211 0.48999999999999977
441.515 0.49499999999999966
441.822 0.5016699999999998
442.128 0.46999999999999975
442.434 0.5149999999999997
442.741 0.4666699999999997
443.047 0.4766699999999999
443.351 0.46999999999999975
443.658 0.4483299999999999
443.964 0.4366699999999999
444.27 0.46333
444.575 0.44999999999999973
444.881 0.40666999999999964
445.187 0.4249999999999998
445.493 0.4099999999999997
445.8 0.4049999999999998
446.104 0.39166999999999996
446.41 0.4099999999999997
446.716 0.39666999999999986
447.023 0.38332999999999995
447.327 0.40166999999999975
447.633 0.3683299999999998
447.939 0.43167
448.245 0.3866699999999996
448.552 0.375
448.856 0.38832999999999984
449.162 0.395
449.468 0.4166699999999999
449.774 0.38832999999999984
450.078 0.4349999999999996
450.384 0.4283299999999999
450.69 0.42666999999999966
450.994 0.40832999999999986
451.3 0.41167
451.607 0.3783299999999996
451.913 0.40832999999999986
452.217 0.3866699999999996
452.523 0.3683299999999998
452.829 0.4249999999999998
453.135 0.36999999999999966
453.439 0.41332999999999975
453.745 0.3599999999999999
454.051 0.36499999999999977
454.355 0.3533299999999997
454.661 0.375
454.967 0.34499999999999975
455.27 0.34999999999999964
455.576 0.33833
455.882 0.32499999999999973
456.188 0.3283299999999998
456.492 0.31999999999999984
456.798 0.31499999999999995
457.104 0.3333299999999997
457.408 0.31332999999999966
457.714 0.2849999999999997
458.019 0.30166999999999966
458.323 0.30832999999999977
458.629 0.29666999999999977
458.935 0.2799999999999998
459.239 0.2999999999999998
459.544 0.3099999999999996
459.85 0.30667
460.154 0.26832999999999974
460.46 0.28667
460.766 0.2599999999999998
461.069 0.28332999999999986
461.375 0.28166999999999964
461.681 0.2549999999999999
461.984 0.26666999999999996
462.29 0.2549999999999999
462.594 0.2749999999999999
462.9 0.23999999999999977
463.205 0.2599999999999998
463.509 0.2616699999999996
463.814 0.26666999999999996
464.12 0.2616699999999996
464.424 0.2333299999999996
464.729 0.2916699999999999
465.033 0.25832999999999995
465.339 0.23166999999999982
465.644 0.2616699999999996
465.948 0.2116699999999998
466.253 0.25166999999999984
466.557 0.2549999999999999
466.862 0.23666999999999971
467.168 0.2616699999999996
467.471 0.2533299999999996
467.777 0.27332999999999963
468.08 0.24832999999999972
468.386 0.2283299999999997
468.691 0.25166999999999984
468.995 0.2233299999999998
469.3 0.2649999999999997
469.604 0.22999999999999998
469.909 0.25166999999999984
470.213 0.24332999999999982
470.518 0.27666999999999975
470.824 0.25832999999999995
471.127 0.24499999999999966
471.432 0.2849999999999997
471.736 0.28667
472.041 0.2616699999999996
472.344 0.25666999999999973
472.65 0.25832999999999995
472.953 0.26666999999999996
473.258 0.26666999999999996
473.562 0.25
473.867 0.27832999999999997
474.172 0.2999999999999998
474.476 0.2649999999999997
474.781 0.2999999999999998
475.084 0.26332999999999984
475.39 0.29833
475.693 0.28332999999999986
475.998 0.27832999999999997
476.301 0.3216699999999997
476.606 0.28667
476.91 0.3049999999999997
477.215 0.3366699999999998
477.518 0.29833
477.823 0.34499999999999975
478.126 0.36499999999999977
478.432 0.41167
478.735 0.4766699999999999
479.04 0.5399999999999996
479.343 0.5583299999999998
479.648 0.5783299999999998
479.951 0.6016699999999999
480.256 0.6299999999999999
480.559 0.6349999999999998
480.864 0.6366699999999996
481.167 0.62167
481.47 0.6366699999999996
481.776 0.6016699999999999
482.079 0.6716699999999998
482.384 0.6516699999999997
482.687 0.5933299999999999
482.992 0.6649999999999996
483.295 0.625
483.6 0.6349999999999998
483.903 0.6749999999999998
484.208 0.6433299999999997
484.51 0.6566699999999996
484.813 0.6666699999999999
485.118 0.6699999999999999
485.421 0.6299999999999999
485.726 0.5133299999999998
486.029 0.40166999999999975
486.334 0.3733299999999997
486.637 0.36499999999999977
486.94 0.3483299999999998
487.245 0.3233299999999999
487.547 0.3616699999999997
487.852 0.3316699999999999
488.155 0.3299999999999996
488.458 0.3416699999999997
488.763 0.3533299999999997
489.066 0.3283299999999998
489.37 0.3166699999999998
489.673 0.3049999999999997
489.976 0.30832999999999977
490.281 0.3233299999999999
490.583 0.29833
490.888 0.2799999999999998
491.191 0.28667
491.494 0.32499999999999973
491.798 0.27332999999999963
492.101 0.26666999999999996
492.404 0.27332999999999963
492.708 0.2599999999999998
493.011 0.2799999999999998
493.316 0.29332999999999965
493.56 0.24991102235405904
493.8645 0.25074602235405896
494.17150000000004 0.234076022354059
494.476 0.24574602235405907
494.781 0.2240810223540588
495.087 0.23658102235405876
495.392 0.23658102235405898
495.697 0.2199110223540588
496.002 0.2140810223540588
496.308 0.246581022354059
496.61249999999995 0.21407602235405898
496.918 0.19658102235405894
497.2235 0.199911022354059
497.528 0.20658102235405895
497.83349999999996 0.184081022354059
498.1385 0.22241102235405896
498.4435 0.199911022354059
498.7495 0.19324602235405886
499.0535 0.1807460223540589
499.35850000000005 0.18741602235405908
499.6645 0.19324602235405886
499.9695 0.19658102235405894
500.2735 0.1907460223540589
500.578 0.16991102235405897
500.8845 0.16407602235405894
501.18899999999996 0.17657602235405911
501.49350000000004 0.17741602235405884
501.799 0.16574602235405878
502.104 0.19741602235405908
502.409 0.1615810223540588
502.71299999999997 0.18658102235405893
503.01800000000003 0.18658102235405893
503.32399999999996 0.15741102235405902
503.62800000000004 0.17324602235405906
503.9325 0.1749160223540589
504.238 0.155746022354059
504.543 0.16658102235405892
504.84749999999997 0.16991102235405897
505.15250000000003 0.16324602235405883
505.457 0.16408102235405897
505.7615 0.1774110223540588
506.0665 0.15241602235405893
506.37149999999997 0.159916022354059
506.67600000000004 0.15491602235405888
506.9805 0.17574602235405878
507.2845 0.14407602235405892
507.58950000000004 0.1615810223540588
507.895 0.15491102235405885
508.199 0.161576022354059
508.50300000000004 0.15157602235405898
508.8075 0.14074602235405909
509.11400000000003 0.1574110223540588
509.418 0.1524110223540589
509.722 0.14408102235405895
510.026 0.147411022354059
510.33000000000004 0.155746022354059
510.635 0.1465810223540589
510.94050000000004 0.15824602235405894
511.2445 0.147411022354059
511.5485 0.15907602235405882
511.8525 0.16658102235405892
512.1575 0.14574602235405898
512.4615 0.15157602235405898
512.7665 0.1624110223540589
513.0705 0.17241102235405892
513.3745 0.16408102235405897
513.6795 0.14491102235405906
513.9835 0.14074602235405909
514.1345 0.155746022354059
514.4385 0.1265810223540591
514.7425000000001 0.14574602235405898
515.0475 0.1707460223540589
515.3525 0.14491102235405884
515.6565 0.1649160223540591
515.9605 0.14657602235405887
516.2645 0.15741602235405905
516.5685000000001 0.14908102235405885
516.8725 0.15491102235405885
517.1769999999999 0.1524110223540589
517.482 0.14574602235405898
517.7860000000001 0.14491102235405884
518.09 0.16741602235405906
518.394 0.15491102235405885
518.6975 0.17241102235405892
519.0015 0.13491102235405905
519.3054999999999 0.1340760223540589
519.61 0.13908102235405884
519.914 0.15657602235405887
520.2175 0.16907602235405905
520.5225 0.1624110223540589
520.8265 0.15658102235405913
521.1305 0.14991102235405895
521.4335000000001 0.17158102235405903
521.7375 0.155746022354059
522.0425 0.16324602235405883
522.346 0.1565810223540589
522.6495 0.1565760223540591
522.9535000000001 0.14991602235405876
523.2570000000001 0.16158102235405902
523.5605 0.1807460223540589
523.8644999999999 0.14574602235405898
524.168 0.17324602235405884
524.472 0.16908102235405909
524.7760000000001 0.147411022354059
525.0799999999999 0.16407602235405894
525.384 0.16491102235405886
525.688 0.1624110223540589
525.992 0.16324602235405883
526.2955 0.16074602235405888
526.5989999999999 0.14574602235405898
526.9025 0.15408102235405896
527.206 0.14908102235405907
527.5095 0.15824602235405894
527.813 0.14324602235405903
528.1165000000001 0.14824602235405893
528.4205 0.1574110223540588
528.7235000000001 0.17407602235405895
529.0275 0.16658102235405892
529.3305 0.1624110223540589
529.6345 0.15408102235405896
529.9375 0.16658102235405892
530.2415000000001 0.15824602235405894
530.5445 0.13824602235405892
530.848 0.15824602235405894
531.1514999999999 0.15408102235405896
531.4549999999999 0.159916022354059
531.7584999999999 0.1765760223540589
532.0615 0.1615810223540588
532.365 0.15991102235405896
532.6685 0.1807460223540589
532.972 0.1524110223540589
533.275 0.179916022354059
533.5785 0.17908102235405887
533.8820000000001 0.16324602235405883
534.185 0.16491102235405886
534.4884999999999 0.1807460223540589
534.792 0.16324602235405905
535.095 0.16824602235405894
535.3985 0.16074602235405888
535.7015 0.17241102235405892
536.005 0.18491102235405887
536.308 0.14908102235405885
536.6115 0.16658102235405892
536.762 0.15908102235405908
537.0654999999999 0.15074602235405887
537.3685 0.16991102235405897
537.672 0.17324602235405884
537.975 0.18074602235405912
538.278 0.155746022354059
538.5799999999999 0.155746022354059
538.883 0.16908102235405886
539.1865 0.169916022354059
539.49 0.14824602235405893
539.793 0.15908102235405885
540.096 0.155746022354059
540.399 0.17908102235405887
540.702 0.19241102235405894
541.005 0.17324602235405884
541.3074999999999 0.16824602235405894
541.6105 0.18241102235405893
541.9135 0.18324602235405885
542.2165 0.16991102235405875
542.5195 0.17324602235405906
542.8215 0.175746022354059
543.1245 0.16408102235405897
543.4275 0.16324602235405883
543.7305 0.1865760223540589
544.0335 0.18157602235405879
544.3365 0.1907460223540589
544.6395 0.18824602235405896
544.9414999999999 0.19824602235405897
545.2445 0.1957460223540588
545.5465 0.20741102235405906
545.8495 0.19658102235405894
546.1525 0.18741102235405904
546.4549999999999 0.2140810223540588
546.758 0.21324602235405887
547.0609999999999 0.22324602235405888
547.363 0.22657602235405894
547.6659999999999 0.22491602235405894
547.9680000000001 0.24991602235405885
548.271 0.23241102235405897
548.5730000000001 0.24908102235405893
548.876 0.2582460223540588
549.179 0.26074602235405897
549.482 0.286576022354059
549.784 0.2632460223540589
550.0854999999999 0.3015760223540589
550.388 0.28491102235405896
550.691 0.3099160223540589
550.9939999999999 0.30991602235405913
551.2964999999999 0.3390810223540588
551.5985000000001 0.3357460223540589
551.9010000000001 0.354911022354059
552.2025000000001 0.35574602235405894
552.5055 0.347416022354059
552.8085000000001 0.373246022354059
553.1105 0.3865810223540589
553.4124999999999 0.3824160223540589
553.7145 0.40157602235405876
554.0165 0.39408102235405895
554.3195000000001 0.397411022354059
554.622 0.391576022354059
554.9235000000001 0.37574602235405896
555.2265 0.3782460223540589
555.528 0.4065810223540589
555.8305 0.3749110223540588
556.133 0.411581022354059
556.435 0.401581022354059
556.7375 0.35991102235405914
557.039 0.3824160223540589
557.3415 0.38074602235405886
557.644 0.36158102235405876
557.9459999999999 0.3674160223540588
558.247 0.3440760223540589
558.55 0.3582460223540589
558.852 0.333246022354059
559.1534999999999 0.30324602235405895
559.304 0.30907602235405895
559.606 0.26908102235405895
559.908 0.292411022354059
560.2090000000001 0.28324602235405894
560.512 0.26574602235405886
560.8140000000001 0.258246022354059
561.1155 0.2682460223540588
561.417 0.24741102235405887
561.719 0.25074602235405874
562.022 0.2299110223540588
562.323 0.2374160223540589
562.6245 0.21741102235405907
562.927 0.24074602235405895
563.229 0.20741102235405906
563.5305 0.2332460223540589
563.832 0.20658102235405895
564.1345 0.1907460223540589
564.4365 0.21074602235405893
564.7375 0.21574602235405904
565.0395 0.1965760223540589
565.3415 0.21158102235405907
565.6424999999999 0.19824602235405897
565.9435000000001 0.18324602235405885
566.2465 0.17991102235405898
566.5485 0.17908102235405887
566.8485000000001 0.2015760223540588
567.1510000000001 0.1807460223540589
567.453 0.1849160223540589
567.7545 0.17908102235405887
568.0554999999999 0.16991102235405897
568.3575000000001 0.18574602235405901
568.6600000000001 0.17491102235405886
568.96 0.18158102235405882
569.262 0.1807460223540589
569.5640000000001 0.19741602235405886
569.864 0.171576022354059
570.1665 0.17324602235405906
570.469 0.16158102235405902
570.769 0.17908102235405887
571.0709999999999 0.1565810223540589
571.373 0.15908102235405908
571.673 0.17824602235405895
571.975 0.17408102235405898
572.2760000000001 0.15491102235405885
572.577 0.165746022354059
572.879 0.1649160223540591
573.1800000000001 0.1465810223540589
573.481 0.16074602235405888
573.7835 0.18408102235405877
574.0844999999999 0.17991102235405898
574.3855 0.14741602235405904
574.687 0.16824602235405894
574.988 0.14741602235405904
575.289 0.15241602235405893
575.59 0.16491102235405886
575.8905 0.15741102235405902
576.1925 0.15074602235405887
576.4935 0.155746022354059
576.7945 0.16408102235405897
577.0955 0.14824602235405893
577.3975 0.1515810223540588
577.6985 0.14907602235405903
577.999 0.1707460223540589
578.3 0.1465810223540589
578.601 0.15824602235405894
578.9024999999999 0.159916022354059
579.2035 0.1565810223540589
579.5045 0.1232460223540588
579.806 0.16241102235405913
580.106 0.147411022354059
580.408 0.1615810223540588
580.7075 0.14824602235405893
581.009 0.1565810223540589
581.311 0.13491602235405886
581.611 0.14991102235405895
581.761 0.1674110223540588
582.061 0.15824602235405894
582.3620000000001 0.14824602235405893
582.663 0.15574602235405877
582.9635000000001 0.147411022354059
583.264 0.16657602235405888
583.566 0.14491102235405884
583.8665000000001 0.14824602235405893
584.167 0.1515810223540588
584.4675 0.1340760223540589
584.7685 0.13991102235405894
585.069 0.1565810223540589
585.3695 0.15408102235405896
585.6715 0.16324602235405905
585.9704999999999 0.15407602235405893
586.2725 0.15824602235405894
586.572 0.1615810223540588
586.8734999999999 0.16824602235405894
587.1735 0.16158102235405902
587.4745 0.1449160223540591
587.7745 0.15074602235405887
588.0754999999999 0.16824602235405894
588.3755 0.14741102235405878
588.6765 0.14991102235405895
588.9765 0.15907602235405904
589.2775 0.14491102235405884
589.577 0.159916022354059
589.8785 0.1449160223540591
590.1790000000001 0.161576022354059
590.4795 0.141581022354059
590.78 0.1624110223540589
591.0805 0.159916022354059
591.3810000000001 0.14657602235405887
591.681 0.15741602235405883
591.982 0.13991102235405894
592.2819999999999 0.13824602235405914
592.582 0.14991102235405895
592.8820000000001 0.15241602235405893
593.183 0.1565810223540589
593.4825000000001 0.1515810223540588
593.784 0.161576022354059
594.083 0.14407602235405892
594.3845 0.14824602235405893
594.684 0.14074602235405886
594.984 0.13907602235405903
595.2845 0.15907602235405882
595.5835 0.155746022354059
595.885 0.14824602235405893
596.184 0.12658102235405888
596.4855 0.15908102235405885
596.7845 0.15907602235405882
597.086 0.15491102235405885
597.385 0.14491102235405906
597.6855 0.1707460223540589
597.9855 0.1607460223540591
598.2855 0.15407602235405893
598.5854999999999 0.16574602235405878
598.885 0.1624110223540589
599.1855 0.16741102235405902
599.4855 0.16741602235405884
599.7855 0.14407602235405892
600.0854999999999 0.16491102235405886
600.3855 0.16991102235405897
600.6845000000001 0.16824602235405894
600.985 0.1707460223540589
601.2850000000001 0.17491102235405886
601.5840000000001 0.16658102235405892
601.8855 0.15991102235405896
602.1845000000001 0.15991102235405896
602.4855 0.18324602235405885
602.7845 0.1749110223540591
603.0835 0.18741102235405904
603.3845 0.18491102235405887
603.5329999999999 0.16491102235405886
603.832 0.17241602235405895
604.133 0.17408102235405876
604.4315 0.16741102235405902
604.7305 0.1907460223540589
605.0315 0.17824602235405895
605.3305 0.179916022354059
605.6305 0.194081022354059
605.9304999999999 0.184081022354059
606.2294999999999 0.18074602235405912
606.5295 0.18491102235405887
606.8295 0.19491602235405914
607.1285 0.18741102235405882
607.4285 0.194081022354059
607.7280000000001 0.204081022354059
608.0275 0.19991602235405903
608.3265 0.21324602235405887
608.6265000000001 0.20907602235405887
608.9265 0.21241102235405895
609.2255 0.21074602235405893
609.525 0.22658102235405897
609.825 0.2299110223540588
610.1235 0.252411022354059
610.4225 0.2190760223540591
610.723 0.25491602235405897
611.0219999999999 0.24074602235405873
611.3205 0.264916022354059
611.6215 0.2565810223540588
611.9200000000001 0.26074602235405897
612.219 0.2815810223540589
612.519 0.30324602235405895
612.818 0.299081022354059
613.117 0.29408102235405886
613.4169999999999 0.29991102235405886
613.715 0.28491102235405896
614.015 0.2974110223540589
614.315 0.29824602235405884
614.613 0.299081022354059
614.912 0.31824602235405886
615.213 0.3182460223540591
615.511 0.3115760223540589
615.81 0.2915810223540589
616.1095 0.2932460223540587
616.409 0.2899160223540589
616.7075 0.2815810223540589
617.0060000000001 0.2532460223540589
617.306 0.27908102235405896
617.6055 0.27657602235405876
617.904 0.2482460223540588
618.2035000000001 0.2674110223540591
618.502 0.25491102235405894
618.8005 0.238246022354059
619.0999999999999 0.22658102235405897
619.3995 0.24074602235405895
619.698 0.228246022354059
619.9965 0.20741102235405906
620.2945 0.22074602235405894
620.5955 0.20408102235405878
620.8934999999999 0.18241102235405893
621.1925 0.20491602235405892
621.4905 0.18991602235405902
621.7895 0.20657602235405892
622.0895 0.21074602235405915
622.3875 0.20741602235405887
622.6865 0.21158102235405885
622.9855 0.19241602235405897
623.2835 0.19824602235405897
623.5825 0.175746022354059
623.8815 0.16824602235405894
624.1804999999999 0.18741102235405882
624.4794999999999 0.17658102235405893
624.7775 0.1707460223540589
625.0754999999999 0.15824602235405894
625.2235000000001 0.18658102235405893
625.5245 0.175746022354059
625.8225 0.1890810223540591
626.1205 0.18574602235405901
626.4190000000001 0.16491102235405886
626.7175 0.18241602235405896
627.0165 0.16407602235405894
627.3145 0.16408102235405875
627.614 0.17158102235405903
627.9124999999999 0.17241602235405895
628.2105 0.15408102235405896
628.5094999999999 0.169916022354059
628.8075 0.189911022354059
629.106 0.15907602235405882
629.404 0.15491102235405885
629.702 0.18241102235405893
630.0025 0.17241602235405895
630.3005 0.16491102235405886
630.5985000000001 0.175746022354059
630.8965000000001 0.16074602235405888
631.1949999999999 0.15824602235405894
631.4929999999999 0.16491102235405908
631.7919999999999 0.175746022354059
632.09 0.17241602235405895
632.3879999999999 0.17324602235405906
632.6859999999999 0.16908102235405886
632.984 0.16574602235405878
633.283 0.16574602235405878
633.582 0.17741602235405907
633.88 0.15824602235405894
634.178 0.1624110223540589
634.476 0.17824602235405895
634.774 0.15408102235405896
635.072 0.16408102235405897
635.37 0.17824602235405895
635.669 0.1715810223540588
635.9670000000001 0.1649160223540589
636.265 0.15324602235405904
636.563 0.189911022354059
636.861 0.1624110223540589
637.159 0.16657602235405888
637.4570000000001 0.169916022354059
637.7545 0.155746022354059
638.0519999999999 0.1674110223540588
638.351 0.1707460223540589
638.649 0.16158102235405902
638.947 0.161576022354059
639.245 0.18324602235405885
639.5425 0.14908102235405885
639.8415 0.15324602235405882
640.139 0.17241102235405892
640.437 0.16908102235405909
640.735 0.17407602235405895
641.0325 0.15491602235405888
641.3315 0.16991102235405897
641.6289999999999 0.15824602235405894
641.927 0.18658102235405893
642.2245 0.17241102235405892
642.5225 0.16074602235405888
642.8199999999999 0.18824602235405896
643.1175000000001 0.15324602235405904
643.4145000000001 0.17324602235405906
643.712 0.17658102235405893
644.0095 0.16324602235405905
644.3075 0.15991102235405896
644.605 0.17408102235405898
644.9024999999999 0.17324602235405884
645.2005 0.14991102235405895
645.498 0.18241602235405896
645.7965 0.18908102235405888
646.0944999999999 0.17908102235405887
646.242 0.169916022354059
646.5395 0.17408102235405898
646.8375000000001 0.17241102235405892
647.1345 0.16824602235405894
647.4325 0.15824602235405894
647.73 0.18991602235405902
648.0275 0.184081022354059
648.325 0.1990810223540591
648.6225 0.17824602235405895
648.9200000000001 0.18407602235405895
649.2175 0.19491602235405892
649.514 0.19241602235405897
649.8115 0.20241102235405894
650.1089999999999 0.19658102235405894
650.4065 0.19158102235405905
650.704 0.20407602235405897
651.0015000000001 0.2074160223540591
651.299 0.2149110223540589
651.596 0.20908102235405912
651.8934999999999 0.20408102235405878
652.191 0.24157602235405906
652.4884999999999 0.22574602235405905
652.785 0.2390760223540589
653.082 0.24824602235405901
653.3795 0.23908102235405893
653.6769999999999 0.2632460223540589
653.9739999999999 0.23741102235405886
654.2715000000001 0.2715810223540589
654.569 0.26991102235405884
654.866 0.2899110223540591
655.1624999999999 0.286581022354059
655.46 0.30324602235405895
655.7570000000001 0.3140810223540589
656.054 0.31907602235405896
656.3520000000001 0.35491602235405906
656.6479999999999 0.347416022354059
656.945 0.37657602235405885
657.241 0.387411022354059
657.539 0.36491102235405903
657.836 0.41824602235405894
658.133 0.4032460223540588
658.4300000000001 0.407411022354059
658.7275 0.43824602235405874
659.025 0.45574602235405903
659.321 0.47241102235405896
659.6179999999999 0.47157602235405904
659.915 0.479911022354059
660.212 0.5074110223540589
660.5094999999999 0.5224110223540588
660.8054999999999 0.5399110223540589
661.102 0.47491602235405894
661.399 0.516581022354059
661.696 0.5174160223540589
661.9929999999999 0.5199160223540589
662.29 0.4915810223540591
662.586 0.5057460223540589
662.883 0.47241102235405896
663.1800000000001 0.4899110223540588
663.477 0.49074602235405895
663.7729999999999 0.4690810223540589
664.069 0.46241602235405876
664.366 0.44407602235405896
664.6635 0.41824602235405894
664.9605 0.41408102235405897
665.2560000000001 0.40658102235405913
665.553 0.39991102235405895
665.8499999999999 0.37657602235405885
666.1469999999999 0.37157602235405895
666.443 0.36074602235405884
666.739 0.357416022354059
667.0360000000001 0.33741102235405895
667.3330000000001 0.32824602235405886
667.4795 0.3257460223540589
667.7760000000001 0.30824602235405885
668.073 0.2874110223540589
668.37 0.29408102235405886
668.6659999999999 0.31241102235405904
668.962 0.2557460223540591
669.2584999999999 0.2874110223540589
669.5554999999999 0.25574602235405886
669.851 0.26908102235405895
670.148 0.2515810223540589
670.4449999999999 0.26074602235405897
670.741 0.2574160223540589
671.0364999999999 0.23574602235405906
671.3330000000001 0.2340810223540588
671.63 0.2432460223540589
671.9259999999999 0.218246022354059
672.2225 0.24074602235405895
672.518 0.21574602235405904
672.815 0.2149110223540589
673.111 0.20158102235405884
673.4075 0.209911022354059
673.704 0.20574602235405903
673.999 0.2074160223540591
674.2955 0.20991102235405878
674.5920000000001 0.21158102235405885
674.888 0.19491602235405892
675.1845000000001 0.199911022354059
675.48 0.194081022354059
675.7760000000001 0.18991602235405902
676.072 0.169916022354059
676.369 0.17908102235405887
676.665 0.17741602235405907
676.96 0.1807460223540589
677.2570000000001 0.19158102235405905
677.552 0.17324602235405906
677.8489999999999 0.175746022354059
678.1445 0.17241602235405895
678.44 0.18158102235405904
678.7370000000001 0.189911022354059
679.033 0.18241102235405893
679.328 0.165746022354059
679.624 0.16574602235405878
679.921 0.1707460223540589
680.216 0.179916022354059
680.512 0.155746022354059
680.807 0.18241102235405893
681.1034999999999 0.16658102235405892
681.4000000000001 0.16907602235405883
681.694 0.16657602235405888
681.991 0.1524110223540589
682.2860000000001 0.1807460223540589
682.5830000000001 0.1707460223540589
682.8779999999999 0.159916022354059
683.1735000000001 0.16074602235405888
683.47 0.15074602235405887
683.764 0.165746022354059
684.0609999999999 0.1615810223540588
684.357 0.14408102235405895
684.652 0.1365810223540591
684.948 0.15824602235405894
685.2429999999999 0.16574602235405878
685.539 0.16074602235405888
685.835 0.155746022354059
686.13 0.14991602235405876
686.426 0.13741102235405878
686.7215 0.15824602235405894
687.017 0.14574602235405898
687.3119999999999 0.16408102235405897
687.608 0.1524110223540589
687.9035 0.16158102235405902
688.05 0.15824602235405894
687.977 0.17649204470811822
688.275 0.1348220447081179
688.573 0.13649204470811818
688.869 0.1514920447081183
689.167 0.13982204470811824
689.466 0.15982204470811825
689.762 0.1514920447081183
690.06 0.13816204470811802
690.358 0.1348220447081179
690.654 0.129822044708118
690.952 0.13982204470811824
691.25 0.14649204470811797
691.547 0.14816204470811825
691.845 0.14982204470811802
692.143 0.14149204470811808
692.439 0.15316204470811814
692.737 0.1431620447081179
693.033 0.15316204470811814
693.331 0.15482204470811792
693.629 0.1814920447081181
693.925 0.15816204470811804
694.223 0.13816204470811802
694.521 0.16316204470811793
694.817 0.14149204470811808
695.115 0.15816204470811804
695.413 0.16816204470811827
695.709 0.14816204470811825
696.007 0.12649204470811795
696.303 0.15816204470811804
696.601 0.13649204470811818
696.899 0.1231620447081179
697.195 0.12149204470811806
697.493 0.16316204470811793
697.789 0.14482204470811813
698.087 0.1348220447081179
698.385 0.15482204470811792
698.681 0.16482204470811815
698.978 0.14649204470811797
699.274 0.17316204470811816
699.572 0.15316204470811814
699.868 0.13982204470811824
700.166 0.14649204470811797
700.464 0.15482204470811792
700.759 0.12149204470811806
701.057 0.1514920447081183
701.353 0.15816204470811804
701.651 0.1431620447081179
701.947 0.14816204470811825
702.244 0.129822044708118
702.542 0.14816204470811825
702.838 0.14482204470811813
703.136 0.16482204470811815
703.431 0.12149204470811806
703.729 0.16316204470811793
704.025 0.12149204470811806
704.323 0.166492044708118
704.618 0.1314920447081183
704.916 0.16816204470811827
705.212 0.13816204470811802
705.509 0.1314920447081183
705.805 0.14982204470811802
706.103 0.14982204470811802
706.4 0.13982204470811824
706.696 0.1431620447081179
706.993 0.1231620447081179
707.289 0.13649204470811818
707.587 0.15316204470811814
707.882 0.15982204470811825
708.18 0.12482204470811811
708.475 0.11982204470811822
708.773 0.1431620447081179
709.068 0.14649204470811797
709.366 0.14482204470811813
709.661 0.13816204470811802
709.959 0.13982204470811824
710.255 0.14649204470811797
710.552 0.129822044708118
710.847 0.166492044708118
711.145 0.13649204470811818
711.44 0.16316204470811793
711.736 0.1314920447081183
712.033 0.166492044708118
712.329 0.14149204470811808
712.626 0.11982204470811822
712.922 0.14149204470811808
713.219 0.1614920447081181
713.514 0.13649204470811818
713.812 0.1348220447081179
714.107 0.1231620447081179
714.405 0.1348220447081179
714.7 0.15482204470811792
714.997 0.13816204470811802
715.293 0.14816204470811825
715.588 0.14982204470811802
715.885 0.1431620447081179
716.181 0.1314920447081183
716.478 0.13649204470811818
716.773 0.13982204470811824
717.07 0.1514920447081183
717.366 0.1514920447081183
717.661 0.129822044708118
717.958 0.16816204470811827
718.254 0.16982204470811804
718.551 0.18316204470811795
718.846 0.07149204470811824
719.141 0.12816204470811823
719.438 0.14649204470811797
719.734 0.13649204470811818
720.031 0.1314920447081183
720.326 0.13982204470811824
720.621 0.1314920447081183
720.918 0.15316204470811814
721.213 0.1431620447081179
721.511 0.14482204470811813
721.806 0.14982204470811802
722.101 0.14816204470811825
722.398 0.15316204470811814
722.693 0.118162044708118
722.99 0.10649204470811793
723.285 0.11482204470811788
723.58 0.13982204470811824
723.877 0.129822044708118
724.172 0.12482204470811811
724.467 0.1231620447081179
724.764 0.14649204470811797
725.06 0.166492044708118
725.354 0.1514920447081183
725.651 0.14482204470811813
725.946 0.14649204470811797
726.243 0.11482204470811788
726.538 0.12482204470811811
726.833 0.1564920447081182
727.13 0.1431620447081179
727.425 0.1514920447081183
727.72 0.13316204470811813
728.017 0.1348220447081179
728.312 0.13816204470811802
728.607 0.118162044708118
728.904 0.13649204470811818
729.199 0.12482204470811811
729.494 0.14816204470811825
729.789 0.10649204470811793
730.085 0.10649204470811793
730.38 0.13316204470811813
730.675 0.13316204470811813
730.972 0.12649204470811795
731.267 0.13649204470811818
731.562 0.13316204470811813
731.858 0.13982204470811824
732.153 0.14816204470811825
732.448 0.166492044708118
732.743 0.15482204470811792
733.039 0.14816204470811825
733.334 0.13982204470811824
733.629 0.10982204470811799
733.926 0.15316204470811814
734.22 0.129822044708118
734.515 0.12482204470811811
734.81 0.13816204470811802
735.107 0.11316204470811811
735.401 0.14149204470811808
735.696 0.12649204470811795
735.991 0.12816204470811823
736.287 0.14816204470811825
736.582 0.1348220447081179
736.876 0.11316204470811811
737.171 0.118162044708118
737.468 0.118162044708118
737.762 0.129822044708118
738.057 0.10316204470811788
738.352 0.1314920447081183
738.648 0.12649204470811795
738.943 0.12482204470811811
739.237 0.14482204470811813
739.532 0.1348220447081179
739.828 0.12149204470811806
740.123 0.12816204470811823
740.417 0.12149204470811806
740.712 0.1231620447081179
741.006 0.12149204470811806
741.303 0.1348220447081179
741.597 0.1348220447081179
741.892 0.15482204470811792
742.186 0.10649204470811793
742.483 0.14482204470811813
742.777 0.129822044708118
743.072 0.1514920447081183
743.366 0.12149204470811806
743.66 0.12816204470811823
743.955 0.12649204470811795
744.251 0.14482204470811813
744.546 0.1348220447081179
744.84 0.129822044708118
745.134 0.12816204470811823
745.429 0.129822044708118
745.725 0.13649204470811818
746.019 0.14482204470811813
746.314 0.1348220447081179
746.608 0.10982204470811799
746.902 0.12649204470811795
747.197 0.12649204470811795
747.493 0.1564920447081182
747.787 0.129822044708118
748.082 0.13649204470811818
748.376 0.12816204470811823
748.67 0.1314920447081183
748.964 0.12649204470811795
749.259 0.14816204470811825
749.555 0.12649204470811795
749.849 0.10982204470811799
750.143 0.13649204470811818
750.437 0.14816204470811825
750.732 0.12649204470811795
751.026 0.12649204470811795
751.32 0.13982204470811824
751.614 0.14149204470811808
751.91 0.13982204470811824
752.204 0.14982204470811802
752.498 0.13649204470811818
752.793 0.14649204470811797
753.087 0.13816204470811802
753.381 0.12482204470811811
753.675 0.11982204470811822
753.969 0.129822044708118
754.263 0.1314920447081183
754.559 0.1514920447081183
754.853 0.16482204470811815
755.147 0.11649204470811816
755.441 0.11149204470811827
755.735 0.11649204470811816
756.029 0.13816204470811802
756.323 0.11149204470811827
756.617 0.14482204470811813
756.911 0.13816204470811802
757.205 0.13316204470811813
757.499 0.12649204470811795
757.793 0.10982204470811799
758.087 0.14149204470811808
758.381 0.11482204470811788
758.677 0.1314920447081183
758.971 0.11316204470811811
759.265 0.13316204470811813
759.559 0.13649204470811818
759.853 0.1348220447081179
760.146 0.16316204470811793
760.44 0.08482204470811808
760.734 0.1514920447081183
761.028 0.13816204470811802
761.322 0.1431620447081179
761.616 0.14982204470811802
761.909 0.13816204470811802
762.203 0.13982204470811824
762.497 0.13816204470811802
762.791 0.12149204470811806
763.085 0.13982204470811824
763.378 0.11649204470811816
763.672 0.14482204470811813
763.966 0.13816204470811802
764.26 0.12816204470811823
764.553 0.12649204470811795
764.847 0.14982204470811802
765.141 0.12482204470811811
765.435 0.13649204470811818
765.728 0.13816204470811802
766.022 0.11649204470811816
766.316 0.13316204470811813
766.609 0.1614920447081181
766.903 0.13649204470811818
767.197 0.13316204470811813
767.49 0.11649204470811816
767.784 0.14649204470811797
768.078 0.13816204470811802
768.371 0.14816204470811825
768.665 0.15816204470811804
768.958 0.12149204470811806
769.252 0.118162044708118
769.546 0.11649204470811816
769.839 0.129822044708118
770.133 0.10982204470811799
770.426 0.11649204470811816
770.72 0.14482204470811813
771.013 0.1514920447081183
771.305 0.14649204470811797
771.598 0.12482204470811811
771.892 0.14816204470811825
772.185 0.15816204470811804
772.479 0.14482204470811813
772.772 0.12149204470811806
773.066 0.1514920447081183
773.359 0.1514920447081183
773.653 0.129822044708118
773.946 0.11482204470811788
774.239 0.11649204470811816
774.533 0.14149204470811808
774.826 0.11982204470811822
775.12 0.12482204470811811
775.411 0.14149204470811808
775.704 0.12482204470811811
775.998 0.14149204470811808
776.291 0.15982204470811825
776.584 0.1431620447081179
776.878 0.14816204470811825
777.171 0.15816204470811804
777.464 0.1564920447081182
777.758 0.14149204470811808
778.049 0.14649204470811797
778.342 0.14149204470811808
778.636 0.12482204470811811
778.929 0.10149204470811804
779.222 0.14816204470811825
779.515 0.13816204470811802
779.809 0.13982204470811824
780.102 0.11649204470811816
780.393 0.1348220447081179
780.686 0.12482204470811811
780.979 0.12649204470811795
781.273 0.1431620447081179
781.566 0.1231620447081179
781.859 0.11982204470811822
782.152 0.12149204470811806
782.443 0.13649204470811818
782.737 0.12149204470811806
783.03 0.12649204470811795
783.323 0.1314920447081183
783.616 0.13649204470811818
783.909 0.1348220447081179
784.2 0.129822044708118
784.493 0.15982204470811825
784.786 0.14482204470811813
785.079 0.12816204470811823
785.372 0.1314920447081183
785.664 0.10149204470811804
785.957 0.1348220447081179
786.25 0.1348220447081179
786.543 0.129822044708118
786.836 0.12482204470811811
787.127 0.129822044708118
787.42 0.129822044708118
787.713 0.13982204470811824
788.006 0.13649204470811818
788.299 0.1348220447081179
788.59 0.12482204470811811
788.882 0.14649204470811797
789.175 0.13649204470811818
789.468 0.1431620447081179
789.761 0.1314920447081183
790.052 0.15816204470811804
790.345 0.12649204470811795
790.638 0.1431620447081179
790.931 0.1348220447081179
791.222 0.1231620447081179
791.515 0.13816204470811802
791.807 0.11982204470811822
792.1 0.13816204470811802
792.391 0.118162044708118
792.684 0.1431620447081179
792.977 0.10816204470811822
793.27 0.09816204470811798
793.56 0.11982204470811822
793.853 0.14149204470811808
794.146 0.1514920447081183
794.439 0.12816204470811823
794.729 0.1514920447081183
795.022 0.12149204470811806
795.315 0.13649204470811818
795.606 0.17649204470811822
795.898 0.12649204470811795
796.191 0.12649204470811795
796.484 0.12649204470811795
796.775 0.14649204470811797
797.067 0.13649204470811818
797.36 0.10149204470811804
797.651 0.13982204470811824
797.943 0.12816204470811823
798.236 0.14649204470811797
798.528 0.14816204470811825
798.819 0.13649204470811818
799.112 0.14149204470811808
799.404 0.14649204470811797
799.695 0.15316204470811814
799.987 0.11649204470811816
800.28 0.13816204470811802
800.571 0.13816204470811802
800.863 0.16816204470811827
801.156 0.12649204470811795
801.446 0.14482204470811813
801.739 0.1514920447081183
802.031 0.14816204470811825
802.322 0.13316204470811813
802.614 0.14816204470811825
802.907 0.1314920447081183
803.197 0.1314920447081183
803.49 0.10982204470811799
803.782 0.15482204470811792
804.073 0.15316204470811814
804.365 0.13649204470811818
804.658 0.13982204470811824
804.948 0.14982204470811802
805.241 0.14482204470811813
805.531 0.12649204470811795
805.823 0.13982204470811824
806.116 0.14482204470811813
806.406 0.12482204470811811
806.698 0.16816204470811827
806.991 0.1231620447081179
807.281 0.1348220447081179
807.574 0.14149204470811808
807.864 0.14816204470811825
808.156 0.1614920447081181
808.449 0.13816204470811802
808.739 0.13982204470811824
809.031 0.1614920447081181
809.321 0.12149204470811806
809.614 0.13649204470811818
809.906 0.1348220447081179
810.196 0.10149204470811804
810.489 0.15316204470811814
810.779 0.1614920447081181
811.071 0.1431620447081179
811.363 0.15982204470811825
811.653 0.12816204470811823
811.946 0.14649204470811797
812.236 0.1564920447081182
812.528 0.13649204470811818
812.818 0.11316204470811811
813.11 0.14982204470811802
813.401 0.14149204470811808
813.693 0.17482204470811794
813.985 0.14982204470811802
814.275 0.14649204470811797
814.567 0.15982204470811825
814.857 0.13649204470811818
815.149 0.12649204470811795
815.439 0.1431620447081179
815.731 0.15982204470811825
816.022 0.13816204470811802
816.314 0.15482204470811792
816.604 0.14149204470811808
816.896 0.13649204470811818
817.188 0.15816204470811804
817.478 0.15816204470811804
817.77 0.1348220447081179
818.06 0.14982204470811802
818.352 0.11649204470811816
818.642 0.16816204470811827
818.934 0.13982204470811824
819.224 0.14149204470811808
819.516 0.14482204470811813
819.806 0.14816204470811825
820.098 0.14816204470811825
820.388 0.15482204470811792
820.679 0.15816204470811804
820.969 0.1814920447081181
821.261 0.14816204470811825
821.551 0.1564920447081182
821.843 0.16316204470811793
822.133 0.16816204470811827
822.423 0.14149204470811808
822.715 0.15982204470811825
823.005 0.1514920447081183
823.296 0.12816204470811823
823.586 0.16816204470811827
823.878 0.1564920447081182
824.168 0.17649204470811822
824.46 0.1564920447081182
824.749 0.12482204470811811
825.041 0.13982204470811824
825.331 0.15816204470811804
825.623 0.1348220447081179
825.912 0.13649204470811818
826.202 0.16482204470811815
826.494 0.14816204470811825
826.784 0.17816204470811806
827.075 0.15316204470811814
827.365 0.12149204470811806
827.657 0.16482204470811815
827.947 0.166492044708118
828.236 0.14982204470811802
828.528 0.12649204470811795
828.818 0.15816204470811804
829.109 0.15482204470811792
829.399 0.1431620447081179
829.69 0.12149204470811806
829.98 0.129822044708118
830.27 0.17149204470811788
830.561 0.14649204470811797
830.851 0.166492044708118
831.143 0.13649204470811818
831.432 0.12816204470811823
831.722 0.14982204470811802
832.013 0.1348220447081179
832.303 0.15482204470811792
832.592 0.13649204470811818
832.884 0.14982204470811802
833.173 0.1514920447081183
833.465 0.19816204470811807
833.754 0.17482204470811794
834.044 0.14482204470811813
834.335 0.13649204470811818
834.625 0.16816204470811827
834.914 0.16316204470811793
835.206 0.16482204470811815
835.495 0.14482204470811813
835.785 0.14982204470811802
836.076 0.14482204470811813
836.366 0.14482204470811813
836.657 0.14149204470811808
836.946 0.15816204470811804
837.236 0.15816204470811804
837.527 0.17316204470811816
837.817 0.1614920447081181
838.106 0.13982204470811824
838.397 0.13649204470811818
838.687 0.14649204470811797
838.976 0.15816204470811804
839.265 0.13316204470811813
839.557 0.1814920447081181
839.846 0.1431620447081179
840.135 0.14816204470811825
840.426 0.1514920447081183
840.716 0.16982204470811804
841.005 0.1564920447081182
841.296 0.14649204470811797
841.586 0.1614920447081181
841.875 0.166492044708118
842.166 0.1614920447081181
842.455 0.1431620447081179
842.744 0.17649204470811822
843.034 0.16482204470811815
843.325 0.17649204470811822
843.614 0.17816204470811806
843.903 0.16316204470811793
844.194 0.15316204470811814
844.484 0.15316204470811814
844.773 0.17649204470811822
845.062 0.1564920447081182
845.353 0.14982204470811802
845.642 0.15982204470811825
845.931 0.14982204470811802
846.22 0.15816204470811804
846.511 0.17149204470811788
846.801 0.15982204470811825
847.09 0.15316204470811814
847.379 0.14149204470811808
847.67 0.17816204470811806
847.959 0.14982204470811802
848.248 0.17482204470811794
848.537 0.20316204470811797
848.828 0.1614920447081181
849.117 0.14816204470811825
849.406 0.15816204470811804
849.695 0.17316204470811816
849.984 0.13649204470811818
850.275 0.1514920447081183
850.564 0.14982204470811802
850.853 0.166492044708118
851.142 0.17316204470811816
851.431 0.12816204470811823
851.722 0.13316204470811813
852.011 0.16982204470811804
852.299 0.14649204470811797
852.588 0.16816204470811827
852.877 0.17649204470811822
853.168 0.1564920447081182
853.457 0.14149204470811808
853.746 0.14649204470811797
854.035 0.15316204470811814
854.324 0.16482204470811815
854.614 0.18982204470811806
854.903 0.17816204470811806
855.192 0.15316204470811814
855.481 0.1564920447081182
855.77 0.17482204470811794
856.058 0.1814920447081181
856.349 0.118162044708118
856.638 0.17649204470811822
856.927 0.17482204470811794
857.216 0.14982204470811802
857.504 0.15982204470811825
857.793 0.1814920447081181
858.082 0.186492044708118
858.372 0.16482204470811815
858.661 0.1614920447081181
858.95 0.19316204470811818
859.239 0.15816204470811804
859.527 0.166492044708118
859.816 0.17149204470811788
860.105 0.16982204470811804
860.395 0.15816204470811804
860.684 0.15316204470811814
860.973 0.1881620447081183
861.261 0.17482204470811794
861.55 0.18482204470811817
861.838 0.14982204470811802
862.127 0.16316204470811793
862.416 0.16982204470811804
862.704 0.17482204470811794
862.993 0.16316204470811793
863.283 0.20482204470811818
863.572 0.17149204470811788
863.86 0.166492044708118
864.149 0.17149204470811788
864.437 0.16316204470811793
864.726 0.19816204470811807
865.014 0.16982204470811804
865.303 0.19316204470811818
865.591 0.166492044708118
865.88 0.1614920447081181
866.168 0.15816204470811804
866.457 0.19316204470811818
866.747 0.15482204470811792
867.036 0.1431620447081179
867.324 0.17816204470811806
867.613 0.14982204470811802
867.901 0.1814920447081181
868.189 0.20149204470811813
868.478 0.16316204470811793
868.766 0.20316204470811797
869.055 0.16816204470811827
869.343 0.17316204470811816
869.631 0.17149204470811788
869.92 0.1564920447081182
870.208 0.1431620447081179
870.496 0.17316204470811816
870.785 0.1881620447081183
871.073 0.19316204470811818
871.361 0.15316204470811814
871.65 0.16982204470811804
871.938 0.17982204470811827
872.226 0.186492044708118
872.514 0.17482204470811794
872.803 0.186492044708118
873.091 0.17149204470811788
873.379 0.186492044708118
873.667 0.1998220447081183
873.956 0.16316204470811793
874.244 0.18316204470811795
874.532 0.20649204470811802
874.82 0.16482204470811815
875.108 0.19649204470811824
875.397 0.186492044708118
875.685 0.17316204470811816
875.973 0.17982204470811827
876.261 0.1614920447081181
876.549 0.17816204470811806
876.837 0.1614920447081181
877.125 0.17982204470811827
877.414 0.15816204470811804
877.702 0.1814920447081181
877.99 0.17482204470811794
878.278 0.18316204470811795
878.566 0.17149204470811788
878.854 0.17316204470811816
879.142 0.19649204470811824
879.43 0.18482204470811817
879.718 0.16316204470811793
880.004 0.16982204470811804
880.292 0.1814920447081181
880.58 0.18982204470811806
880.868 0.186492044708118
881.156 0.19649204470811824
881.444 0.17482204470811794
881.732 0.166492044708118
882.02 0.1814920447081181
882.308 0.16982204470811804
882.596 0.20149204470811813
882.884 0.20149204470811813
883.172 0.17982204470811827
883.458 0.19316204470811818
883.746 0.1814920447081181
884.034 0.14649204470811797
884.322 0.1814920447081181
884.609 0.19649204470811824
884.897 0.19482204470811795
885.185 0.186492044708118
885.473 0.166492044708118
885.761 0.18316204470811795
886.049 0.1814920447081181
886.335 0.18316204470811795
886.622 0.17316204470811816
886.91 0.15816204470811804
887.198 0.17149204470811788
887.486 0.16316204470811793
887.774 0.186492044708118
888.061 0.17649204470811822
888.347 0.18316204470811795
888.635 0.186492044708118
888.923 0.1881620447081183
889.21 0.18982204470811806
889.498 0.15316204470811814
889.786 0.19482204470811795
890.073 0.1914920447081179
890.359 0.18982204470811806
890.647 0.19482204470811795
890.935 0.17982204470811827
891.222 0.19316204470811818
891.51 0.166492044708118
891.798 0.19316204470811818
892.083 0.14149204470811808
892.371 0.186492044708118
892.659 0.1998220447081183
892.946 0.1998220447081183
893.234 0.20982204470811808
893.519 0.20316204470811797
893.807 0.20316204470811797
894.094 0.21149204470811792
894.382 0.2131620447081182
894.67 0.18316204470811795
894.955 0.17649204470811822
895.243 0.17982204470811827
895.53 0.1814920447081181
895.818 0.17149204470811788
896.105 0.1998220447081183
896.391 0.1914920447081179
896.678 0.17316204470811816
896.966 0.186492044708118
897.253 0.186492044708118
897.539 0.1914920447081179
897.826 0.17982204470811827
898.114 0.20482204470811818
898.401 0.18316204470811795
898.689 0.2081620447081183
898.974 0.2081620447081183
899.261 0.1914920447081179
899.549 0.1881620447081183
899.836 0.18316204470811795
900.122 0.15482204470811792
900.409 0.20482204470811818
900.696 0.2081620447081183
900.982 0.18316204470811795
901.269 0.22316204470811798
901.556 0.15816204470811804
901.844 0.17649204470811822
902.129 0.18982204470811806
902.417 0.21482204470811797
902.704 0.19816204470811807
902.991 0.19482204470811795
903.276 0.17482204470811794
903.564 0.22649204470811804
903.851 0.22316204470811798
904.136 0.1998220447081183
904.423 0.19482204470811795
904.711 0.17982204470811827
904.998 0.19816204470811807
905.283 0.18982204470811806
905.57 0.19816204470811807
905.858 0.20482204470811818
906.143 0.1881620447081183
906.43 0.17149204470811788
906.717 0.17982204470811827
907.002 0.20482204470811818
907.29 0.20316204470811797
907.577 0.2198220447081183
907.862 0.2081620447081183
908.149 0.20982204470811808
908.436 0.243162044708118
908.721 0.21149204470811792
909.008 0.2131620447081182
909.295 0.21149204470811792
909.581 0.2198220447081183
909.868 0.23316204470811822
910.155 0.2081620447081183
910.44 0.2481620447081179
910.727 0.1998220447081183
911.014 0.18482204470811817
911.299 0.20982204470811808
911.586 0.21482204470811797
911.871 0.21149204470811792
912.158 0.19482204470811795
912.445 0.20316204470811797
912.73 0.21149204470811792
913.017 0.2181620447081181
913.304 0.21649204470811825
913.589 0.2298220447081181
913.876 0.2081620447081183
914.161 0.19816204470811807
914.448 0.234822044708118
914.735 0.19482204470811795
915.02 0.21649204470811825
915.307 0.22649204470811804
915.591 0.19482204470811795
915.878 0.19316204470811818
916.165 0.22316204470811798
916.45 0.19482204470811795
916.737 0.20316204470811797
917.022 0.20316204470811797
917.309 0.21149204470811792
917.595 0.20316204470811797
917.88 0.2298220447081181
918.167 0.21649204470811825
918.452 0.20982204470811808
918.739 0.20982204470811808
919.024 0.17982204470811827
919.31 0.1881620447081183
919.597 0.21149204470811792
919.882 0.20649204470811802
920.169 0.2198220447081183
920.453 0.23982204470811788
920.74 0.22816204470811788
921.025 0.21482204470811797
921.312 0.234822044708118
921.596 0.21482204470811797
921.883 0.2131620447081182
922.168 0.2248220447081182
922.454 0.2481620447081179
922.741 0.22149204470811815
923.026 0.23316204470811822
923.312 0.21149204470811792
923.597 0.21649204470811825
923.884 0.2248220447081182
924.168 0.23149204470811793
924.455 0.2581620447081181
924.74 0.2081620447081183
925.026 0.23316204470811822
925.311 0.186492044708118
925.597 0.21149204470811792
925.882 0.2181620447081181
926.169 0.2298220447081181
926.453 0.2248220447081182
926.74 0.21649204470811825
927.024 0.18982204470811806
927.311 0.1998220447081183
927.595 0.20982204470811808
927.882 0.19649204470811824
928.166 0.20982204470811808
928.453 0.2081620447081183
928.737 0.20482204470811818
929.022 0.2298220447081181
929.308 0.2298220447081181
929.593 0.21649204470811825
929.879 0.2181620447081181
930.164 0.21482204470811797
930.45 0.23649204470811827
930.734 0.2198220447081183
931.021 0.23649204470811827
931.305 0.24482204470811822
931.592 0.2381620447081181
931.876 0.21482204470811797
932.16 0.2131620447081182
932.447 0.23149204470811793
932.731 0.23316204470811822
933.018 0.2131620447081182
933.302 0.20316204470811797
933.588 0.2248220447081182
933.873 0.23649204470811827
934.157 0.2298220447081181
934.443 0.20149204470811813
934.727 0.19816204470811807
935.014 0.2081620447081183
935.298 0.23149204470811793
935.582 0.186492044708118
935.869 0.19316204470811818
936.153 0.2181620447081181
936.439 0.1881620447081183
936.723 0.19482204470811795
937.008 0.20982204470811808
937.294 0.19649204470811824
937.578 0.2081620447081183
937.864 0.23149204470811793
938.148 0.22149204470811815
938.433 0.21149204470811792
938.719 0.20982204470811808
939.003 0.2248220447081182
939.287 0.21482204470811797
939.573 0.2198220447081183
939.857 0.2181620447081181
940.143 0.19649204470811824
940.428 0.2381620447081181
940.712 0.21149204470811792
940.998 0.21482204470811797
941.282 0.20982204470811808
941.566 0.1881620447081183
941.852 0.21482204470811797
942.136 0.2198220447081183
942.42 0.20649204470811802
942.706 0.23149204470811793
942.99 0.2248220447081182
943.274 0.18482204470811817
943.56 0.20649204470811802
943.844 0.17982204470811827
944.128 0.19649204470811824
944.414 0.2181620447081181
944.698 0.20482204470811818
944.982 0.1914920447081179
945.268 0.19816204470811807
945.552 0.20482204470811818
945.836 0.2081620447081183
946.12 0.18982204470811806
946.406 0.18982204470811806
946.69 0.21649204470811825
946.974 0.20649204470811802
947.26 0.19649204470811824
947.544 0.16816204470811827
947.828 0.20149204470811813
948.114 0.1914920447081179
948.397 0.19482204470811795
948.681 0.22149204470811815
948.965 0.19816204470811807
949.251 0.19482204470811795
949.535 0.18316204470811795
949.819 0.21149204470811792
950.103 0.20316204470811797
950.388 0.16982204470811804
950.672 0.18482204470811817
950.956 0.186492044708118
951.24 0.21482204470811797
951.525 0.20316204470811797
951.809 0.19649204470811824
952.093 0.1814920447081181
952.377 0.20149204470811813
952.662 0.19649204470811824
952.946 0.2131620447081182
953.23 0.19482204470811795
953.514 0.1881620447081183
953.799 0.18982204470811806
954.083 0.17316204470811816
954.367 0.19482204470811795
954.65 0.17482204470811794
954.934 0.1881620447081183
955.22 0.18982204470811806
955.503 0.20482204470811818
955.787 0.20316204470811797
956.071 0.20482204470811818
956.356 0.1914920447081179
956.64 0.2198220447081183
956.924 0.18982204470811806
957.207 0.20982204470811808
957.491 0.19816204470811807
957.774 0.1814920447081181
958.06 0.21482204470811797
958.343 0.18982204470811806
958.627 0.20316204470811797
958.911 0.186492044708118
959.194 0.2181620447081181
959.48 0.20482204470811818
959.763 0.18316204470811795
960.047 0.21649204470811825
960.33 0.1814920447081181
960.614 0.18316204470811795
960.897 0.2081620447081183
961.182 0.20316204470811797
961.466 0.166492044708118
961.749 0.21149204470811792
962.033 0.19816204470811807
962.316 0.14816204470811825
962.6 0.20149204470811813
962.883 0.20649204470811802
963.169 0.19649204470811824
963.452 0.2131620447081182
963.735 0.1881620447081183
964.019 0.16982204470811804
964.302 0.2081620447081183
964.586 0.18316204470811795
964.869 0.2131620447081182
965.152 0.2298220447081181
965.438 0.20649204470811802
965.721 0.1881620447081183
966.004 0.18316204470811795
966.288 0.1814920447081181
966.571 0.18316204470811795
966.854 0.18982204470811806
967.137 0.20316204470811797
967.421 0.17982204470811827
967.704 0.21149204470811792
967.987 0.19482204470811795
968.272 0.18482204470811817
968.556 0.186492044708118
968.839 0.2181620447081181
969.122 0.1998220447081183
969.405 0.18982204470811806
969.689 0.17982204470811827
969.972 0.16316204470811793
970.255 0.17149204470811788
970.538 0.17482204470811794
970.821 0.18982204470811806
971.105 0.17649204470811822
971.388 0.18482204470811817
971.671 0.186492044708118
971.954 0.18982204470811806
972.237 0.20982204470811808
972.52 0.17982204470811827
972.805 0.13649204470811818
973.088 0.17149204470811788
973.371 0.17816204470811806
973.655 0.21149204470811792
973.938 0.15816204470811804
974.221 0.1814920447081181
974.504 0.17482204470811794
974.787 0.18482204470811817
975.07 0.1431620447081179
975.353 0.1814920447081181
975.636 0.16316204470811793
975.919 0.20482204470811818
976.202 0.1514920447081183
976.485 0.19816204470811807
976.768 0.17816204470811806
977.051 0.17649204470811822
977.334 0.17316204470811816
977.617 0.19316204470811818
977.9 0.16816204470811827
978.183 0.19816204470811807
978.466 0.18482204470811817
978.749 0.18316204470811795
979.031 0.21149204470811792
979.314 0.17982204470811827
979.597 0.20149204470811813
979.88 0.1998220447081183
980.163 0.18982204470811806
980.446 0.1914920447081179
980.729 0.17982204470811827
981.01 0.15982204470811825
981.293 0.1564920447081182
981.575 0.166492044708118
981.858 0.16982204470811804
982.141 0.17482204470811794
982.424 0.1814920447081181
982.707 0.20482204470811818
982.989 0.18316204470811795
983.272 0.2198220447081183
983.555 0.19316204470811818
983.838 0.2198220447081183
984.12 0.186492044708118
984.403 0.18482204470811817
984.686 0.19316204470811818
984.969 0.1814920447081181
985.251 0.17149204470811788
985.532 0.19316204470811818
985.815 0.17649204470811822
986.098 0.2131620447081182
986.38 0.16316204470811793
986.663 0.19316204470811818
986.946 0.17649204470811822
987.228 0.17316204470811816
987.511 0.17649204470811822
987.794 0.16482204470811815
988.076 0.18482204470811817
988.357 0.2081620447081183
988.639 0.166492044708118
988.922 0.186492044708118
989.205 0.21482204470811797
989.487 0.19816204470811807
989.77 0.21149204470811792
990.052 0.20316204470811797
990.335 0.20482204470811818
990.616 0.16982204470811804
990.898 0.17982204470811827
991.181 0.18316204470811795
991.463 0.20316204470811797
991.746 0.19816204470811807
992.028 0.19649204470811824
992.311 0.2081620447081183
992.591 0.2131620447081182
992.874 0.1881620447081183
993.156 0.21149204470811792
993.439 0.17316204470811816
993.721 0.19316204470811818
994.003 0.20982204470811808
994.284 0.20149204470811813
994.566 0.18982204470811806
994.849 0.2131620447081182
995.131 0.20316204470811797
995.414 0.19482204470811795
995.696 0.19649204470811824
995.976 0.19649204470811824
996.259 0.1998220447081183
996.541 0.20149204470811813
996.823 0.17816204470811806
997.106 0.20649204470811802
997.386 0.20482204470811818
997.669 0.19649204470811824
997.951 0.20149204470811813
998.233 0.20316204470811797
998.516 0.186492044708118
998.796 0.20316204470811797
999.078 0.21149204470811792
999.36 0.2181620447081181
999.643 0.1814920447081181
999.923 0.18982204470811806
1000.21 0.21482204470811797
1000.49 0.243162044708118
1000.77 0.22149204470811815
1001.05 0.23316204470811822
1001.33 0.20316204470811797
1001.61 0.20982204470811808
1001.9 0.20482204470811818
1002.18 0.21482204470811797
1002.46 0.2248220447081182
1002.74 0.2298220447081181
1003.02 0.2248220447081182
1003.3 0.23149204470811793
1003.59 0.20982204470811808
1003.87 0.22816204470811788
1004.15 0.20316204470811797
1004.43 0.20316204470811797
1004.71 0.20982204470811808
1004.99 0.21482204470811797
1005.28 0.17149204470811788
1005.56 0.22149204470811815
1005.84 0.22816204470811788
1006.12 0.20316204470811797
1006.4 0.21482204470811797
1006.68 0.2081620447081183
1006.96 0.20649204470811802
1007.24 0.23149204470811793
1007.53 0.24649204470811806
1007.81 0.22149204470811815
1008.09 0.23982204470811788
1008.37 0.21649204470811825
1008.65 0.20649204470811802
1008.93 0.19816204470811807
1009.21 0.22149204470811815
1009.5 0.2198220447081183
1009.78 0.2131620447081182
1010.06 0.2081620447081183
1010.34 0.20149204470811813
1010.62 0.20149204470811813
1010.9 0.2081620447081183
1011.18 0.1998220447081183
1011.47 0.20649204470811802
1011.75 0.21482204470811797
1012.03 0.21149204470811792
1012.31 0.2198220447081183
1012.59 0.20649204470811802
1012.87 0.21482204470811797
1013.15 0.20149204470811813
1013.43 0.2081620447081183
1013.72 0.22149204470811815
1014.0 0.21482204470811797
1014.28 0.20482204470811818
1014.56 0.21649204470811825
1014.84 0.21482204470811797
1015.12 0.21482204470811797
1015.4 0.22316204470811798
1015.68 0.23649204470811827
1015.96 0.22149204470811815
1016.24 0.2381620447081181
1016.53 0.2198220447081183
1016.81 0.22816204470811788
1017.09 0.20149204470811813
1017.37 0.23149204470811793
1017.65 0.19649204470811824
1017.93 0.19649204470811824
1018.21 0.23982204470811788
1018.49 0.21649204470811825
1018.77 0.22149204470811815
1019.05 0.234822044708118
1019.33 0.22816204470811788
1019.61 0.2181620447081181
1019.9 0.2081620447081183
1020.18 0.243162044708118
1020.46 0.2248220447081182
1020.74 0.20482204470811818
1021.02 0.20482204470811818
1021.3 0.22316204470811798
1021.58 0.22149204470811815
1021.86 0.2131620447081182
1022.14 0.20982204470811808
1022.42 0.2298220447081181
1022.7 0.243162044708118
1022.98 0.2181620447081181
1023.26 0.22316204470811798
1023.54 0.2198220447081183
1023.83 0.22316204470811798
1024.11 0.22316204470811798
1024.39 0.22649204470811804
1024.67 0.2298220447081181
1024.95 0.2131620447081182
1025.23 0.23982204470811788
1025.51 0.21149204470811792
1025.79 0.23149204470811793
1026.07 0.1998220447081183
1026.35 0.2081620447081183
1026.63 0.1998220447081183
1026.91 0.21649204470811825
1027.19 0.21649204470811825
1027.47 0.2248220447081182
1027.75 0.24149204470811816
1028.03 0.22149204470811815
1028.31 0.1914920447081179
1028.59 0.24482204470811822
1028.87 0.22649204470811804
1029.15 0.22149204470811815
1029.43 0.23649204470811827
1029.71 0.2381620447081181
1030.0 0.20316204470811797
1030.27 0.21482204470811797
1030.56 0.21649204470811825
1030.84 0.23316204470811822
1031.12 0.24649204470811806
1031.4 0.23982204470811788
1031.68 0.22816204470811788
1031.96 0.2531620447081182
1032.24 0.24482204470811822
1032.52 0.20982204470811808
1032.8 0.24482204470811822
1033.08 0.2381620447081181
1033.36 0.22316204470811798
1033.64 0.2298220447081181
1033.92 0.2498220447081181
1034.2 0.21649204470811825
1034.48 0.21649204470811825
1034.76 0.21649204470811825
1035.04 0.26149204470811815
1035.32 0.243162044708118
1035.6 0.2181620447081181
1035.88 0.24649204470811806
1036.16 0.2298220447081181
1036.44 0.23149204470811793
1036.72 0.2648220447081182
1037.0 0.2381620447081181
1037.28 0.25649204470811826
1037.56 0.2198220447081183
1037.84 0.2648220447081182
1038.12 0.2381620447081181
1038.4 0.25649204470811826
1038.68 0.22316204470811798
1038.96 0.2581620447081181
1039.24 0.22649204470811804
1039.52 0.2481620447081179
1039.79 0.26649204470811805
1040.08 0.2298220447081181
1040.35 0.22649204470811804
1040.64 0.2248220447081182
1040.91 0.23149204470811793
1041.19 0.23149204470811793
1041.47 0.2081620447081183
1041.75 0.23649204470811827
1042.03 0.21649204470811825
1042.31 0.22149204470811815
1042.59 0.254822044708118
1042.87 0.234822044708118
1043.15 0.23982204470811788
1043.43 0.254822044708118
1043.71 0.2131620447081182
1043.99 0.24149204470811816
1044.27 0.22316204470811798
1044.55 0.23649204470811827
1044.83 0.254822044708118
1045.11 0.263162044708118
1045.39 0.26649204470811805
1045.67 0.23982204470811788
1045.95 0.2531620447081182
1046.23 0.2648220447081182
1046.51 0.2764920447081183
1046.79 0.24482204470811822
1047.06 0.2581620447081181
1047.34 0.2181620447081181
1047.62 0.23982204470811788
1047.9 0.283162044708118
1048.18 0.2764920447081183
1048.46 0.2581620447081181
1048.74 0.2648220447081182
1049.02 0.2581620447081181
1049.3 0.23649204470811827
1049.58 0.2514920447081179
1049.86 0.243162044708118
1050.14 0.25649204470811826
1050.42 0.2881620447081179
1050.7 0.2648220447081182
1050.97 0.2648220447081182
1051.25 0.2648220447081182
1051.53 0.26149204470811815
1051.81 0.2798220447081179
1052.09 0.25649204470811826
1052.37 0.2898220447081181
1052.65 0.25649204470811826
1052.93 0.2681620447081179
1053.21 0.254822044708118
1053.49 0.274822044708118
1053.77 0.25649204470811826
1054.05 0.27149204470811794
1054.32 0.2881620447081179
1054.6 0.2881620447081179
1054.88 0.283162044708118
1055.16 0.2764920447081183
1055.44 0.25649204470811826
1055.72 0.24482204470811822
1056.0 0.2998220447081179
1056.28 0.25649204470811826
1056.56 0.26149204470811815
1056.84 0.2881620447081179
1057.11 0.311492044708118
1057.39 0.2881620447081179
1057.67 0.2764920447081183
1057.95 0.274822044708118
1058.23 0.263162044708118
1058.51 0.2998220447081179
1058.79 0.27149204470811794
1059.07 0.30982204470811814
1059.34 0.31316204470811826
1059.62 0.2798220447081179
1059.9 0.28649204470811807
1060.18 0.2998220447081179
1060.46 0.311492044708118
1060.74 0.2998220447081179
1061.02 0.3014920447081182
1061.3 0.283162044708118
1061.57 0.3331620447081183
1061.85 0.2764920447081183
1062.13 0.294822044708118
1062.41 0.29649204470811785
1062.69 0.2881620447081179
1062.97 0.3331620447081183
1063.25 0.2998220447081179
1063.53 0.2998220447081179
1063.8 0.30982204470811814
1064.08 0.311492044708118
1064.36 0.31482204470811803
1064.64 0.31816204470811815
1064.92 0.31482204470811803
1065.2 0.331492044708118
1065.47 0.2998220447081179
1065.75 0.28649204470811807
1066.03 0.3064920447081181
1066.31 0.32816204470811794
1066.59 0.3064920447081181
1066.87 0.31649204470811787
1067.14 0.3198220447081179
1067.42 0.3764920447081179
1067.7 0.31816204470811815
1067.98 0.30982204470811814
1068.26 0.35482204470811807
1068.54 0.3214920447081182
1068.82 0.3214920447081182
1069.09 0.31649204470811787
1069.37 0.32982204470811816
1069.65 0.368162044708118
1069.93 0.34316204470811806
1070.21 0.32482204470811826
1070.48 0.32482204470811826
1070.76 0.3448220447081183
1071.04 0.33982204470811794
1071.32 0.3081620447081179
1071.6 0.29649204470811785
1071.87 0.3331620447081183
1072.15 0.33816204470811817
1072.43 0.351492044708118
1072.71 0.32816204470811794
1072.99 0.32982204470811816
1073.26 0.34316204470811806
1073.54 0.31316204470811826
1073.82 0.31482204470811803
1074.1 0.32982204470811816
1074.38 0.32482204470811826
1074.65 0.3414920447081182
1074.93 0.3581620447081182
1075.21 0.3198220447081179
1075.49 0.33982204470811794
1075.77 0.3364920447081179
1076.05 0.36482204470811785
1076.32 0.3464920447081181
1076.6 0.3631620447081181
1076.88 0.3264920447081181
1077.16 0.32316204470811805
1077.43 0.3414920447081182
1077.71 0.2898220447081181
1077.99 0.351492044708118
1078.27 0.35316204470811785
1078.55 0.3064920447081181
1078.82 0.30316204470811803
1079.1 0.33982204470811794
1079.38 0.35316204470811785
1079.66 0.3698220447081182
1079.93 0.36149204470811824
1080.21 0.3581620447081182
1080.49 0.36482204470811785
1080.77 0.35482204470811807
1081.05 0.351492044708118
1081.32 0.34816204470811796
1081.6 0.351492044708118
1081.88 0.35316204470811785
1082.16 0.3464920447081181
1082.43 0.368162044708118
1082.71 0.3414920447081182
1082.99 0.34816204470811796
1083.27 0.34316204470811806
1083.54 0.35316204470811785
1083.82 0.3698220447081182
1084.1 0.36149204470811824
1084.38 0.351492044708118
1084.65 0.3581620447081182
1084.93 0.3581620447081182
1085.21 0.36149204470811824
1085.49 0.33482204470811805
1085.76 0.351492044708118
1086.04 0.3581620447081182
1086.32 0.3564920447081179
1086.6 0.34816204470811796
1086.87 0.3631620447081181
1087.15 0.351492044708118
1087.43 0.32316204470811805
1087.71 0.35316204470811785
1087.98 0.34816204470811796
1088.26 0.32316204470811805
1088.54 0.3414920447081182
1088.81 0.33816204470811817
1089.09 0.3564920447081179
1089.37 0.3898220447081182
1089.65 0.36149204470811824
1089.92 0.3898220447081182
1090.2 0.3448220447081183
1090.48 0.3748220447081181
1090.75 0.3498220447081182
1091.03 0.3764920447081179
