# Created: 2019-11-28 14:54:39.293111
# rshift intensity
76.1738 0.09332999999999991
76.4989 0.06999999999999984
76.824 0.10000000000000009
77.1491 0.08333000000000013
77.4721 0.05665999999999993
77.7972 0.07665999999999995
78.1223 0.06999999999999984
78.4474 0.10000000000000009
78.7724 0.06999999999999984
79.0975 0.06999999999999984
79.4204 0.1066600000000002
79.7454 0.08666000000000018
80.0704 0.06999999999999984
80.3954 0.08666000000000018
80.7204 0.08333000000000013
81.0454 0.05332999999999988
81.3682 0.06999999999999984
81.6931 0.05332999999999988
82.0181 0.08333000000000013
82.343 0.0733299999999999
82.6679 0.06999999999999984
82.9907 0.040000000000000036
83.3156 0.05665999999999993
83.6405 0.07665999999999995
83.9654 0.08666000000000018
84.2903 0.08333000000000013
84.613 0.0733299999999999
84.9378 0.05665999999999993
85.2626 0.05332999999999988
85.5875 0.06999999999999984
85.9101 0.06666000000000016
86.2349 0.08333000000000013
86.5597 0.10000000000000009
86.8845 0.05665999999999993
87.2093 0.06999999999999984
87.5319 0.06666000000000016
87.8566 0.08333000000000013
88.1814 0.06666000000000016
88.5061 0.06666000000000016
88.8286 0.08000000000000007
89.1533 0.06666000000000016
89.478 0.08999999999999986
89.8027 0.06000000000000005
90.1252 0.07665999999999995
90.4499 0.06999999999999984
90.7745 0.04333000000000009
91.0992 0.08333000000000013
91.4216 0.08000000000000007
91.7462 0.06999999999999984
92.0708 0.06999999999999984
92.3954 0.06999999999999984
92.7179 0.04999999999999982
93.0424 0.06666000000000016
93.367 0.06000000000000005
93.6915 0.06666000000000016
94.0139 0.08666000000000018
94.3384 0.06666000000000016
94.6629 0.06000000000000005
94.9853 0.06000000000000005
95.3098 0.06999999999999984
95.6342 0.08999999999999986
95.9587 0.08666000000000018
96.281 0.08999999999999986
96.6055 0.09332999999999991
96.9299 0.0733299999999999
97.2522 0.09332999999999991
97.5766 0.08666000000000018
97.901 0.0733299999999999
98.2232 0.07665999999999995
98.5476 0.07665999999999995
98.8719 0.10333000000000014
99.1942 0.08333000000000013
99.5185 0.07665999999999995
99.8428 0.08999999999999986
100.165 0.08000000000000007
100.489 0.09665999999999997
100.814 0.08333000000000013
101.136 0.10999999999999988
101.46 0.08000000000000007
101.784 0.07665999999999995
102.106 0.10000000000000009
102.431 0.08333000000000013
102.755 0.07665999999999995
103.077 0.09332999999999991
103.401 0.06666000000000016
103.725 0.08666000000000018
104.047 0.05665999999999993
104.372 0.05332999999999988
104.696 0.08000000000000007
105.018 0.0733299999999999
105.342 0.05332999999999988
105.666 0.05665999999999993
105.988 0.06333000000000011
106.312 0.046660000000000146
106.634 0.08000000000000007
106.958 0.06666000000000016
107.282 0.06666000000000016
107.604 0.06000000000000005
107.928 0.0733299999999999
108.252 0.08000000000000007
108.574 0.08666000000000018
108.898 0.0733299999999999
109.22 0.08999999999999986
109.544 0.06666000000000016
109.868 0.09665999999999997
110.19 0.06666000000000016
110.514 0.06000000000000005
110.836 0.05332999999999988
111.159 0.046660000000000146
111.483 0.06000000000000005
111.805 0.06999999999999984
112.129 0.05665999999999993
112.451 0.06333000000000011
112.775 0.06666000000000016
113.096 0.07665999999999995
113.42 0.05332999999999988
113.744 0.06000000000000005
114.066 0.04999999999999982
114.39 0.06999999999999984
114.711 0.06999999999999984
115.035 0.06333000000000011
115.357 0.05665999999999993
115.681 0.09665999999999997
116.004 0.06333000000000011
116.326 0.06333000000000011
116.65 0.08666000000000018
116.971 0.046660000000000146
117.295 0.07665999999999995
117.617 0.05665999999999993
117.94 0.0733299999999999
118.262 0.06999999999999984
118.586 0.07665999999999995
118.907 0.0733299999999999
119.231 0.07665999999999995
119.554 0.08666000000000018
119.876 0.06999999999999984
120.199 0.10000000000000009
120.521 0.09665999999999997
120.845 0.07665999999999995
121.166 0.07665999999999995
121.49 0.1066600000000002
121.811 0.10333000000000014
122.135 0.07665999999999995
122.456 0.09665999999999997
122.78 0.0733299999999999
123.101 0.08000000000000007
123.424 0.09332999999999991
123.746 0.08333000000000013
124.069 0.08666000000000018
124.391 0.08666000000000018
124.714 0.06333000000000011
125.035 0.05665999999999993
125.359 0.0733299999999999
125.68 0.06999999999999984
126.004 0.06999999999999984
126.325 0.07665999999999995
126.648 0.06999999999999984
126.97 0.1066600000000002
127.291 0.06000000000000005
127.614 0.06333000000000011
127.935 0.08000000000000007
128.259 0.06999999999999984
128.58 0.08000000000000007
128.903 0.08999999999999986
129.224 0.05332999999999988
129.548 0.06666000000000016
129.869 0.06999999999999984
130.192 0.06666000000000016
130.513 0.06000000000000005
130.834 0.08666000000000018
131.158 0.06333000000000011
131.479 0.05665999999999993
131.802 0.08333000000000013
132.123 0.08666000000000018
132.446 0.0733299999999999
132.767 0.08333000000000013
133.09 0.07665999999999995
133.411 0.08000000000000007
133.733 0.06000000000000005
134.056 0.07665999999999995
134.377 0.09332999999999991
134.7 0.06666000000000016
135.021 0.06666000000000016
135.342 0.0733299999999999
135.665 0.09332999999999991
135.986 0.1066600000000002
136.309 0.08333000000000013
136.63 0.0733299999999999
136.951 0.07665999999999995
137.274 0.06000000000000005
137.595 0.08000000000000007
137.918 0.06333000000000011
138.238 0.09332999999999991
138.559 0.09665999999999997
138.882 0.05665999999999993
139.203 0.06999999999999984
139.526 0.07665999999999995
139.847 0.08000000000000007
140.168 0.06333000000000011
140.491 0.06999999999999984
140.811 0.06000000000000005
141.132 0.06666000000000016
141.455 0.08333000000000013
141.776 0.06333000000000011
142.097 0.05665999999999993
142.419 0.0733299999999999
142.74 0.06999999999999984
143.061 0.04999999999999982
143.384 0.05665999999999993
143.704 0.10000000000000009
144.027 0.08000000000000007
144.348 0.06333000000000011
144.668 0.06999999999999984
144.991 0.0733299999999999
145.312 0.06666000000000016
145.632 0.05665999999999993
145.955 0.06000000000000005
146.276 0.08000000000000007
146.596 0.07665999999999995
146.917 0.08333000000000013
147.24 0.06999999999999984
147.56 0.06000000000000005
147.881 0.06999999999999984
148.203 0.07665999999999995
148.524 0.08000000000000007
148.844 0.08000000000000007
149.167 0.04333000000000009
149.487 0.06666000000000016
149.808 0.07665999999999995
150.131 0.08666000000000018
150.451 0.06000000000000005
150.771 0.09332999999999991
151.092 0.08666000000000018
151.414 0.08000000000000007
151.735 0.05332999999999988
152.055 0.08999999999999986
152.378 0.08666000000000018
152.698 0.07665999999999995
153.018 0.08000000000000007
153.339 0.07665999999999995
153.661 0.08333000000000013
153.982 0.07665999999999995
154.302 0.10333000000000014
154.622 0.08000000000000007
154.945 0.06999999999999984
155.265 0.1066600000000002
155.585 0.09665999999999997
155.905 0.07665999999999995
156.228 0.0733299999999999
156.548 0.09665999999999997
156.868 0.09332999999999991
157.188 0.08333000000000013
157.511 0.09332999999999991
157.831 0.10333000000000014
158.151 0.09332999999999991
158.471 0.08999999999999986
158.794 0.08333000000000013
159.114 0.08666000000000018
159.434 0.06999999999999984
159.754 0.08666000000000018
160.074 0.0733299999999999
160.396 0.06666000000000016
160.717 0.08333000000000013
161.037 0.07665999999999995
161.357 0.0733299999999999
161.679 0.10333000000000014
161.999 0.08333000000000013
162.319 0.08999999999999986
162.639 0.06999999999999984
162.959 0.07665999999999995
163.281 0.08333000000000013
163.601 0.06000000000000005
163.921 0.0733299999999999
164.241 0.08000000000000007
164.561 0.07665999999999995
164.881 0.06666000000000016
165.203 0.08666000000000018
165.523 0.08333000000000013
165.843 0.08333000000000013
166.163 0.0733299999999999
166.483 0.05665999999999993
166.803 0.0733299999999999
167.125 0.06333000000000011
167.445 0.08000000000000007
167.764 0.06999999999999984
168.084 0.06999999999999984
168.404 0.08000000000000007
168.724 0.06999999999999984
169.046 0.08333000000000013
169.366 0.06666000000000016
169.685 0.04333000000000009
170.005 0.08999999999999986
170.325 0.05665999999999993
170.645 0.06000000000000005
170.964 0.046660000000000146
171.286 0.06666000000000016
171.606 0.0733299999999999
171.926 0.06333000000000011
172.245 0.0733299999999999
172.565 0.06333000000000011
172.885 0.06000000000000005
173.204 0.07665999999999995
173.524 0.06333000000000011
173.846 0.06333000000000011
174.166 0.0733299999999999
174.485 0.0733299999999999
174.805 0.08666000000000018
175.124 0.06000000000000005
175.444 0.06333000000000011
175.764 0.07665999999999995
176.083 0.06333000000000011
176.403 0.0733299999999999
176.722 0.08333000000000013
177.044 0.08666000000000018
177.363 0.0733299999999999
177.683 0.08666000000000018
178.002 0.0733299999999999
178.322 0.0733299999999999
178.641 0.06666000000000016
178.961 0.08333000000000013
179.28 0.0733299999999999
179.6 0.06999999999999984
179.919 0.08000000000000007
180.239 0.040000000000000036
180.558 0.06666000000000016
180.877 0.08333000000000013
181.197 0.07665999999999995
181.516 0.08666000000000018
181.838 0.06999999999999984
182.157 0.06999999999999984
182.476 0.06999999999999984
182.796 0.05665999999999993
183.115 0.09332999999999991
183.434 0.05665999999999993
183.754 0.06000000000000005
184.073 0.08333000000000013
184.392 0.06000000000000005
184.712 0.08000000000000007
185.031 0.08666000000000018
185.35 0.09665999999999997
185.669 0.08000000000000007
185.989 0.04999999999999982
186.308 0.0733299999999999
186.627 0.08333000000000013
186.946 0.06666000000000016
187.265 0.08000000000000007
187.585 0.08666000000000018
187.904 0.06999999999999984
188.223 0.040000000000000036
188.542 0.07665999999999995
188.861 0.06333000000000011
189.18 0.08333000000000013
189.499 0.06333000000000011
189.818 0.07665999999999995
190.138 0.04999999999999982
190.457 0.05332999999999988
190.776 0.06000000000000005
191.095 0.06999999999999984
191.414 0.10333000000000014
191.733 0.06666000000000016
192.052 0.07665999999999995
192.371 0.06666000000000016
192.69 0.06999999999999984
193.009 0.0733299999999999
193.328 0.0733299999999999
193.647 0.08333000000000013
193.966 0.04999999999999982
194.285 0.06333000000000011
194.602 0.08333000000000013
194.92 0.06999999999999984
195.239 0.06999999999999984
195.558 0.0733299999999999
195.877 0.05332999999999988
196.196 0.040000000000000036
196.515 0.08333000000000013
196.834 0.06000000000000005
197.153 0.06000000000000005
197.471 0.06333000000000011
197.79 0.07665999999999995
198.109 0.06666000000000016
198.428 0.06999999999999984
198.747 0.06666000000000016
199.065 0.06999999999999984
199.382 0.08333000000000013
199.701 0.06333000000000011
200.02 0.0733299999999999
200.338 0.06000000000000005
200.657 0.08000000000000007
200.976 0.08666000000000018
201.295 0.0733299999999999
201.613 0.04333000000000009
201.932 0.04333000000000009
202.251 0.06000000000000005
202.567 0.0733299999999999
202.886 0.07665999999999995
203.204 0.06999999999999984
203.523 0.08333000000000013
203.842 0.0733299999999999
204.16 0.08000000000000007
204.479 0.046660000000000146
204.797 0.08999999999999986
205.114 0.08000000000000007
205.433 0.05665999999999993
205.751 0.0733299999999999
206.07 0.06999999999999984
206.388 0.09332999999999991
206.707 0.07665999999999995
207.025 0.04333000000000009
207.342 0.09332999999999991
207.66 0.04999999999999982
207.979 0.08333000000000013
208.297 0.06999999999999984
208.615 0.10333000000000014
208.934 0.06333000000000011
209.25 0.06999999999999984
209.569 0.046660000000000146
209.887 0.06333000000000011
210.205 0.0733299999999999
210.524 0.08000000000000007
210.842 0.08999999999999986
211.158 0.06333000000000011
211.477 0.09332999999999991
211.795 0.06666000000000016
212.113 0.10333000000000014
212.432 0.08000000000000007
212.75 0.06333000000000011
213.066 0.08999999999999986
213.385 0.08333000000000013
213.703 0.08999999999999986
214.021 0.06333000000000011
214.339 0.0733299999999999
214.656 0.07665999999999995
214.974 0.06999999999999984
215.292 0.06999999999999984
215.61 0.0733299999999999
215.926 0.05332999999999988
216.245 0.07665999999999995
216.563 0.08333000000000013
216.881 0.08000000000000007
217.199 0.08999999999999986
217.515 0.08000000000000007
217.833 0.08999999999999986
218.151 0.06666000000000016
218.469 0.06999999999999984
218.785 0.09332999999999991
219.104 0.05665999999999993
219.422 0.08000000000000007
219.74 0.08333000000000013
220.056 0.08666000000000018
220.374 0.07665999999999995
220.692 0.08666000000000018
221.01 0.11332999999999993
221.326 0.08666000000000018
221.644 0.08999999999999986
221.962 0.07665999999999995
222.28 0.07665999999999995
222.596 0.08000000000000007
222.914 0.08666000000000018
223.232 0.0733299999999999
223.547 0.09665999999999997
223.865 0.10000000000000009
224.183 0.08000000000000007
224.501 0.09332999999999991
224.817 0.08666000000000018
225.135 0.08999999999999986
225.453 0.10000000000000009
225.768 0.08666000000000018
226.086 0.10000000000000009
226.404 0.10333000000000014
226.722 0.11332999999999993
227.038 0.1066600000000002
227.355 0.09332999999999991
227.673 0.09665999999999997
227.989 0.08999999999999986
228.307 0.09665999999999997
228.625 0.06999999999999984
228.94 0.08666000000000018
229.258 0.09332999999999991
229.576 0.09665999999999997
229.891 0.10333000000000014
230.209 0.08666000000000018
230.527 0.08666000000000018
230.842 0.10999999999999988
231.16 0.09665999999999997
231.478 0.08999999999999986
231.793 0.0733299999999999
232.111 0.06666000000000016
232.428 0.10000000000000009
232.744 0.08666000000000018
233.062 0.08333000000000013
233.379 0.09332999999999991
233.695 0.09665999999999997
234.012 0.05332999999999988
234.33 0.09332999999999991
234.645 0.08999999999999986
234.963 0.06666000000000016
235.278 0.08999999999999986
235.596 0.06000000000000005
235.913 0.06666000000000016
236.229 0.08666000000000018
236.546 0.06999999999999984
236.864 0.06000000000000005
237.179 0.08999999999999986
237.497 0.05665999999999993
237.812 0.0733299999999999
238.129 0.1066600000000002
238.447 0.04333000000000009
238.762 0.06666000000000016
239.08 0.08000000000000007
239.395 0.08666000000000018
239.712 0.09332999999999991
240.03 0.06333000000000011
240.345 0.08999999999999986
240.662 0.05332999999999988
240.978 0.08333000000000013
241.295 0.06666000000000016
241.61 0.06666000000000016
241.927 0.08000000000000007
242.245 0.09665999999999997
242.56 0.08000000000000007
242.877 0.08333000000000013
243.192 0.1200000000000001
243.51 0.08333000000000013
243.825 0.0733299999999999
244.142 0.08666000000000018
244.459 0.07665999999999995
244.774 0.08666000000000018
245.092 0.10000000000000009
245.407 0.046660000000000146
245.724 0.10000000000000009
246.039 0.07665999999999995
246.356 0.06999999999999984
246.671 0.07665999999999995
246.988 0.08999999999999986
247.303 0.07665999999999995
247.62 0.06000000000000005
247.938 0.08000000000000007
248.253 0.07665999999999995
248.57 0.09332999999999991
248.885 0.08333000000000013
249.202 0.05665999999999993
249.517 0.07665999999999995
249.834 0.05332999999999988
250.149 0.09332999999999991
250.466 0.06000000000000005
250.781 0.09665999999999997
251.098 0.05665999999999993
251.412 0.08333000000000013
251.729 0.08000000000000007
252.044 0.06333000000000011
252.361 0.08333000000000013
252.676 0.06999999999999984
252.993 0.10000000000000009
253.308 0.08999999999999986
253.625 0.09332999999999991
253.94 0.06000000000000005
254.256 0.04999999999999982
254.571 0.08999999999999986
254.888 0.06333000000000011
255.203 0.08333000000000013
255.518 0.09665999999999997
255.834 0.046660000000000146
256.149 0.05332999999999988
256.466 0.08000000000000007
256.781 0.06999999999999984
257.097 0.06000000000000005
257.412 0.10000000000000009
257.729 0.08000000000000007
258.044 0.05332999999999988
258.36 0.08000000000000007
258.675 0.06333000000000011
258.99 0.06666000000000016
259.306 0.06333000000000011
259.621 0.08999999999999986
259.938 0.09332999999999991
260.252 0.06000000000000005
260.569 0.05665999999999993
260.883 0.09665999999999997
261.198 0.08666000000000018
261.515 0.06666000000000016
261.829 0.06333000000000011
262.146 0.06999999999999984
262.46 0.06666000000000016
262.775 0.06333000000000011
263.091 0.05665999999999993
263.406 0.08666000000000018
263.723 0.08333000000000013
264.037 0.06666000000000016
264.354 0.0733299999999999
264.668 0.08000000000000007
264.982 0.06666000000000016
265.299 0.08333000000000013
265.613 0.06000000000000005
265.928 0.08999999999999986
266.244 0.06000000000000005
266.559 0.10000000000000009
266.875 0.0733299999999999
267.189 0.08000000000000007
267.504 0.10000000000000009
267.82 0.06333000000000011
268.134 0.10333000000000014
268.449 0.0733299999999999
268.765 0.09332999999999991
269.079 0.07665999999999995
269.394 0.06999999999999984
269.71 0.08666000000000018
270.024 0.09332999999999991
270.341 0.08666000000000018
270.655 0.06666000000000016
270.969 0.0733299999999999
271.286 0.10333000000000014
271.6 0.08666000000000018
271.914 0.0733299999999999
272.23 0.08999999999999986
272.544 0.06999999999999984
272.859 0.08333000000000013
273.175 0.06000000000000005
273.489 0.08666000000000018
273.803 0.12333000000000016
274.119 0.1066600000000002
274.433 0.09332999999999991
274.747 0.1066600000000002
275.062 0.10000000000000009
275.378 0.07665999999999995
275.692 0.07665999999999995
276.006 0.09665999999999997
276.322 0.09332999999999991
276.636 0.06333000000000011
276.95 0.0733299999999999
277.266 0.06666000000000016
277.58 0.06333000000000011
277.894 0.08333000000000013
278.208 0.06666000000000016
278.524 0.08333000000000013
278.838 0.05332999999999988
279.152 0.08999999999999986
279.468 0.08666000000000018
279.782 0.08000000000000007
280.096 0.06666000000000016
280.41 0.08666000000000018
280.726 0.08333000000000013
281.04 0.0733299999999999
281.354 0.08000000000000007
281.668 0.0733299999999999
281.983 0.0733299999999999
282.297 0.0733299999999999
282.611 0.08333000000000013
282.925 0.06666000000000016
283.241 0.0733299999999999
283.555 0.06000000000000005
283.868 0.11332999999999993
284.182 0.06000000000000005
284.498 0.08333000000000013
284.812 0.06999999999999984
285.126 0.06999999999999984
285.439 0.0733299999999999
285.753 0.08999999999999986
286.069 0.09665999999999997
286.383 0.09665999999999997
286.696 0.06000000000000005
287.01 0.08666000000000018
287.326 0.08333000000000013
287.639 0.10333000000000014
287.953 0.0733299999999999
288.267 0.08333000000000013
288.58 0.0733299999999999
288.896 0.08000000000000007
289.21 0.06666000000000016
289.523 0.07665999999999995
289.837 0.10333000000000014
290.15 0.10000000000000009
290.466 0.06999999999999984
290.78 0.06999999999999984
291.093 0.08333000000000013
291.407 0.1066600000000002
291.72 0.08999999999999986
292.034 0.08000000000000007
292.349 0.0733299999999999
292.663 0.06999999999999984
292.976 0.06000000000000005
293.29 0.08000000000000007
293.603 0.06333000000000011
293.917 0.08000000000000007
294.232 0.08000000000000007
294.546 0.09665999999999997
294.859 0.07665999999999995
295.172 0.08666000000000018
295.486 0.06999999999999984
295.799 0.07665999999999995
296.113 0.08000000000000007
296.428 0.08666000000000018
296.741 0.06666000000000016
297.055 0.0733299999999999
297.368 0.09665999999999997
297.681 0.06999999999999984
297.995 0.06666000000000016
298.308 0.09332999999999991
298.621 0.09332999999999991
298.937 0.06000000000000005
299.25 0.06666000000000016
299.563 0.06333000000000011
299.876 0.08666000000000018
300.19 0.08666000000000018
300.503 0.06999999999999984
300.816 0.08333000000000013
301.129 0.07665999999999995
301.442 0.09665999999999997
301.756 0.05665999999999993
302.071 0.08999999999999986
302.384 0.08666000000000018
302.697 0.08000000000000007
303.01 0.07665999999999995
303.323 0.0733299999999999
303.637 0.08666000000000018
303.95 0.08000000000000007
304.263 0.08666000000000018
304.576 0.08000000000000007
304.889 0.09665999999999997
305.202 0.08999999999999986
305.515 0.10000000000000009
305.828 0.08999999999999986
306.141 0.08999999999999986
306.456 0.09332999999999991
306.769 0.08000000000000007
307.082 0.09665999999999997
307.395 0.08333000000000013
307.708 0.06999999999999984
308.021 0.07665999999999995
308.334 0.08999999999999986
308.647 0.07665999999999995
308.96 0.09665999999999997
309.273 0.08000000000000007
309.586 0.09665999999999997
309.899 0.09665999999999997
310.212 0.08666000000000018
310.525 0.1066600000000002
310.838 0.08333000000000013
311.15 0.09665999999999997
311.463 0.10000000000000009
311.776 0.0733299999999999
312.089 0.10000000000000009
312.402 0.10333000000000014
312.715 0.11665999999999999
313.027 0.08999999999999986
313.34 0.11665999999999999
313.653 0.08000000000000007
313.966 0.12666000000000022
314.278 0.10333000000000014
314.591 0.11332999999999993
314.904 0.11665999999999999
315.217 0.10000000000000009
315.529 0.1200000000000001
315.842 0.1066600000000002
316.155 0.10999999999999988
316.467 0.13666
316.78 0.11665999999999999
317.093 0.10000000000000009
317.405 0.10000000000000009
317.718 0.10000000000000009
318.031 0.11332999999999993
318.343 0.13332999999999995
318.656 0.12333000000000016
318.969 0.14000000000000012
319.281 0.07665999999999995
319.592 0.1299999999999999
319.904 0.1066600000000002
320.217 0.1200000000000001
320.529 0.10000000000000009
320.842 0.08000000000000007
321.154 0.12333000000000016
321.467 0.10999999999999988
321.779 0.13666
322.092 0.09332999999999991
322.404 0.1200000000000001
322.717 0.1200000000000001
323.029 0.07665999999999995
323.342 0.11332999999999993
323.654 0.14000000000000012
323.965 0.08999999999999986
324.277 0.1066600000000002
324.589 0.12333000000000016
324.902 0.1200000000000001
325.214 0.10999999999999988
325.527 0.10333000000000014
325.839 0.10333000000000014
326.151 0.10999999999999988
326.464 0.1200000000000001
326.776 0.10333000000000014
327.086 0.11332999999999993
327.399 0.09665999999999997
327.711 0.10333000000000014
328.023 0.11332999999999993
328.335 0.08666000000000018
328.648 0.08999999999999986
328.96 0.10333000000000014
329.27 0.10333000000000014
329.582 0.13666
329.895 0.12333000000000016
330.207 0.11332999999999993
330.519 0.10333000000000014
330.831 0.10333000000000014
331.143 0.11665999999999999
331.454 0.08999999999999986
331.766 0.1066600000000002
332.078 0.08666000000000018
332.39 0.11332999999999993
332.702 0.1299999999999999
333.014 0.10000000000000009
333.326 0.11665999999999999
333.636 0.12666000000000022
333.948 0.11665999999999999
334.261 0.1499999999999999
334.573 0.11332999999999993
334.885 0.13332999999999995
335.195 0.12666000000000022
335.507 0.12666000000000022
335.819 0.13666
336.131 0.1299999999999999
336.443 0.10333000000000014
336.753 0.10999999999999988
337.065 0.09332999999999991
337.377 0.1200000000000001
337.689 0.12666000000000022
338.001 0.1200000000000001
338.31 0.1299999999999999
338.622 0.10999999999999988
338.934 0.1200000000000001
339.246 0.12333000000000016
339.558 0.14000000000000012
339.868 0.12666000000000022
340.18 0.12666000000000022
340.492 0.09332999999999991
340.804 0.10000000000000009
341.113 0.11332999999999993
341.425 0.10999999999999988
341.737 0.10999999999999988
342.049 0.14666000000000023
342.361 0.09332999999999991
342.67 0.1499999999999999
342.982 0.09332999999999991
343.294 0.13666
343.606 0.10999999999999988
343.915 0.10999999999999988
344.227 0.1200000000000001
344.539 0.13332999999999995
344.849 0.11332999999999993
345.16 0.13332999999999995
345.472 0.1066600000000002
345.784 0.09332999999999991
346.093 0.14333000000000018
346.405 0.10000000000000009
346.717 0.13666
347.028 0.10999999999999988
347.338 0.10999999999999988
347.649 0.11332999999999993
347.961 0.09665999999999997
348.271 0.11332999999999993
348.582 0.11332999999999993
348.894 0.11332999999999993
349.205 0.10000000000000009
349.515 0.13666
349.826 0.13332999999999995
350.138 0.10999999999999988
350.447 0.09665999999999997
350.759 0.10333000000000014
351.07 0.09332999999999991
351.38 0.1299999999999999
351.691 0.11665999999999999
352.003 0.13332999999999995
352.312 0.1299999999999999
352.624 0.12666000000000022
352.935 0.12333000000000016
353.245 0.08666000000000018
353.556 0.08999999999999986
353.867 0.10999999999999988
354.177 0.16000000000000014
354.488 0.13666
354.799 0.11332999999999993
355.109 0.10333000000000014
355.42 0.12666000000000022
355.732 0.10333000000000014
356.041 0.1200000000000001
356.352 0.11665999999999999
356.663 0.0733299999999999
356.973 0.13332999999999995
357.284 0.1066600000000002
357.593 0.10000000000000009
357.905 0.10000000000000009
358.216 0.13332999999999995
358.525 0.11332999999999993
358.836 0.1299999999999999
359.147 0.11665999999999999
359.457 0.11665999999999999
359.768 0.12333000000000016
360.077 0.10999999999999988
360.388 0.13666
360.699 0.10999999999999988
361.008 0.12666000000000022
361.32 0.1066600000000002
361.629 0.1200000000000001
361.94 0.1299999999999999
362.251 0.10999999999999988
362.56 0.11665999999999999
362.871 0.08999999999999986
363.18 0.10000000000000009
363.491 0.11665999999999999
363.8 0.12333000000000016
364.111 0.14333000000000018
364.422 0.1299999999999999
364.731 0.12666000000000022
365.042 0.14000000000000012
365.351 0.11332999999999993
365.662 0.10999999999999988
365.971 0.09332999999999991
366.282 0.11332999999999993
366.593 0.12666000000000022
366.902 0.11332999999999993
367.213 0.1066600000000002
367.522 0.1066600000000002
367.833 0.1200000000000001
368.142 0.11332999999999993
368.453 0.0733299999999999
368.762 0.10000000000000009
369.073 0.1299999999999999
369.381 0.12333000000000016
369.692 0.10333000000000014
370.001 0.11665999999999999
370.312 0.13332999999999995
370.623 0.14000000000000012
370.932 0.13666
371.242 0.14333000000000018
371.551 0.1299999999999999
371.862 0.1200000000000001
372.171 0.11332999999999993
372.482 0.14000000000000012
372.79 0.12333000000000016
373.101 0.13666
373.41 0.10000000000000009
373.721 0.12333000000000016
374.029 0.11665999999999999
374.34 0.10999999999999988
374.649 0.13666
374.959 0.14333000000000018
375.268 0.12333000000000016
375.577 0.13666
375.887 0.15332999999999997
376.196 0.08999999999999986
376.506 0.13332999999999995
376.815 0.14000000000000012
377.126 0.14000000000000012
377.434 0.12666000000000022
377.745 0.11665999999999999
378.053 0.12666000000000022
378.364 0.1200000000000001
378.672 0.10999999999999988
378.983 0.12666000000000022
379.292 0.12333000000000016
379.6 0.11332999999999993
379.911 0.12666000000000022
380.219 0.1299999999999999
380.53 0.14333000000000018
380.838 0.12666000000000022
381.148 0.14000000000000012
381.457 0.13666
381.767 0.1299999999999999
382.076 0.14000000000000012
382.384 0.12333000000000016
382.695 0.14333000000000018
383.003 0.1499999999999999
383.313 0.1666599999999998
383.622 0.11332999999999993
383.93 0.1633300000000002
384.24 0.14666000000000023
384.549 0.12666000000000022
384.859 0.1299999999999999
385.167 0.14000000000000012
385.476 0.12333000000000016
385.786 0.13666
386.094 0.12666000000000022
386.405 0.13666
386.713 0.1066600000000002
387.021 0.1633300000000002
387.331 0.15332999999999997
387.64 0.1299999999999999
387.948 0.1200000000000001
388.258 0.14666000000000023
388.566 0.17332999999999998
388.877 0.13666
389.185 0.09332999999999991
389.493 0.17666000000000004
389.803 0.14666000000000023
390.111 0.16000000000000014
390.419 0.1499999999999999
390.729 0.13666
391.038 0.13666
391.346 0.18665999999999983
391.656 0.13332999999999995
391.964 0.14000000000000012
392.272 0.1666599999999998
392.582 0.1499999999999999
392.89 0.14000000000000012
393.198 0.11665999999999999
393.508 0.17666000000000004
393.816 0.1499999999999999
394.124 0.16999999999999993
394.434 0.1633300000000002
394.742 0.17666000000000004
395.05 0.14666000000000023
395.36 0.17332999999999998
395.668 0.18333000000000022
395.976 0.13666
396.286 0.17666000000000004
396.594 0.20665999999999984
396.902 0.14000000000000012
397.21 0.20000000000000018
397.52 0.16999999999999993
397.828 0.18665999999999983
398.135 0.15332999999999997
398.445 0.1666599999999998
398.753 0.18665999999999983
399.061 0.1633300000000002
399.369 0.18665999999999983
399.679 0.18000000000000016
399.987 0.16000000000000014
400.294 0.18665999999999983
400.604 0.19666000000000006
400.912 0.1666599999999998
401.22 0.18333000000000022
401.527 0.23333000000000004
401.837 0.20333000000000023
402.145 0.21333000000000002
402.453 0.19333
402.76 0.21333000000000002
403.07 0.18999999999999995
403.378 0.20333000000000023
403.686 0.19333
403.993 0.20333000000000023
404.303 0.2200000000000002
404.611 0.2400000000000002
404.918 0.21333000000000002
405.226 0.20665999999999984
405.533 0.21666000000000007
405.843 0.24332999999999982
406.151 0.2666599999999999
406.458 0.24665999999999988
406.766 0.26332999999999984
407.076 0.2400000000000002
407.383 0.2799999999999998
407.691 0.27666000000000013
407.998 0.26000000000000023
408.306 0.25
408.615 0.2366600000000001
408.923 0.27
409.23 0.29000000000000004
409.538 0.2999999999999998
409.845 0.25333000000000006
410.153 0.31000000000000005
410.462 0.26332999999999984
410.77 0.31000000000000005
411.077 0.3333300000000001
411.384 0.2866599999999999
411.692 0.33000000000000007
412.001 0.33000000000000007
412.309 0.33999999999999986
412.616 0.3033299999999999
412.923 0.3133300000000001
413.231 0.3366600000000002
413.538 0.30665999999999993
413.845 0.3600000000000003
414.155 0.33000000000000007
414.462 0.3366600000000002
414.769 0.3633300000000004
415.077 0.36666000000000043
415.384 0.3633300000000004
415.691 0.41000000000000014
415.999 0.40000000000000036
416.308 0.37333000000000016
416.615 0.34665999999999997
416.922 0.4066599999999996
417.23 0.42333
417.537 0.3799999999999999
417.844 0.42666000000000004
418.151 0.3899999999999997
418.458 0.42333
418.768 0.4066599999999996
419.075 0.3766600000000002
419.382 0.38666
419.689 0.40000000000000036
419.996 0.3766600000000002
420.303 0.3966599999999998
420.61 0.3966599999999998
420.918 0.3966599999999998
421.225 0.41666000000000025
421.532 0.3766600000000002
421.841 0.3799999999999999
422.148 0.3433299999999999
422.455 0.40000000000000036
422.762 0.42333
423.069 0.3799999999999999
423.376 0.34665999999999997
423.683 0.40000000000000036
423.99 0.34665999999999997
424.297 0.31000000000000005
424.604 0.31000000000000005
424.911 0.33000000000000007
425.218 0.32665999999999995
425.525 0.3433299999999999
425.832 0.34665999999999997
426.139 0.3033299999999999
426.446 0.32665999999999995
426.753 0.2866599999999999
427.061 0.31999999999999984
427.368 0.31666000000000016
427.675 0.2933300000000001
427.982 0.29666000000000015
428.289 0.29666000000000015
428.596 0.28332999999999986
428.903 0.2866599999999999
429.209 0.2666599999999999
429.516 0.26000000000000023
429.823 0.3133300000000001
430.13 0.25
430.437 0.26332999999999984
430.743 0.2733300000000001
431.05 0.2566600000000001
431.357 0.2999999999999998
431.664 0.27666000000000013
431.97 0.2566600000000001
432.277 0.26332999999999984
432.584 0.24332999999999982
432.891 0.2233299999999998
433.197 0.25
433.504 0.20999999999999996
433.811 0.21333000000000002
434.117 0.22665999999999986
434.424 0.20999999999999996
434.731 0.20333000000000023
435.037 0.2200000000000002
435.344 0.25
435.65 0.20999999999999996
435.957 0.22999999999999998
436.262 0.2233299999999998
436.568 0.19666000000000006
436.875 0.20999999999999996
437.181 0.20333000000000023
437.488 0.22999999999999998
437.794 0.23333000000000004
438.101 0.21666000000000007
438.407 0.20333000000000023
438.714 0.21333000000000002
439.02 0.2366600000000001
439.327 0.2200000000000002
439.633 0.20333000000000023
439.94 0.19333
440.246 0.19666000000000006
440.553 0.20999999999999996
440.859 0.20665999999999984
441.163 0.18000000000000016
441.47 0.2366600000000001
441.776 0.20333000000000023
442.083 0.20999999999999996
442.389 0.19666000000000006
442.695 0.22999999999999998
443.002 0.17666000000000004
443.308 0.20000000000000018
443.614 0.22665999999999986
443.921 0.16000000000000014
444.225 0.16999999999999993
444.531 0.1633300000000002
444.838 0.20000000000000018
445.144 0.18333000000000022
445.45 0.18999999999999995
445.757 0.19333
446.063 0.1499999999999999
446.369 0.17666000000000004
446.675 0.1666599999999998
446.979 0.16999999999999993
447.286 0.16999999999999993
447.592 0.14666000000000023
447.898 0.16999999999999993
448.204 0.16000000000000014
448.51 0.12666000000000022
448.817 0.20000000000000018
449.121 0.17666000000000004
449.427 0.15332999999999997
449.733 0.13332999999999995
450.039 0.13666
450.345 0.15332999999999997
450.651 0.1299999999999999
450.955 0.15666000000000002
451.261 0.14333000000000018
451.568 0.15666000000000002
451.874 0.16000000000000014
452.18 0.15332999999999997
452.486 0.12333000000000016
452.79 0.1499999999999999
453.096 0.14666000000000023
453.402 0.1499999999999999
453.708 0.14666000000000023
454.014 0.1200000000000001
454.318 0.1499999999999999
454.624 0.1633300000000002
454.93 0.15332999999999997
455.236 0.18000000000000016
455.541 0.10999999999999988
455.845 0.14666000000000023
456.151 0.12333000000000016
456.457 0.15332999999999997
456.763 0.13332999999999995
457.067 0.14666000000000023
457.373 0.14000000000000012
457.679 0.1299999999999999
457.985 0.10333000000000014
458.29 0.1299999999999999
458.594 0.16999999999999993
458.9 0.14000000000000012
459.206 0.1633300000000002
459.512 0.17332999999999998
459.815 0.1499999999999999
460.121 0.14666000000000023
460.427 0.15666000000000002
460.733 0.1666599999999998
461.036 0.1666599999999998
461.342 0.1499999999999999
461.648 0.14000000000000012
461.954 0.15332999999999997
462.257 0.1299999999999999
462.563 0.14333000000000018
462.869 0.14000000000000012
463.172 0.13666
463.478 0.13666
463.784 0.1299999999999999
464.089 0.16000000000000014
464.393 0.13666
464.699 0.1299999999999999
465.004 0.14666000000000023
465.308 0.17332999999999998
465.613 0.1633300000000002
465.919 0.16999999999999993
466.225 0.14333000000000018
466.528 0.17332999999999998
466.834 0.15666000000000002
467.139 0.14000000000000012
467.443 0.17666000000000004
467.748 0.15332999999999997
468.054 0.1499999999999999
468.357 0.17666000000000004
468.663 0.18000000000000016
468.968 0.18333000000000022
469.272 0.18333000000000022
469.577 0.13332999999999995
469.883 0.18665999999999983
470.186 0.1633300000000002
470.492 0.18665999999999983
470.797 0.16000000000000014
471.1 0.22999999999999998
471.406 0.2233299999999998
471.711 0.3233299999999999
472.014 0.3633300000000004
472.32 0.3700000000000001
472.625 0.41666000000000025
472.929 0.3233299999999999
473.234 0.41666000000000025
473.539 0.4400000000000004
473.843 0.4033300000000004
474.148 0.34999999999999964
474.451 0.42666000000000004
474.756 0.41666000000000025
475.062 0.42333
475.365 0.3633300000000004
475.67 0.4133300000000002
475.973 0.3766600000000002
476.279 0.3533299999999997
476.584 0.2999999999999998
476.887 0.25
477.192 0.20000000000000018
477.498 0.16999999999999993
477.801 0.18000000000000016
478.106 0.18000000000000016
478.409 0.15332999999999997
478.714 0.19666000000000006
479.017 0.1666599999999998
479.322 0.18665999999999983
479.628 0.18333000000000022
479.931 0.17666000000000004
480.236 0.18999999999999995
480.539 0.17666000000000004
480.844 0.18665999999999983
481.147 0.17332999999999998
481.452 0.16000000000000014
481.757 0.11665999999999999
482.06 0.14666000000000023
482.365 0.15332999999999997
482.668 0.14333000000000018
482.973 0.17666000000000004
483.276 0.14000000000000012
483.581 0.1666599999999998
483.884 0.14666000000000023
484.189 0.13332999999999995
484.494 0.12666000000000022
484.797 0.12333000000000016
485.102 0.14000000000000012
485.405 0.13332999999999995
485.71 0.1299999999999999
486.013 0.12666000000000022
486.318 0.14666000000000023
486.621 0.14666000000000023
486.925 0.1299999999999999
487.228 0.11332999999999993
487.533 0.1499999999999999
487.836 0.1299999999999999
488.141 0.1499999999999999
488.444 0.1200000000000001
488.748 0.14000000000000012
489.051 0.13666
489.356 0.1299999999999999
489.659 0.12666000000000022
489.964 0.11665999999999999
490.266 0.1499999999999999
490.571 0.1299999999999999
490.874 0.10999999999999988
491.179 0.11665999999999999
491.481 0.14333000000000018
491.786 0.14000000000000012
492.089 0.14000000000000012
492.393 0.15332999999999997
492.696 0.13666
493.001 0.11332999999999993
493.303 0.1299999999999999
493.606 0.10999999999999988
493.911 0.1066600000000002
494.213 0.10999999999999988
494.518 0.10999999999999988
494.821 0.11332999999999993
495.125 0.13332999999999995
495.428 0.1200000000000001
495.732 0.10999999999999988
496.035 0.11332999999999993
496.337 0.11665999999999999
496.642 0.10000000000000009
496.945 0.10999999999999988
497.249 0.1066600000000002
497.552 0.10999999999999988
497.856 0.11665999999999999
498.159 0.08666000000000018
498.461 0.10000000000000009
498.766 0.1200000000000001
499.068 0.10999999999999988
499.372 0.12666000000000022
499.675 0.08000000000000007
499.977 0.1200000000000001
500.282 0.08666000000000018
500.584 0.09665999999999997
500.889 0.14333000000000018
501.191 0.11332999999999993
501.493 0.1299999999999999
501.798 0.09665999999999997
502.1 0.12666000000000022
502.402 0.11332999999999993
502.707 0.1066600000000002
503.009 0.1200000000000001
503.314 0.06999999999999984
503.616 0.10000000000000009
503.918 0.11665999999999999
504.222 0.1066600000000002
504.525 0.10333000000000014
504.827 0.1066600000000002
505.131 0.08333000000000013
505.433 0.11665999999999999
505.736 0.09665999999999997
506.04 0.0733299999999999
506.342 0.1299999999999999
506.646 0.06999999999999984
506.949 0.09665999999999997
507.251 0.1066600000000002
507.555 0.10999999999999988
507.857 0.1066600000000002
508.159 0.08999999999999986
508.461 0.09665999999999997
508.766 0.11665999999999999
509.068 0.09665999999999997
509.37 0.1066600000000002
509.674 0.11332999999999993
509.976 0.1200000000000001
510.278 0.11332999999999993
510.582 0.11665999999999999
510.884 0.10333000000000014
511.186 0.09332999999999991
511.49 0.10999999999999988
511.792 0.10000000000000009
512.094 0.10999999999999988
512.396 0.11332999999999993
512.701 0.10333000000000014
513.003 0.1066600000000002
513.305 0.10000000000000009
513.609 0.13666
513.91 0.10999999999999988
514.212 0.1200000000000001
514.514 0.10333000000000014
514.818 0.08999999999999986
515.12 0.1200000000000001
515.422 0.08000000000000007
515.724 0.08000000000000007
516.028 0.08999999999999986
516.33 0.14000000000000012
516.632 0.14000000000000012
516.934 0.10000000000000009
517.237 0.1200000000000001
517.539 0.09332999999999991
517.841 0.10999999999999988
518.143 0.1200000000000001
518.447 0.10000000000000009
518.749 0.10000000000000009
519.05 0.12666000000000022
519.352 0.10000000000000009
519.656 0.10333000000000014
519.958 0.11332999999999993
520.26 0.10333000000000014
520.561 0.10999999999999988
520.863 0.1299999999999999
521.167 0.08999999999999986
521.468 0.1066600000000002
521.77 0.1066600000000002
522.072 0.10333000000000014
522.376 0.13666
522.677 0.14000000000000012
522.979 0.11665999999999999
523.281 0.12333000000000016
523.582 0.10000000000000009
523.884 0.13332999999999995
524.187 0.08666000000000018
524.489 0.12333000000000016
524.791 0.1200000000000001
525.092 0.10000000000000009
525.394 0.12333000000000016
525.697 0.11332999999999993
525.999 0.12333000000000016
526.301 0.12666000000000022
526.602 0.13666
526.904 0.10000000000000009
527.205 0.11665999999999999
527.507 0.10333000000000014
527.81 0.14000000000000012
528.112 0.1200000000000001
528.413 0.1200000000000001
528.715 0.12666000000000022
529.016 0.09665999999999997
529.318 0.13332999999999995
529.619 0.06666000000000016
529.922 0.11332999999999993
530.224 0.12333000000000016
530.525 0.1066600000000002
530.827 0.1200000000000001
531.128 0.1200000000000001
531.429 0.12333000000000016
531.731 0.11332999999999993
532.032 0.11665999999999999
532.336 0.12333000000000016
532.637 0.08666000000000018
532.938 0.1200000000000001
533.24 0.11665999999999999
533.541 0.13666
533.842 0.1299999999999999
534.143 0.16000000000000014
534.445 0.11332999999999993
534.746 0.14333000000000018
535.047 0.14666000000000023
535.351 0.1499999999999999
535.652 0.1200000000000001
535.953 0.14333000000000018
536.254 0.14333000000000018
536.555 0.16999999999999993
536.857 0.17332999999999998
537.158 0.12666000000000022
537.459 0.1633300000000002
537.76 0.1499999999999999
538.061 0.1666599999999998
538.362 0.16999999999999993
538.664 0.16000000000000014
538.965 0.14000000000000012
539.266 0.1499999999999999
539.567 0.17332999999999998
539.868 0.14666000000000023
540.169 0.15666000000000002
540.472 0.15666000000000002
540.773 0.16999999999999993
541.074 0.15332999999999997
541.375 0.13666
541.677 0.17666000000000004
541.978 0.1633300000000002
542.279 0.1666599999999998
542.58 0.1666599999999998
542.881 0.17332999999999998
543.182 0.17666000000000004
543.483 0.1633300000000002
543.784 0.19666000000000006
544.085 0.18000000000000016
544.385 0.20333000000000023
544.686 0.15666000000000002
544.987 0.17666000000000004
545.288 0.17666000000000004
545.589 0.20000000000000018
545.89 0.16999999999999993
546.191 0.13332999999999995
546.492 0.17666000000000004
546.793 0.16000000000000014
547.094 0.16000000000000014
547.394 0.12333000000000016
547.695 0.17332999999999998
547.996 0.15332999999999997
548.297 0.16000000000000014
548.596 0.13332999999999995
548.897 0.1499999999999999
549.197 0.12333000000000016
549.498 0.1666599999999998
549.799 0.16000000000000014
550.1 0.12666000000000022
550.4 0.1633300000000002
550.701 0.12666000000000022
551.002 0.1066600000000002
551.303 0.13666
551.603 0.14000000000000012
551.904 0.10000000000000009
552.205 0.14000000000000012
552.505 0.10999999999999988
552.806 0.12333000000000016
553.107 0.12333000000000016
553.407 0.11332999999999993
553.706 0.10999999999999988
554.007 0.10999999999999988
554.307 0.14000000000000012
554.608 0.1200000000000001
554.909 0.10999999999999988
555.209 0.11332999999999993
555.51 0.10999999999999988
555.81 0.12333000000000016
556.111 0.1200000000000001
556.411 0.09665999999999997
556.71 0.12333000000000016
557.01 0.1200000000000001
557.311 0.1200000000000001
557.612 0.10333000000000014
557.912 0.11332999999999993
558.213 0.11665999999999999
558.513 0.10000000000000009
558.813 0.10999999999999988
559.112 0.10000000000000009
559.412 0.12666000000000022
559.713 0.10333000000000014
560.013 0.11665999999999999
560.314 0.11332999999999993
560.614 0.10999999999999988
560.914 0.08999999999999986
561.213 0.1200000000000001
561.513 0.10000000000000009
561.814 0.09332999999999991
562.114 0.12333000000000016
562.414 0.08999999999999986
562.715 0.08333000000000013
563.015 0.12333000000000016
563.313 0.06666000000000016
563.614 0.10333000000000014
563.914 0.09665999999999997
564.214 0.1200000000000001
564.515 0.08000000000000007
564.813 0.1066600000000002
565.113 0.09665999999999997
565.413 0.1200000000000001
565.714 0.07665999999999995
566.014 0.1200000000000001
566.312 0.1200000000000001
566.612 0.11332999999999993
566.912 0.10000000000000009
567.213 0.08000000000000007
567.513 0.1200000000000001
567.811 0.10000000000000009
568.111 0.10000000000000009
568.411 0.10000000000000009
568.712 0.09665999999999997
569.012 0.06666000000000016
569.31 0.10999999999999988
569.61 0.08666000000000018
569.91 0.07665999999999995
570.21 0.10999999999999988
570.508 0.08333000000000013
570.808 0.0733299999999999
571.108 0.10000000000000009
571.408 0.11332999999999993
571.706 0.09665999999999997
572.006 0.09332999999999991
572.306 0.10000000000000009
572.607 0.10999999999999988
572.904 0.10000000000000009
573.204 0.10000000000000009
573.505 0.11665999999999999
573.805 0.09665999999999997
574.102 0.10333000000000014
574.402 0.08999999999999986
574.702 0.07665999999999995
575.002 0.09665999999999997
575.3 0.10333000000000014
575.6 0.08999999999999986
575.9 0.08333000000000013
576.198 0.10333000000000014
576.498 0.09332999999999991
576.798 0.1066600000000002
577.098 0.08333000000000013
577.395 0.09665999999999997
577.695 0.08666000000000018
577.995 0.09332999999999991
578.293 0.08999999999999986
578.593 0.10333000000000014
578.893 0.08333000000000013
579.19 0.1066600000000002
579.49 0.1066600000000002
579.79 0.10000000000000009
580.088 0.09332999999999991
580.387 0.11665999999999999
580.687 0.1066600000000002
580.985 0.1066600000000002
581.285 0.08999999999999986
581.584 0.09665999999999997
581.882 0.07665999999999995
582.182 0.10000000000000009
582.482 0.08000000000000007
582.779 0.11665999999999999
583.079 0.06999999999999984
583.378 0.10333000000000014
583.676 0.06333000000000011
583.976 0.07665999999999995
584.275 0.1299999999999999
584.573 0.08999999999999986
584.873 0.09665999999999997
585.17 0.09665999999999997
585.47 0.10000000000000009
585.769 0.0733299999999999
586.067 0.10999999999999988
586.367 0.11332999999999993
586.666 0.08333000000000013
586.964 0.08666000000000018
587.263 0.08000000000000007
587.561 0.08333000000000013
587.86 0.1066600000000002
588.16 0.1066600000000002
588.457 0.11332999999999993
588.757 0.10999999999999988
589.054 0.08666000000000018
589.354 0.1066600000000002
589.653 0.08999999999999986
589.951 0.10000000000000009
590.25 0.09332999999999991
590.547 0.09665999999999997
590.847 0.11332999999999993
591.144 0.10999999999999988
591.444 0.10333000000000014
591.743 0.06999999999999984
592.04 0.10999999999999988
592.34 0.1066600000000002
592.637 0.10333000000000014
592.936 0.10000000000000009
593.234 0.10000000000000009
593.533 0.08333000000000013
593.832 0.10000000000000009
594.13 0.08666000000000018
594.429 0.11665999999999999
594.726 0.10333000000000014
595.026 0.10999999999999988
595.323 0.10333000000000014
595.622 0.10999999999999988
595.919 0.11665999999999999
596.219 0.14000000000000012
596.516 0.10000000000000009
596.815 0.14333000000000018
597.112 0.10333000000000014
597.411 0.12333000000000016
597.709 0.1066600000000002
598.008 0.1200000000000001
598.305 0.1066600000000002
598.604 0.14333000000000018
598.901 0.1299999999999999
599.2 0.1299999999999999
599.497 0.14333000000000018
599.797 0.1200000000000001
600.094 0.11332999999999993
600.393 0.13666
600.69 0.14333000000000018
600.989 0.14000000000000012
601.286 0.14000000000000012
601.585 0.12666000000000022
601.882 0.14000000000000012
602.181 0.13666
602.478 0.14000000000000012
602.777 0.12666000000000022
603.074 0.14333000000000018
603.373 0.14000000000000012
603.67 0.14000000000000012
603.969 0.13666
604.266 0.1299999999999999
604.563 0.14000000000000012
604.862 0.15332999999999997
605.159 0.15332999999999997
605.458 0.1299999999999999
605.755 0.14000000000000012
606.054 0.1299999999999999
606.351 0.18333000000000022
606.65 0.12666000000000022
606.946 0.10999999999999988
607.243 0.12333000000000016
607.542 0.11332999999999993
607.839 0.14000000000000012
608.138 0.09665999999999997
608.435 0.14000000000000012
608.732 0.11665999999999999
609.03 0.13332999999999995
609.327 0.14000000000000012
609.626 0.11665999999999999
609.923 0.1066600000000002
610.22 0.11332999999999993
610.518 0.1200000000000001
610.815 0.10000000000000009
611.114 0.1200000000000001
611.411 0.10333000000000014
611.707 0.12666000000000022
612.006 0.13332999999999995
612.303 0.09332999999999991
612.601 0.14666000000000023
612.898 0.09332999999999991
613.195 0.12666000000000022
613.493 0.09332999999999991
613.79 0.1299999999999999
614.087 0.10999999999999988
614.385 0.12333000000000016
614.682 0.09332999999999991
614.979 0.10999999999999988
615.277 0.10999999999999988
615.574 0.06666000000000016
615.87 0.11665999999999999
616.169 0.08999999999999986
616.466 0.1066600000000002
616.764 0.11332999999999993
617.061 0.12333000000000016
617.357 0.08000000000000007
617.656 0.12333000000000016
617.952 0.11665999999999999
618.249 0.10999999999999988
618.545 0.11665999999999999
618.844 0.10000000000000009
619.14 0.1066600000000002
619.437 0.1066600000000002
619.735 0.09332999999999991
620.032 0.07665999999999995
620.328 0.08333000000000013
620.626 0.08000000000000007
620.923 0.1200000000000001
621.219 0.10000000000000009
621.518 0.08666000000000018
621.814 0.09665999999999997
622.11 0.09332999999999991
622.407 0.10000000000000009
622.705 0.11332999999999993
623.002 0.10333000000000014
623.298 0.08999999999999986
623.594 0.08666000000000018
623.893 0.11665999999999999
624.189 0.09665999999999997
624.485 0.09332999999999991
624.784 0.10333000000000014
625.08 0.1066600000000002
625.376 0.12333000000000016
625.672 0.1066600000000002
625.971 0.1200000000000001
626.267 0.08999999999999986
626.563 0.06666000000000016
626.859 0.10999999999999988
627.158 0.08666000000000018
627.454 0.08999999999999986
627.75 0.08999999999999986
628.046 0.1200000000000001
628.342 0.12333000000000016
628.641 0.1200000000000001
628.937 0.06666000000000016
629.233 0.10333000000000014
629.529 0.14000000000000012
629.827 0.09332999999999991
630.123 0.09332999999999991
630.419 0.08666000000000018
630.715 0.10333000000000014
631.011 0.08000000000000007
631.31 0.11332999999999993
631.606 0.0733299999999999
631.902 0.1066600000000002
632.198 0.08666000000000018
632.494 0.1200000000000001
632.792 0.11332999999999993
633.088 0.10000000000000009
633.384 0.07665999999999995
633.68 0.10000000000000009
633.976 0.10333000000000014
634.272 0.07665999999999995
634.57 0.10999999999999988
634.866 0.09332999999999991
635.162 0.09332999999999991
635.458 0.10999999999999988
635.754 0.11665999999999999
636.05 0.09665999999999997
636.347 0.11665999999999999
636.643 0.11665999999999999
636.939 0.1200000000000001
637.235 0.11332999999999993
637.531 0.1066600000000002
637.827 0.1299999999999999
638.123 0.11665999999999999
638.421 0.13666
638.716 0.11332999999999993
639.012 0.10000000000000009
639.308 0.1299999999999999
639.604 0.08666000000000018
639.9 0.13332999999999995
640.195 0.12333000000000016
640.491 0.11665999999999999
640.789 0.12666000000000022
641.085 0.12666000000000022
641.381 0.11332999999999993
641.676 0.10999999999999988
641.972 0.13666
642.268 0.14666000000000023
642.563 0.12666000000000022
642.859 0.1499999999999999
643.155 0.11332999999999993
643.451 0.13332999999999995
643.746 0.10999999999999988
644.044 0.1299999999999999
644.34 0.10999999999999988
644.635 0.16000000000000014
644.931 0.16000000000000014
645.227 0.12666000000000022
645.522 0.14333000000000018
645.818 0.1633300000000002
646.113 0.13666
646.409 0.1666599999999998
646.704 0.1633300000000002
647.0 0.15666000000000002
647.296 0.19333
647.591 0.15332999999999997
647.887 0.14666000000000023
648.182 0.18000000000000016
648.478 0.18333000000000022
648.773 0.18665999999999983
649.069 0.1666599999999998
649.366 0.18333000000000022
649.662 0.18333000000000022
649.957 0.20000000000000018
650.253 0.1666599999999998
650.548 0.17666000000000004
650.844 0.18000000000000016
651.139 0.15666000000000002
651.434 0.1633300000000002
651.73 0.18000000000000016
652.025 0.17666000000000004
652.321 0.16000000000000014
652.616 0.18333000000000022
652.911 0.16999999999999993
653.207 0.13666
653.502 0.16000000000000014
653.797 0.14666000000000023
654.093 0.14333000000000018
654.388 0.14333000000000018
654.683 0.13332999999999995
654.979 0.17332999999999998
655.274 0.13332999999999995
655.567 0.1499999999999999
655.863 0.1633300000000002
656.158 0.15666000000000002
656.453 0.16999999999999993
656.748 0.18333000000000022
657.044 0.13666
657.339 0.15332999999999997
657.634 0.13666
657.929 0.14333000000000018
658.224 0.14333000000000018
658.52 0.10999999999999988
658.815 0.13666
659.11 0.13332999999999995
659.405 0.1499999999999999
659.7 0.1066600000000002
659.995 0.11332999999999993
660.291 0.13332999999999995
660.586 0.11332999999999993
660.879 0.10333000000000014
661.174 0.12333000000000016
661.469 0.08999999999999986
661.764 0.06999999999999984
662.059 0.14000000000000012
662.354 0.13332999999999995
662.649 0.1066600000000002
662.944 0.09665999999999997
663.239 0.10000000000000009
663.534 0.08333000000000013
663.83 0.10333000000000014
664.122 0.08999999999999986
664.417 0.09332999999999991
664.713 0.09665999999999997
665.008 0.06999999999999984
665.302 0.11665999999999999
665.597 0.1200000000000001
665.892 0.1200000000000001
666.187 0.1066600000000002
666.48 0.1066600000000002
666.775 0.08999999999999986
667.07 0.08999999999999986
667.365 0.1066600000000002
667.66 0.09665999999999997
667.955 0.09665999999999997
668.25 0.10333000000000014
668.542 0.1299999999999999
668.837 0.08666000000000018
669.132 0.10333000000000014
669.427 0.10999999999999988
669.722 0.10333000000000014
670.017 0.12333000000000016
670.31 0.08666000000000018
670.604 0.09665999999999997
670.899 0.11332999999999993
671.194 0.0733299999999999
671.489 0.1066600000000002
671.783 0.10000000000000009
672.076 0.08999999999999986
672.371 0.08333000000000013
672.666 0.10999999999999988
672.96 0.10000000000000009
673.255 0.10000000000000009
673.548 0.11665999999999999
673.842 0.09665999999999997
674.137 0.09332999999999991
674.432 0.08999999999999986
674.727 0.10999999999999988
675.019 0.11665999999999999
675.314 0.09332999999999991
675.608 0.08999999999999986
675.903 0.08999999999999986
676.196 0.09332999999999991
676.49 0.10000000000000009
676.785 0.09665999999999997
677.079 0.1066600000000002
677.374 0.09332999999999991
677.667 0.10000000000000009
677.961 0.1066600000000002
678.256 0.1200000000000001
678.55 0.10333000000000014
678.843 0.08999999999999986
679.137 0.07665999999999995
679.432 0.10999999999999988
679.726 0.08333000000000013
680.019 0.08000000000000007
680.313 0.09332999999999991
680.608 0.09332999999999991
680.902 0.10999999999999988
681.195 0.10333000000000014
681.489 0.08999999999999986
681.784 0.10000000000000009
682.076 0.10333000000000014
682.37 0.08999999999999986
682.665 0.1066600000000002
682.959 0.10000000000000009
683.252 0.08333000000000013
683.546 0.10999999999999988
683.84 0.1066600000000002
684.133 0.1066600000000002
684.427 0.06666000000000016
684.721 0.09665999999999997
685.014 0.08666000000000018
685.308 0.1200000000000001
685.602 0.09332999999999991
685.895 0.10000000000000009
686.189 0.08999999999999986
686.483 0.08999999999999986
686.778 0.08666000000000018
687.07 0.09665999999999997
687.364 0.08000000000000007
687.658 0.07665999999999995
687.951 0.10999999999999988
688.245 0.07665999999999995
688.537 0.08666000000000018
688.831 0.09332999999999991
689.125 0.10333000000000014
689.418 0.08000000000000007
689.712 0.10000000000000009
690.006 0.09332999999999991
690.298 0.05665999999999993
690.592 0.10333000000000014
690.886 0.06999999999999984
691.178 0.0733299999999999
691.473 0.08666000000000018
691.767 0.05332999999999988
692.059 0.08333000000000013
692.353 0.07665999999999995
692.645 0.08666000000000018
692.939 0.08333000000000013
693.233 0.06000000000000005
693.525 0.06999999999999984
693.819 0.0733299999999999
694.111 0.0733299999999999
694.405 0.11332999999999993
694.699 0.08000000000000007
694.991 0.09332999999999991
695.285 0.08666000000000018
695.577 0.04999999999999982
695.871 0.08000000000000007
696.165 0.09332999999999991
696.457 0.08999999999999986
696.751 0.06999999999999984
697.043 0.07665999999999995
697.337 0.10000000000000009
697.629 0.10333000000000014
697.923 0.08666000000000018
698.217 0.08333000000000013
698.509 0.08999999999999986
698.802 0.05332999999999988
699.094 0.08999999999999986
699.388 0.07665999999999995
699.68 0.08000000000000007
699.974 0.0733299999999999
700.266 0.08000000000000007
700.56 0.08333000000000013
700.853 0.08999999999999986
