# Created: 2019-11-28 14:55:13.598227
# rshift intensity
65.7335 0.1299999999999999
66.059 0.18333999999999984
66.3844 0.18999999999999995
66.7099 0.22333999999999987
67.0354 0.16999999999999993
67.3608 0.2533399999999997
67.6863 0.22666999999999993
68.0096 0.23333999999999966
68.335 0.23333999999999966
68.6604 0.2633399999999999
68.9858 0.23333999999999966
69.3112 0.21333999999999964
69.6366 0.19666999999999968
69.9619 0.19333999999999962
70.2851 0.19999999999999973
70.6105 0.16666999999999987
70.9358 0.16333999999999982
71.2611 0.15666999999999964
71.5864 0.1299999999999999
71.9117 0.13999999999999968
72.237 0.12666999999999984
72.5602 0.1433399999999998
72.8854 0.10333999999999977
73.2107 0.06666999999999978
73.5359 0.08999999999999986
73.8611 0.09666999999999959
74.1863 0.07333999999999996
74.5094 0.09666999999999959
74.8346 0.07667000000000002
75.1598 0.09333999999999998
75.485 0.06666999999999978
75.8101 0.06666999999999978
76.1331 0.06999999999999984
76.4583 0.06999999999999984
76.7834 0.10333999999999977
77.1085 0.05999999999999961
77.4336 0.06666999999999978
77.7587 0.05667
78.0816 0.08999999999999986
78.4067 0.08999999999999986
78.7318 0.06666999999999978
79.0568 0.07667000000000002
79.3797 0.06666999999999978
79.7048 0.08333999999999975
80.0298 0.08999999999999986
80.3548 0.05333999999999994
80.6798 0.0866699999999998
81.0026 0.08333999999999975
81.3276 0.0866699999999998
81.6525 0.04999999999999982
81.9775 0.05333999999999994
82.3003 0.08333999999999975
82.6252 0.06333999999999973
82.9501 0.11334
83.275 0.06666999999999978
83.5999 0.10666999999999982
83.9226 0.07333999999999996
84.2475 0.06666999999999978
84.5724 0.08333999999999975
84.8972 0.09333999999999998
85.2199 0.06999999999999984
85.5447 0.08999999999999986
85.8695 0.06999999999999984
86.1943 0.10666999999999982
86.517 0.06999999999999984
86.8418 0.08999999999999986
87.1665 0.09333999999999998
87.4892 0.05333999999999994
87.8139 0.05999999999999961
88.1386 0.06666999999999978
88.4633 0.06333999999999973
88.7859 0.08333999999999975
89.1106 0.07667000000000002
89.4353 0.05333999999999994
89.7579 0.06666999999999978
90.0825 0.08999999999999986
90.4072 0.06999999999999984
90.7318 0.0866699999999998
91.0543 0.07333999999999996
91.3789 0.06999999999999984
91.7035 0.07999999999999963
92.026 0.07667000000000002
92.3506 0.07333999999999996
92.6752 0.07667000000000002
92.9976 0.09666999999999959
93.3221 0.07333999999999996
93.6467 0.07999999999999963
93.9712 0.08999999999999986
94.2936 0.05667
94.6181 0.07667000000000002
94.9426 0.07333999999999996
95.2649 0.06999999999999984
95.5894 0.08333999999999975
95.9139 0.04666999999999977
96.2362 0.07667000000000002
96.5606 0.08333999999999975
96.8851 0.11666999999999961
97.2074 0.09666999999999959
97.5318 0.07667000000000002
97.8562 0.07999999999999963
98.1784 0.07999999999999963
98.5028 0.07333999999999996
98.825 0.08999999999999986
99.1494 0.08333999999999975
99.4737 0.06666999999999978
99.7959 0.09333999999999998
100.12 0.07667000000000002
100.445 0.10333999999999977
100.767 0.0866699999999998
101.091 0.07999999999999963
101.415 0.09999999999999964
101.737 0.10666999999999982
102.062 0.06666999999999978
102.384 0.06333999999999973
102.708 0.10333999999999977
103.032 0.06666999999999978
103.354 0.06333999999999973
103.678 0.08333999999999975
104.0 0.05667
104.325 0.08999999999999986
104.649 0.06333999999999973
104.971 0.06999999999999984
105.295 0.06999999999999984
105.617 0.07667000000000002
105.941 0.05999999999999961
106.265 0.08999999999999986
106.587 0.09333999999999998
106.911 0.08333999999999975
107.233 0.08999999999999986
107.557 0.07667000000000002
107.879 0.06666999999999978
108.203 0.06333999999999973
108.527 0.07333999999999996
108.849 0.07667000000000002
109.173 0.06333999999999973
109.495 0.0866699999999998
109.819 0.0866699999999998
110.141 0.05333999999999994
110.465 0.05999999999999961
110.789 0.05667
111.11 0.06666999999999978
111.434 0.05667
111.756 0.07667000000000002
112.08 0.07333999999999996
112.402 0.05999999999999961
112.726 0.07333999999999996
113.047 0.07333999999999996
113.371 0.06999999999999984
113.693 0.05667
114.017 0.06333999999999973
114.341 0.05999999999999961
114.662 0.04999999999999982
114.986 0.06999999999999984
115.308 0.04999999999999982
115.632 0.08333999999999975
115.953 0.10666999999999982
116.277 0.07667000000000002
116.599 0.07333999999999996
116.922 0.07999999999999963
117.244 0.07333999999999996
117.568 0.06999999999999984
117.889 0.06666999999999978
118.213 0.09666999999999959
118.534 0.07999999999999963
118.858 0.08333999999999975
119.18 0.0866699999999998
119.503 0.07333999999999996
119.825 0.06666999999999978
120.148 0.06999999999999984
120.47 0.0866699999999998
120.793 0.06333999999999973
121.115 0.07667000000000002
121.436 0.09666999999999959
121.76 0.09999999999999964
122.081 0.07667000000000002
122.405 0.07333999999999996
122.726 0.09999999999999964
123.05 0.07999999999999963
123.371 0.09999999999999964
123.695 0.08333999999999975
124.016 0.09333999999999998
124.34 0.07999999999999963
124.661 0.06666999999999978
124.984 0.07999999999999963
125.306 0.06999999999999984
125.627 0.06666999999999978
125.95 0.08333999999999975
126.272 0.04666999999999977
126.595 0.09666999999999959
126.916 0.07333999999999996
127.24 0.05333999999999994
127.561 0.04333999999999971
127.882 0.05999999999999961
128.206 0.05333999999999994
128.527 0.08333999999999975
128.85 0.10333999999999977
129.171 0.06666999999999978
129.495 0.06999999999999984
129.816 0.07667000000000002
130.137 0.06666999999999978
130.46 0.09999999999999964
130.781 0.05667
131.104 0.07333999999999996
131.426 0.10666999999999982
131.747 0.06666999999999978
132.07 0.06999999999999984
132.391 0.0866699999999998
132.712 0.08333999999999975
133.035 0.08333999999999975
133.356 0.04999999999999982
133.679 0.07333999999999996
134.0 0.07333999999999996
134.321 0.07999999999999963
134.645 0.05333999999999994
134.965 0.08999999999999986
135.286 0.07333999999999996
135.61 0.07999999999999963
135.931 0.07667000000000002
136.254 0.09999999999999964
136.575 0.08333999999999975
136.895 0.06333999999999973
137.218 0.05999999999999961
137.539 0.08333999999999975
137.86 0.07999999999999963
138.183 0.04999999999999982
138.504 0.07333999999999996
138.825 0.07999999999999963
139.148 0.06999999999999984
139.469 0.07333999999999996
139.79 0.08333999999999975
140.112 0.05667
140.433 0.06999999999999984
140.754 0.09999999999999964
141.077 0.07667000000000002
141.398 0.05999999999999961
141.718 0.0866699999999998
142.041 0.08999999999999986
142.362 0.05333999999999994
142.683 0.06333999999999973
143.006 0.05333999999999994
143.326 0.06333999999999973
143.647 0.07667000000000002
143.968 0.06999999999999984
144.29 0.06999999999999984
144.611 0.08333999999999975
144.932 0.033339999999999925
145.254 0.05999999999999961
145.575 0.06999999999999984
145.896 0.07999999999999963
146.218 0.05999999999999961
146.539 0.06999999999999984
146.86 0.0866699999999998
147.18 0.06666999999999978
147.503 0.05999999999999961
147.823 0.05999999999999961
148.144 0.04999999999999982
148.464 0.07999999999999963
148.787 0.06666999999999978
149.108 0.07333999999999996
149.428 0.05667
149.749 0.06666999999999978
150.071 0.06333999999999973
150.392 0.06666999999999978
150.712 0.05667
151.032 0.07667000000000002
151.355 0.06999999999999984
151.675 0.07333999999999996
151.996 0.07667000000000002
152.316 0.07333999999999996
152.639 0.07667000000000002
152.959 0.06333999999999973
153.279 0.07999999999999963
153.6 0.10333999999999977
153.922 0.08333999999999975
154.242 0.05667
154.563 0.08333999999999975
154.883 0.07667000000000002
155.203 0.07667000000000002
155.526 0.07333999999999996
155.846 0.0866699999999998
156.166 0.05999999999999961
156.487 0.08333999999999975
156.807 0.08333999999999975
157.129 0.07333999999999996
157.449 0.06333999999999973
157.77 0.07333999999999996
158.09 0.05667
158.41 0.06666999999999978
158.732 0.09333999999999998
159.052 0.06333999999999973
159.372 0.11666999999999961
159.693 0.09333999999999998
160.013 0.06999999999999984
160.335 0.0866699999999998
160.655 0.0866699999999998
160.975 0.11334
161.295 0.06999999999999984
161.615 0.09666999999999959
161.935 0.08999999999999986
162.258 0.06666999999999978
162.578 0.08333999999999975
162.898 0.04999999999999982
163.218 0.08333999999999975
163.538 0.06333999999999973
163.858 0.07999999999999963
164.178 0.07999999999999963
164.5 0.08999999999999986
164.82 0.08999999999999986
165.14 0.08999999999999986
165.459 0.08333999999999975
165.779 0.05333999999999994
166.099 0.07999999999999963
166.419 0.03999999999999959
166.741 0.06999999999999984
167.061 0.06666999999999978
167.381 0.05999999999999961
167.701 0.07999999999999963
168.021 0.05667
168.341 0.07333999999999996
168.66 0.07667000000000002
168.98 0.07333999999999996
169.3 0.0866699999999998
169.622 0.09999999999999964
169.942 0.07999999999999963
170.261 0.05667
170.581 0.09666999999999959
170.901 0.08999999999999986
171.221 0.06333999999999973
171.54 0.06666999999999978
171.86 0.06666999999999978
172.18 0.07333999999999996
172.499 0.06666999999999978
172.819 0.05333999999999994
173.139 0.07333999999999996
173.461 0.06666999999999978
173.78 0.06999999999999984
174.1 0.07667000000000002
174.42 0.05333999999999994
174.739 0.10333999999999977
175.059 0.06999999999999984
175.378 0.08999999999999986
175.698 0.07667000000000002
176.018 0.07667000000000002
176.337 0.08333999999999975
176.657 0.07999999999999963
176.976 0.05999999999999961
177.296 0.05667
177.615 0.08999999999999986
177.935 0.05999999999999961
178.254 0.05999999999999961
178.574 0.06666999999999978
178.893 0.06666999999999978
179.213 0.06666999999999978
179.532 0.07999999999999963
179.852 0.07333999999999996
180.173 0.07667000000000002
180.492 0.06999999999999984
180.812 0.07333999999999996
181.131 0.07667000000000002
181.451 0.06666999999999978
181.77 0.07667000000000002
182.089 0.05667
182.409 0.06333999999999973
182.728 0.06333999999999973
183.047 0.0866699999999998
183.367 0.06666999999999978
183.686 0.08999999999999986
184.005 0.06333999999999973
184.325 0.07667000000000002
184.644 0.05333999999999994
184.963 0.07333999999999996
185.28 0.05667
185.6 0.06333999999999973
185.919 0.06999999999999984
186.238 0.10999999999999988
186.557 0.05999999999999961
186.876 0.05333999999999994
187.196 0.08333999999999975
187.515 0.05667
187.834 0.09333999999999998
188.153 0.04666999999999977
188.472 0.06666999999999978
188.791 0.06999999999999984
189.111 0.08333999999999975
189.43 0.05999999999999961
189.749 0.07333999999999996
190.068 0.08333999999999975
190.387 0.06666999999999978
190.706 0.06333999999999973
191.025 0.07333999999999996
191.344 0.06999999999999984
191.663 0.06999999999999984
191.982 0.07667000000000002
192.299 0.07333999999999996
192.618 0.07333999999999996
192.937 0.07667000000000002
193.256 0.07999999999999963
193.575 0.07999999999999963
193.894 0.05999999999999961
194.213 0.06999999999999984
194.532 0.07333999999999996
194.851 0.07667000000000002
195.17 0.07333999999999996
195.489 0.04999999999999982
195.805 0.07999999999999963
196.124 0.07667000000000002
196.443 0.08999999999999986
196.762 0.08333999999999975
197.081 0.07667000000000002
197.4 0.06999999999999984
197.719 0.09333999999999998
198.037 0.07333999999999996
198.356 0.08333999999999975
198.673 0.0866699999999998
198.992 0.07333999999999996
199.31 0.08999999999999986
199.629 0.08333999999999975
199.948 0.06666999999999978
200.267 0.08999999999999986
200.585 0.05333999999999994
200.902 0.08333999999999975
201.221 0.06666999999999978
201.539 0.05333999999999994
201.858 0.09333999999999998
202.177 0.05667
202.495 0.06999999999999984
202.814 0.11666999999999961
203.131 0.05999999999999961
203.449 0.06666999999999978
203.768 0.08333999999999975
204.086 0.05333999999999994
204.405 0.08999999999999986
204.724 0.07333999999999996
205.04 0.09666999999999959
205.359 0.07333999999999996
205.677 0.07667000000000002
205.996 0.08333999999999975
206.314 0.0866699999999998
206.631 0.08999999999999986
206.949 0.0866699999999998
207.268 0.04999999999999982
207.586 0.09999999999999964
207.905 0.08333999999999975
208.223 0.04999999999999982
208.54 0.06999999999999984
208.858 0.06666999999999978
209.176 0.07999999999999963
209.495 0.07999999999999963
209.811 0.09999999999999964
210.13 0.04666999999999977
210.448 0.09333999999999998
210.766 0.05999999999999961
211.085 0.08999999999999986
211.401 0.06999999999999984
211.719 0.06666999999999978
212.038 0.06666999999999978
212.356 0.09999999999999964
212.672 0.08333999999999975
212.99 0.05333999999999994
213.309 0.07999999999999963
213.627 0.07333999999999996
213.943 0.07667000000000002
214.261 0.07333999999999996
214.58 0.06333999999999973
214.898 0.07333999999999996
215.214 0.08999999999999986
215.532 0.07333999999999996
215.85 0.09999999999999964
216.169 0.0866699999999998
216.485 0.08333999999999975
216.803 0.09999999999999964
217.121 0.07667000000000002
217.439 0.07667000000000002
217.755 0.07999999999999963
218.073 0.07999999999999963
218.392 0.07999999999999963
218.71 0.09333999999999998
219.026 0.10333999999999977
219.344 0.08999999999999986
219.662 0.07999999999999963
219.978 0.08333999999999975
220.296 0.06999999999999984
220.614 0.06666999999999978
220.93 0.10666999999999982
221.248 0.07333999999999996
221.566 0.08999999999999986
221.884 0.09666999999999959
222.2 0.0866699999999998
222.518 0.07667000000000002
222.836 0.07667000000000002
223.151 0.09333999999999998
223.469 0.10666999999999982
223.787 0.09999999999999964
224.103 0.09333999999999998
224.421 0.08333999999999975
224.739 0.11666999999999961
225.055 0.09333999999999998
225.373 0.05999999999999961
225.691 0.0866699999999998
226.006 0.09333999999999998
226.324 0.09333999999999998
226.642 0.07999999999999963
226.958 0.0866699999999998
227.276 0.11666999999999961
227.593 0.08999999999999986
227.909 0.09333999999999998
228.227 0.10666999999999982
228.545 0.10333999999999977
228.86 0.09999999999999964
229.178 0.10666999999999982
229.494 0.09999999999999964
229.811 0.09999999999999964
230.129 0.0866699999999998
230.445 0.0866699999999998
230.762 0.10333999999999977
231.08 0.08333999999999975
231.396 0.07667000000000002
231.713 0.09999999999999964
232.029 0.10666999999999982
232.346 0.08999999999999986
232.664 0.08999999999999986
232.98 0.08999999999999986
233.297 0.08999999999999986
233.613 0.09666999999999959
233.93 0.09666999999999959
234.248 0.08333999999999975
234.563 0.08333999999999975
234.881 0.06666999999999978
235.196 0.07333999999999996
235.514 0.07999999999999963
235.831 0.10333999999999977
236.147 0.0866699999999998
236.464 0.07667000000000002
236.78 0.07999999999999963
237.097 0.07667000000000002
237.413 0.07999999999999963
237.73 0.08999999999999986
238.047 0.07667000000000002
238.363 0.0866699999999998
238.68 0.10666999999999982
238.996 0.0866699999999998
239.313 0.09333999999999998
239.628 0.07333999999999996
239.946 0.0866699999999998
240.261 0.07333999999999996
240.578 0.08333999999999975
240.893 0.0866699999999998
241.211 0.09666999999999959
241.528 0.06333999999999973
241.843 0.06666999999999978
242.161 0.07333999999999996
242.476 0.07999999999999963
242.793 0.07667000000000002
243.108 0.08333999999999975
243.426 0.06999999999999984
243.741 0.08999999999999986
244.058 0.07999999999999963
244.373 0.0866699999999998
244.69 0.06333999999999973
245.005 0.09333999999999998
245.323 0.08333999999999975
245.638 0.07667000000000002
245.955 0.09333999999999998
246.27 0.08333999999999975
246.587 0.05333999999999994
246.902 0.05333999999999994
247.219 0.07333999999999996
247.534 0.09333999999999998
247.851 0.08333999999999975
248.166 0.05999999999999961
248.484 0.0866699999999998
248.798 0.08999999999999986
249.116 0.08999999999999986
249.431 0.07333999999999996
249.748 0.06999999999999984
250.062 0.08333999999999975
250.38 0.08999999999999986
250.694 0.07333999999999996
251.009 0.07667000000000002
251.326 0.07333999999999996
251.641 0.07667000000000002
251.958 0.05667
252.273 0.09333999999999998
252.59 0.06666999999999978
252.905 0.06666999999999978
253.222 0.07999999999999963
253.537 0.08333999999999975
253.851 0.09333999999999998
254.168 0.05667
254.483 0.08999999999999986
254.8 0.06999999999999984
255.115 0.08333999999999975
255.432 0.08333999999999975
255.746 0.07999999999999963
256.061 0.07333999999999996
256.378 0.07333999999999996
256.693 0.06333999999999973
257.009 0.08999999999999986
257.324 0.06999999999999984
257.641 0.06666999999999978
257.956 0.08333999999999975
258.27 0.08333999999999975
258.587 0.08333999999999975
258.902 0.07667000000000002
259.216 0.09666999999999959
259.533 0.08333999999999975
259.847 0.07999999999999963
260.164 0.08999999999999986
260.479 0.08333999999999975
260.793 0.06333999999999973
261.11 0.09999999999999964
261.425 0.08999999999999986
261.741 0.07999999999999963
262.056 0.06666999999999978
262.37 0.0866699999999998
262.687 0.05667
263.001 0.08333999999999975
263.316 0.09666999999999959
263.632 0.07999999999999963
263.947 0.09999999999999964
264.261 0.07333999999999996
264.578 0.09999999999999964
264.892 0.10666999999999982
265.207 0.06666999999999978
265.523 0.09333999999999998
265.838 0.09999999999999964
266.154 0.11334
266.468 0.06999999999999984
266.783 0.07667000000000002
267.099 0.10666999999999982
267.414 0.08999999999999986
267.728 0.10333999999999977
268.042 0.08333999999999975
268.359 0.07999999999999963
268.673 0.08999999999999986
268.987 0.07999999999999963
269.304 0.09333999999999998
269.618 0.09333999999999998
269.932 0.06999999999999984
270.249 0.0866699999999998
270.563 0.07333999999999996
270.877 0.08333999999999975
271.193 0.07667000000000002
271.508 0.09666999999999959
271.822 0.08999999999999986
272.136 0.09999999999999964
272.452 0.10666999999999982
272.766 0.09333999999999998
273.081 0.09333999999999998
273.397 0.10333999999999977
273.711 0.11334
274.025 0.06333999999999973
274.339 0.08333999999999975
274.655 0.07999999999999963
274.969 0.06333999999999973
275.284 0.07999999999999963
275.598 0.07667000000000002
275.914 0.0866699999999998
276.228 0.06333999999999973
276.542 0.09999999999999964
276.856 0.07999999999999963
277.172 0.07999999999999963
277.486 0.09333999999999998
277.8 0.07999999999999963
278.114 0.07667000000000002
278.43 0.10333999999999977
278.744 0.10333999999999977
279.058 0.07999999999999963
279.372 0.06999999999999984
279.688 0.0866699999999998
280.002 0.08999999999999986
280.316 0.07999999999999963
280.63 0.09333999999999998
280.944 0.10666999999999982
281.259 0.07333999999999996
281.573 0.09333999999999998
281.887 0.07667000000000002
282.201 0.08999999999999986
282.517 0.07667000000000002
282.831 0.07999999999999963
283.145 0.0866699999999998
283.458 0.07999999999999963
283.772 0.06333999999999973
284.088 0.09333999999999998
284.402 0.08999999999999986
284.716 0.08333999999999975
285.029 0.07999999999999963
285.343 0.0866699999999998
285.657 0.07999999999999963
285.973 0.08333999999999975
286.286 0.06333999999999973
286.6 0.09999999999999964
286.914 0.07999999999999963
287.227 0.07667000000000002
287.541 0.07667000000000002
287.857 0.09999999999999964
288.17 0.07999999999999963
288.484 0.08999999999999986
288.798 0.05333999999999994
289.111 0.09999999999999964
289.425 0.09666999999999959
289.741 0.07667000000000002
290.054 0.10999999999999988
290.368 0.06999999999999984
290.681 0.06999999999999984
290.995 0.10333999999999977
291.308 0.09333999999999998
291.622 0.07667000000000002
291.935 0.08999999999999986
292.251 0.0866699999999998
292.565 0.07333999999999996
292.878 0.09333999999999998
293.191 0.0866699999999998
293.505 0.08333999999999975
293.818 0.09333999999999998
294.132 0.08333999999999975
294.445 0.06333999999999973
294.761 0.06999999999999984
295.074 0.04999999999999982
295.388 0.10666999999999982
295.701 0.09333999999999998
296.014 0.0866699999999998
296.328 0.08999999999999986
296.641 0.09666999999999959
296.954 0.04999999999999982
297.268 0.08999999999999986
297.581 0.08999999999999986
297.894 0.07999999999999963
298.21 0.08999999999999986
298.523 0.0866699999999998
298.836 0.07333999999999996
299.15 0.08999999999999986
299.463 0.09333999999999998
299.776 0.07999999999999963
300.089 0.08333999999999975
300.403 0.07999999999999963
300.716 0.08333999999999975
301.029 0.09999999999999964
301.342 0.10666999999999982
301.655 0.07999999999999963
301.969 0.09333999999999998
302.282 0.10666999999999982
302.595 0.09999999999999964
302.908 0.09999999999999964
303.221 0.08999999999999986
303.534 0.08333999999999975
303.847 0.09333999999999998
304.161 0.08333999999999975
304.474 0.09999999999999964
304.789 0.09666999999999959
305.102 0.08999999999999986
305.415 0.09333999999999998
305.728 0.06999999999999984
306.041 0.07667000000000002
306.354 0.0866699999999998
306.667 0.09999999999999964
306.98 0.06999999999999984
307.293 0.07999999999999963
307.606 0.11334
307.919 0.11999999999999966
308.232 0.07667000000000002
308.545 0.10999999999999988
308.858 0.0866699999999998
309.171 0.11334
309.484 0.09999999999999964
309.797 0.10999999999999988
310.11 0.12333999999999978
310.42 0.10999999999999988
310.733 0.09999999999999964
311.046 0.07999999999999963
311.359 0.07999999999999963
311.672 0.10333999999999977
311.985 0.09666999999999959
312.297 0.10666999999999982
312.61 0.10666999999999982
312.923 0.11666999999999961
313.236 0.09999999999999964
313.549 0.0866699999999998
313.861 0.10666999999999982
314.174 0.10999999999999988
314.487 0.10999999999999988
314.8 0.11666999999999961
315.112 0.07999999999999963
315.425 0.11666999999999961
315.738 0.10999999999999988
316.051 0.13999999999999968
316.363 0.10999999999999988
316.674 0.09666999999999959
316.987 0.10333999999999977
317.299 0.12666999999999984
317.612 0.11999999999999966
317.924 0.13334000000000001
318.237 0.10999999999999988
318.55 0.10333999999999977
318.862 0.12666999999999984
319.175 0.13334000000000001
319.487 0.12666999999999984
319.8 0.1499999999999999
320.111 0.09666999999999959
320.423 0.11334
320.736 0.10999999999999988
321.048 0.11334
321.361 0.11334
321.673 0.11999999999999966
321.986 0.10999999999999988
322.298 0.1299999999999999
322.611 0.1299999999999999
322.921 0.08999999999999986
323.233 0.14666999999999986
323.546 0.10333999999999977
323.858 0.11666999999999961
324.171 0.09333999999999998
324.483 0.11999999999999966
324.796 0.10999999999999988
325.106 0.10666999999999982
325.418 0.12666999999999984
325.731 0.09333999999999998
326.043 0.1299999999999999
326.355 0.1299999999999999
326.668 0.11334
326.98 0.10666999999999982
327.29 0.13334000000000001
327.603 0.12666999999999984
327.915 0.10999999999999988
328.227 0.10333999999999977
328.539 0.10666999999999982
328.852 0.1299999999999999
329.162 0.10666999999999982
329.474 0.11999999999999966
329.786 0.12333999999999978
330.099 0.11999999999999966
330.411 0.10999999999999988
330.721 0.07999999999999963
331.033 0.10333999999999977
331.345 0.11666999999999961
331.657 0.12666999999999984
331.97 0.09999999999999964
332.28 0.13999999999999968
332.592 0.11334
332.904 0.12333999999999978
333.216 0.11334
333.528 0.10999999999999988
333.838 0.11334
334.15 0.12666999999999984
334.462 0.10333999999999977
334.774 0.13999999999999968
335.084 0.0866699999999998
335.396 0.1299999999999999
335.708 0.13666999999999963
336.021 0.13334000000000001
336.33 0.09666999999999959
336.642 0.10333999999999977
336.954 0.11334
337.266 0.11666999999999961
337.578 0.1433399999999998
337.888 0.11999999999999966
338.2 0.08999999999999986
338.512 0.1499999999999999
338.822 0.10333999999999977
339.134 0.11334
339.446 0.1433399999999998
339.758 0.13334000000000001
340.068 0.11999999999999966
340.379 0.13334000000000001
340.691 0.13666999999999963
341.003 0.09333999999999998
341.313 0.16333999999999982
341.625 0.12666999999999984
341.937 0.10666999999999982
342.246 0.11334
342.558 0.13666999999999963
342.87 0.10666999999999982
343.182 0.12333999999999978
343.491 0.11334
343.803 0.10666999999999982
344.115 0.1433399999999998
344.425 0.1433399999999998
344.736 0.11334
345.048 0.12666999999999984
345.358 0.13334000000000001
345.669 0.12666999999999984
345.981 0.10333999999999977
346.291 0.10666999999999982
346.602 0.13999999999999968
346.914 0.13666999999999963
347.226 0.11999999999999966
347.535 0.11666999999999961
347.847 0.11999999999999966
348.158 0.13999999999999968
348.468 0.12666999999999984
348.78 0.10666999999999982
349.089 0.10666999999999982
349.401 0.11999999999999966
349.712 0.12666999999999984
350.022 0.09666999999999959
350.333 0.11334
350.645 0.1299999999999999
350.954 0.12333999999999978
351.266 0.11666999999999961
351.577 0.12666999999999984
351.887 0.10333999999999977
352.198 0.12666999999999984
352.509 0.10999999999999988
352.819 0.1499999999999999
353.13 0.12666999999999984
353.44 0.12666999999999984
353.751 0.11334
354.062 0.13666999999999963
354.372 0.14666999999999986
354.683 0.11666999999999961
354.993 0.11334
355.304 0.11334
355.615 0.10999999999999988
355.925 0.10666999999999982
356.236 0.10333999999999977
356.545 0.10999999999999988
356.856 0.13666999999999963
357.168 0.13334000000000001
357.477 0.08999999999999986
357.788 0.1299999999999999
358.097 0.12333999999999978
358.409 0.11666999999999961
358.718 0.12333999999999978
359.029 0.13666999999999963
359.34 0.10333999999999977
359.65 0.12666999999999984
359.961 0.1299999999999999
360.27 0.1299999999999999
360.581 0.12333999999999978
360.89 0.09666999999999959
361.201 0.12333999999999978
361.513 0.11666999999999961
361.822 0.1299999999999999
362.133 0.10666999999999982
362.442 0.11334
362.753 0.13666999999999963
363.062 0.13666999999999963
363.373 0.12333999999999978
363.682 0.11666999999999961
363.993 0.09999999999999964
364.302 0.11666999999999961
364.613 0.11666999999999961
364.922 0.1499999999999999
365.233 0.12666999999999984
365.542 0.11334
365.853 0.13999999999999968
366.162 0.11666999999999961
366.473 0.1533399999999996
366.784 0.1599999999999997
367.093 0.11334
367.404 0.13334000000000001
367.713 0.13999999999999968
368.022 0.1433399999999998
368.333 0.13999999999999968
368.642 0.1433399999999998
368.952 0.1299999999999999
369.261 0.11999999999999966
369.572 0.12333999999999978
369.881 0.1299999999999999
370.192 0.08333999999999975
370.501 0.11999999999999966
370.811 0.12333999999999978
371.12 0.1433399999999998
371.431 0.14666999999999986
371.74 0.12666999999999984
372.051 0.12666999999999984
372.359 0.09666999999999959
372.67 0.12666999999999984
372.979 0.1599999999999997
373.29 0.1533399999999996
373.598 0.13666999999999963
373.907 0.11999999999999966
374.218 0.11999999999999966
374.526 0.11999999999999966
374.837 0.11666999999999961
375.146 0.12666999999999984
375.456 0.1299999999999999
375.765 0.13666999999999963
376.074 0.16666999999999987
376.384 0.14666999999999986
376.693 0.10999999999999988
377.003 0.13999999999999968
377.312 0.13334000000000001
377.623 0.1433399999999998
377.931 0.1299999999999999
378.24 0.13999999999999968
378.55 0.11666999999999961
378.859 0.1499999999999999
379.169 0.1599999999999997
379.478 0.13666999999999963
379.786 0.1299999999999999
380.097 0.13999999999999968
380.405 0.10666999999999982
380.716 0.12666999999999984
381.024 0.12333999999999978
381.333 0.17999999999999972
381.643 0.15666999999999964
381.952 0.12333999999999978
382.26 0.1533399999999996
382.57 0.1299999999999999
382.879 0.1599999999999997
383.189 0.1499999999999999
383.498 0.1299999999999999
383.806 0.13334000000000001
384.116 0.12666999999999984
384.425 0.16333999999999982
384.733 0.1299999999999999
385.043 0.11666999999999961
385.352 0.13666999999999963
385.66 0.1433399999999998
385.97 0.1499999999999999
386.279 0.15666999999999964
386.587 0.13666999999999963
386.897 0.1433399999999998
387.205 0.1599999999999997
387.513 0.16666999999999987
387.824 0.1533399999999996
388.132 0.17666999999999966
388.44 0.1533399999999996
388.75 0.1533399999999996
389.059 0.15666999999999964
389.367 0.1733399999999996
389.677 0.10333999999999977
389.985 0.15666999999999964
390.293 0.15666999999999964
390.603 0.20333999999999985
390.911 0.17666999999999966
391.22 0.1533399999999996
391.53 0.14666999999999986
391.838 0.16333999999999982
392.146 0.1733399999999996
392.454 0.17999999999999972
392.764 0.13666999999999963
393.072 0.18999999999999995
393.38 0.1533399999999996
393.69 0.1499999999999999
393.998 0.18333999999999984
394.306 0.15666999999999964
394.614 0.1733399999999996
394.924 0.1733399999999996
395.232 0.1533399999999996
395.54 0.19666999999999968
395.848 0.15666999999999964
396.158 0.1733399999999996
396.466 0.17666999999999966
396.774 0.13666999999999963
397.082 0.2066699999999999
397.392 0.17666999999999966
397.7 0.18333999999999984
398.007 0.16666999999999987
398.315 0.2166699999999997
398.625 0.17999999999999972
398.933 0.1866699999999999
399.241 0.19333999999999962
399.549 0.16666999999999987
399.858 0.1866699999999999
400.166 0.20333999999999985
400.474 0.1866699999999999
400.782 0.1866699999999999
401.09 0.20999999999999996
401.399 0.19666999999999968
401.707 0.17666999999999966
402.015 0.23333999999999966
402.323 0.21333999999999964
402.63 0.1866699999999999
402.94 0.19666999999999968
403.248 0.19999999999999973
403.555 0.17999999999999972
403.863 0.2166699999999997
404.171 0.19333999999999962
404.481 0.24666999999999994
404.788 0.24666999999999994
405.096 0.21999999999999975
405.403 0.2733399999999997
405.711 0.2433399999999999
406.019 0.2599999999999998
406.328 0.2433399999999999
406.636 0.2433399999999999
406.943 0.2599999999999998
407.251 0.2433399999999999
407.559 0.2633399999999999
407.866 0.2733399999999997
408.176 0.25666999999999973
408.483 0.2933399999999997
408.791 0.2599999999999998
409.098 0.2833399999999999
409.406 0.29666999999999977
409.713 0.3166699999999998
410.021 0.2799999999999998
410.33 0.3099999999999996
410.638 0.32333999999999996
410.945 0.2999999999999998
411.252 0.3466699999999996
411.56 0.33333999999999975
411.867 0.32333999999999996
412.175 0.31999999999999984
412.482 0.2799999999999998
412.791 0.33999999999999986
413.099 0.30667
413.406 0.29666999999999977
413.713 0.32333999999999996
414.021 0.32333999999999996
414.328 0.3733399999999998
414.635 0.33999999999999986
414.943 0.33333999999999975
415.25 0.39999999999999947
415.559 0.34999999999999964
415.867 0.33333999999999975
416.174 0.38333999999999957
416.481 0.38333999999999957
416.788 0.3866699999999996
417.096 0.31333999999999973
417.403 0.3533400000000002
417.71 0.42666999999999966
418.017 0.41000000000000014
418.324 0.3700000000000001
418.632 0.3733399999999998
418.939 0.34333999999999953
419.246 0.38333999999999957
419.553 0.33999999999999986
419.86 0.3466699999999996
420.169 0.3700000000000001
420.476 0.34333999999999953
420.784 0.3533400000000002
421.091 0.36667000000000005
421.398 0.3566699999999994
421.705 0.36667000000000005
422.012 0.36667000000000005
422.319 0.3366699999999998
422.626 0.33333999999999975
422.933 0.32333999999999996
423.24 0.3566699999999994
423.547 0.32333999999999996
423.854 0.3166699999999998
424.161 0.32333999999999996
424.468 0.29666999999999977
424.775 0.2899999999999996
425.082 0.30333999999999994
425.389 0.3533400000000002
425.696 0.30333999999999994
426.003 0.3299999999999996
426.31 0.2933399999999997
426.617 0.2999999999999998
426.923 0.27666999999999975
427.23 0.31333999999999973
427.537 0.29666999999999977
427.844 0.23999999999999977
428.151 0.27
428.458 0.2799999999999998
428.765 0.2899999999999996
429.072 0.2899999999999996
429.378 0.2433399999999999
429.685 0.23666999999999971
429.992 0.23999999999999977
430.299 0.2733399999999997
430.605 0.23666999999999971
430.912 0.21999999999999975
431.219 0.23666999999999971
431.526 0.23666999999999971
431.832 0.2433399999999999
432.137 0.21999999999999975
432.444 0.2599999999999998
432.751 0.27
433.057 0.22999999999999998
433.364 0.19333999999999962
433.671 0.21333999999999964
433.977 0.22999999999999998
434.284 0.22333999999999987
434.591 0.23999999999999977
434.897 0.2066699999999999
435.204 0.23666999999999971
435.51 0.22666999999999993
435.817 0.21999999999999975
436.124 0.2166699999999997
436.428 0.24666999999999994
436.735 0.18333999999999984
437.041 0.20333999999999985
437.348 0.20999999999999996
437.654 0.20333999999999985
437.961 0.19999999999999973
438.267 0.23333999999999966
438.574 0.23333999999999966
438.88 0.2533399999999997
439.187 0.20999999999999996
439.491 0.25
439.798 0.2166699999999997
440.104 0.20999999999999996
440.411 0.22999999999999998
440.717 0.20999999999999996
441.024 0.21333999999999964
441.33 0.21333999999999964
441.636 0.22999999999999998
441.941 0.20999999999999996
442.247 0.19666999999999968
442.554 0.20333999999999985
442.86 0.20333999999999985
443.166 0.16666999999999987
443.473 0.18333999999999984
443.777 0.1733399999999996
444.083 0.1866699999999999
444.39 0.2066699999999999
444.696 0.16666999999999987
445.002 0.16666999999999987
445.308 0.17666999999999966
445.615 0.19333999999999962
445.919 0.18999999999999995
446.225 0.17666999999999966
446.531 0.19666999999999968
446.838 0.17666999999999966
447.144 0.14666999999999986
447.448 0.1599999999999997
447.754 0.1733399999999996
448.06 0.15666999999999964
448.367 0.1599999999999997
448.673 0.15666999999999964
448.977 0.17666999999999966
449.283 0.16666999999999987
449.589 0.1733399999999996
449.895 0.16333999999999982
450.201 0.18333999999999984
450.505 0.1733399999999996
450.812 0.16999999999999993
451.118 0.14666999999999986
451.424 0.16333999999999982
451.73 0.1533399999999996
452.034 0.1499999999999999
452.34 0.15666999999999964
452.646 0.1499999999999999
452.952 0.16666999999999987
453.256 0.14666999999999986
453.562 0.16333999999999982
453.868 0.1499999999999999
454.174 0.1499999999999999
454.478 0.13666999999999963
454.784 0.13999999999999968
455.09 0.18333999999999984
455.396 0.16999999999999993
455.7 0.1533399999999996
456.005 0.1599999999999997
456.311 0.1599999999999997
456.617 0.16999999999999993
456.921 0.16999999999999993
457.227 0.1599999999999997
457.533 0.13666999999999963
457.839 0.1433399999999998
458.143 0.13666999999999963
458.448 0.15666999999999964
458.754 0.13999999999999968
459.058 0.13999999999999968
459.364 0.1433399999999998
459.67 0.16666999999999987
459.975 0.1433399999999998
460.279 0.13334000000000001
460.585 0.17666999999999966
460.891 0.16666999999999987
461.194 0.14666999999999986
461.5 0.10999999999999988
461.806 0.13666999999999963
462.11 0.18333999999999984
462.415 0.1499999999999999
462.721 0.1866699999999999
463.025 0.16333999999999982
463.33 0.1533399999999996
463.636 0.18333999999999984
463.94 0.16999999999999993
464.245 0.16999999999999993
464.551 0.14666999999999986
464.855 0.1533399999999996
465.16 0.15666999999999964
465.466 0.17666999999999966
465.769 0.18333999999999984
466.075 0.18333999999999984
466.38 0.17666999999999966
466.684 0.14666999999999986
466.99 0.15666999999999964
467.295 0.1733399999999996
467.599 0.16333999999999982
467.904 0.17666999999999966
468.21 0.2066699999999999
468.513 0.1733399999999996
468.819 0.16666999999999987
469.122 0.18333999999999984
469.428 0.14666999999999986
469.733 0.17999999999999972
470.036 0.18333999999999984
470.342 0.20999999999999996
470.645 0.1866699999999999
470.951 0.21999999999999975
471.256 0.25
471.559 0.3299999999999996
471.865 0.3966699999999994
472.17 0.45333999999999985
472.474 0.4299999999999997
472.779 0.4066700000000001
473.082 0.41999999999999993
473.388 0.37666999999999984
473.691 0.3899999999999997
473.996 0.3966699999999994
474.302 0.4466700000000001
474.605 0.39999999999999947
474.91 0.46333999999999964
475.213 0.4500000000000002
475.519 0.3866699999999996
475.822 0.3866699999999996
476.127 0.3366699999999998
476.432 0.2533399999999997
476.736 0.21333999999999964
477.041 0.18999999999999995
477.344 0.17999999999999972
477.649 0.17666999999999966
477.952 0.16333999999999982
478.257 0.20999999999999996
478.561 0.18999999999999995
478.866 0.1499999999999999
479.171 0.19666999999999968
479.474 0.1433399999999998
479.779 0.15666999999999964
480.082 0.18333999999999984
480.387 0.1733399999999996
480.69 0.1866699999999999
480.995 0.15666999999999964
481.299 0.16333999999999982
481.604 0.15666999999999964
481.907 0.1533399999999996
482.212 0.18999999999999995
482.515 0.13999999999999968
482.82 0.1499999999999999
483.123 0.1533399999999996
483.428 0.15666999999999964
483.731 0.13666999999999963
484.036 0.1533399999999996
484.339 0.15666999999999964
484.644 0.16333999999999982
484.946 0.1433399999999998
485.251 0.13334000000000001
485.554 0.14666999999999986
485.859 0.1733399999999996
486.162 0.14666999999999986
486.467 0.11999999999999966
486.77 0.13666999999999963
487.073 0.13999999999999968
487.378 0.11334
487.68 0.1599999999999997
487.985 0.13666999999999963
488.288 0.14666999999999986
488.593 0.14666999999999986
488.896 0.14666999999999986
489.201 0.12666999999999984
489.503 0.12333999999999978
489.808 0.11999999999999966
490.111 0.13666999999999963
490.414 0.13999999999999968
490.718 0.1433399999999998
491.021 0.1299999999999999
491.326 0.11666999999999961
491.629 0.11666999999999961
491.933 0.07999999999999963
492.236 0.11666999999999961
492.539 0.10333999999999977
492.843 0.11334
493.146 0.11334
493.451 0.13334000000000001
493.753 0.13666999999999963
494.056 0.11999999999999966
494.361 0.13999999999999968
494.663 0.11666999999999961
494.968 0.13666999999999963
495.27 0.13666999999999963
495.573 0.11999999999999966
495.877 0.09999999999999964
496.18 0.12333999999999978
496.485 0.09333999999999998
496.787 0.12333999999999978
497.09 0.11999999999999966
497.394 0.10666999999999982
497.697 0.13999999999999968
497.999 0.10666999999999982
498.304 0.1299999999999999
498.606 0.09666999999999959
498.911 0.10333999999999977
499.213 0.12333999999999978
499.516 0.11334
499.82 0.12666999999999984
500.122 0.09333999999999998
500.425 0.10999999999999988
500.729 0.11666999999999961
501.032 0.12666999999999984
501.334 0.08999999999999986
501.638 0.0866699999999998
501.941 0.10666999999999982
502.243 0.11334
502.547 0.12333999999999978
502.85 0.12666999999999984
503.152 0.11666999999999961
503.456 0.10666999999999982
503.759 0.09666999999999959
504.061 0.1299999999999999
504.365 0.11999999999999966
504.668 0.12333999999999978
504.97 0.13666999999999963
505.272 0.13999999999999968
505.576 0.11334
505.879 0.09333999999999998
506.181 0.09333999999999998
506.485 0.11999999999999966
506.787 0.1433399999999998
507.089 0.08333999999999975
507.394 0.11666999999999961
507.696 0.12666999999999984
507.998 0.11666999999999961
508.3 0.09333999999999998
508.604 0.11999999999999966
508.906 0.08999999999999986
509.209 0.13666999999999963
509.511 0.10999999999999988
509.815 0.12666999999999984
510.117 0.13666999999999963
510.419 0.11999999999999966
510.723 0.11666999999999961
511.025 0.14666999999999986
511.327 0.13334000000000001
511.629 0.11666999999999961
511.931 0.1299999999999999
512.235 0.10333999999999977
512.537 0.12666999999999984
512.839 0.11334
513.141 0.1299999999999999
513.445 0.11334
513.747 0.10333999999999977
514.049 0.12666999999999984
514.351 0.14666999999999986
514.655 0.12333999999999978
514.957 0.11999999999999966
515.259 0.12333999999999978
515.561 0.12333999999999978
515.863 0.12666999999999984
516.167 0.11999999999999966
516.469 0.1499999999999999
516.77 0.11999999999999966
517.072 0.1499999999999999
517.374 0.09666999999999959
517.678 0.12333999999999978
517.98 0.13334000000000001
518.282 0.13334000000000001
518.583 0.10666999999999982
518.885 0.12666999999999984
519.189 0.10666999999999982
519.491 0.1499999999999999
519.793 0.1433399999999998
520.094 0.12666999999999984
520.396 0.14666999999999986
520.698 0.13334000000000001
521.002 0.11334
521.303 0.10999999999999988
521.605 0.13334000000000001
521.907 0.13999999999999968
522.208 0.1499999999999999
522.51 0.12666999999999984
522.812 0.10666999999999982
523.115 0.13999999999999968
523.417 0.12666999999999984
523.719 0.1299999999999999
524.02 0.11334
524.322 0.1299999999999999
524.624 0.10999999999999988
524.925 0.1499999999999999
525.229 0.1433399999999998
525.53 0.13334000000000001
525.832 0.13999999999999968
526.133 0.11666999999999961
526.435 0.13666999999999963
526.737 0.1433399999999998
527.038 0.10999999999999988
527.34 0.08999999999999986
527.641 0.11999999999999966
527.945 0.11666999999999961
528.246 0.10666999999999982
528.548 0.13666999999999963
528.849 0.11999999999999966
529.151 0.13334000000000001
529.452 0.12666999999999984
529.753 0.12333999999999978
530.055 0.11999999999999966
530.356 0.13334000000000001
530.658 0.12333999999999978
530.959 0.12666999999999984
531.26 0.13999999999999968
531.564 0.11999999999999966
531.865 0.1533399999999996
532.167 0.12333999999999978
532.468 0.1433399999999998
532.769 0.1433399999999998
533.071 0.14666999999999986
533.372 0.1533399999999996
533.673 0.15666999999999964
533.974 0.18999999999999995
534.276 0.13334000000000001
534.577 0.15666999999999964
534.878 0.1299999999999999
535.18 0.1533399999999996
535.481 0.1433399999999998
535.782 0.16999999999999993
536.083 0.11666999999999961
536.385 0.15666999999999964
536.686 0.1599999999999997
536.987 0.1499999999999999
537.288 0.16666999999999987
537.589 0.18333999999999984
537.89 0.15666999999999964
538.192 0.18999999999999995
538.493 0.18999999999999995
538.794 0.17666999999999966
539.095 0.16999999999999993
539.396 0.16999999999999993
539.697 0.17666999999999966
539.998 0.1866699999999999
540.299 0.16333999999999982
540.6 0.1866699999999999
540.902 0.18333999999999984
541.203 0.16333999999999982
541.504 0.1599999999999997
541.805 0.17999999999999972
542.106 0.15666999999999964
542.407 0.18999999999999995
542.708 0.15666999999999964
543.009 0.20333999999999985
543.31 0.17666999999999966
543.611 0.16333999999999982
543.912 0.17666999999999966
544.213 0.18333999999999984
544.514 0.1733399999999996
544.815 0.1599999999999997
545.115 0.19333999999999962
545.416 0.1733399999999996
545.717 0.17666999999999966
546.018 0.1533399999999996
546.319 0.16999999999999993
546.618 0.13999999999999968
546.919 0.1533399999999996
547.22 0.14666999999999986
547.521 0.1599999999999997
547.821 0.1499999999999999
548.122 0.17666999999999966
548.423 0.15666999999999964
548.724 0.1299999999999999
549.025 0.15666999999999964
549.325 0.13666999999999963
549.626 0.1299999999999999
549.927 0.12666999999999984
550.226 0.13666999999999963
550.526 0.13666999999999963
550.827 0.1433399999999998
551.128 0.12666999999999984
551.429 0.13999999999999968
551.729 0.13666999999999963
552.03 0.13999999999999968
552.331 0.12666999999999984
552.631 0.10666999999999982
552.93 0.12333999999999978
553.231 0.14666999999999986
553.531 0.11334
553.832 0.12666999999999984
554.133 0.12666999999999984
554.433 0.10666999999999982
554.734 0.11999999999999966
555.032 0.11999999999999966
555.333 0.14666999999999986
555.634 0.09333999999999998
555.934 0.10666999999999982
556.235 0.1299999999999999
556.535 0.12666999999999984
556.834 0.12333999999999978
557.134 0.10333999999999977
557.435 0.10666999999999982
557.735 0.12333999999999978
558.036 0.12666999999999984
558.336 0.06666999999999978
558.635 0.11666999999999961
558.935 0.0866699999999998
559.236 0.11666999999999961
559.536 0.08999999999999986
559.837 0.10999999999999988
560.137 0.10333999999999977
560.435 0.1299999999999999
560.736 0.08999999999999986
561.036 0.12333999999999978
561.337 0.11999999999999966
561.637 0.11334
561.935 0.10999999999999988
562.236 0.11666999999999961
562.536 0.11666999999999961
562.836 0.10333999999999977
563.135 0.11666999999999961
563.435 0.12333999999999978
563.735 0.10333999999999977
564.036 0.0866699999999998
564.336 0.09999999999999964
564.634 0.09333999999999998
564.935 0.10666999999999982
565.235 0.08333999999999975
565.535 0.0866699999999998
565.833 0.10999999999999988
566.134 0.07667000000000002
566.434 0.11334
566.734 0.09666999999999959
567.032 0.08999999999999986
567.332 0.08333999999999975
567.633 0.11999999999999966
567.933 0.11999999999999966
568.231 0.10333999999999977
568.531 0.08333999999999975
568.831 0.11334
569.129 0.10999999999999988
569.429 0.06999999999999984
569.73 0.08999999999999986
570.03 0.09666999999999959
570.328 0.11334
570.628 0.10666999999999982
570.928 0.12333999999999978
571.226 0.07999999999999963
571.526 0.09999999999999964
571.826 0.08999999999999986
572.126 0.09333999999999998
572.424 0.10666999999999982
572.724 0.07667000000000002
573.024 0.10666999999999982
573.322 0.09666999999999959
573.622 0.10333999999999977
573.922 0.0866699999999998
574.22 0.11334
574.52 0.10333999999999977
574.82 0.08999999999999986
575.118 0.10999999999999988
575.418 0.07999999999999963
575.718 0.09999999999999964
576.016 0.10333999999999977
576.315 0.10333999999999977
576.615 0.09666999999999959
576.913 0.1299999999999999
577.213 0.07667000000000002
577.513 0.08333999999999975
577.811 0.09333999999999998
578.111 0.0866699999999998
578.41 0.07667000000000002
578.708 0.09666999999999959
579.008 0.08999999999999986
579.308 0.07667000000000002
579.606 0.08999999999999986
579.905 0.08999999999999986
580.203 0.08999999999999986
580.503 0.10666999999999982
580.803 0.09666999999999959
581.1 0.11666999999999961
581.4 0.11999999999999966
581.698 0.08999999999999986
581.997 0.10333999999999977
582.297 0.1299999999999999
582.595 0.09666999999999959
582.895 0.11666999999999961
583.192 0.09333999999999998
583.492 0.10333999999999977
583.792 0.09333999999999998
584.089 0.08999999999999986
584.389 0.09666999999999959
584.686 0.09666999999999959
584.986 0.10333999999999977
585.286 0.08333999999999975
585.583 0.11334
585.883 0.11334
586.18 0.10666999999999982
586.48 0.10999999999999988
586.777 0.11334
587.077 0.09666999999999959
587.377 0.09333999999999998
587.674 0.1299999999999999
587.974 0.10666999999999982
588.271 0.10999999999999988
588.57 0.11666999999999961
588.868 0.1299999999999999
589.167 0.11666999999999961
589.465 0.11334
589.764 0.12666999999999984
590.062 0.08999999999999986
590.361 0.10666999999999982
590.661 0.12666999999999984
590.958 0.10333999999999977
591.257 0.10999999999999988
591.555 0.09666999999999959
591.854 0.12666999999999984
592.152 0.09999999999999964
592.451 0.09666999999999959
592.748 0.12666999999999984
593.048 0.10999999999999988
593.345 0.09999999999999964
593.644 0.09666999999999959
593.942 0.10666999999999982
594.241 0.10666999999999982
594.538 0.11999999999999966
594.837 0.11666999999999961
595.135 0.10999999999999988
595.434 0.12666999999999984
595.731 0.14666999999999986
596.031 0.12666999999999984
596.328 0.1533399999999996
596.625 0.11999999999999966
596.924 0.10666999999999982
597.221 0.11999999999999966
597.521 0.11999999999999966
597.818 0.13999999999999968
598.117 0.13334000000000001
598.414 0.13666999999999963
598.713 0.12666999999999984
599.01 0.13334000000000001
599.31 0.1433399999999998
599.607 0.16999999999999993
599.904 0.1533399999999996
600.203 0.13334000000000001
600.5 0.1599999999999997
600.799 0.10999999999999988
601.096 0.15666999999999964
601.395 0.1499999999999999
601.692 0.13334000000000001
601.989 0.11666999999999961
602.288 0.1433399999999998
602.585 0.13999999999999968
602.884 0.16333999999999982
603.181 0.12666999999999984
603.48 0.1299999999999999
603.777 0.1433399999999998
604.074 0.1299999999999999
604.373 0.13334000000000001
604.67 0.1433399999999998
604.969 0.1599999999999997
605.266 0.16333999999999982
605.563 0.11334
605.862 0.11999999999999966
606.159 0.1866699999999999
606.458 0.12333999999999978
606.755 0.09999999999999964
607.051 0.14666999999999986
607.35 0.12333999999999978
607.647 0.13999999999999968
607.944 0.13334000000000001
608.243 0.09666999999999959
608.54 0.13666999999999963
608.837 0.13334000000000001
609.135 0.13999999999999968
609.432 0.13999999999999968
609.731 0.11666999999999961
610.028 0.11334
610.325 0.11666999999999961
610.623 0.12666999999999984
610.92 0.13999999999999968
611.217 0.11999999999999966
611.516 0.09999999999999964
611.812 0.10999999999999988
612.109 0.09999999999999964
612.408 0.11999999999999966
612.704 0.14666999999999986
613.001 0.13666999999999963
613.298 0.11334
613.596 0.10666999999999982
613.893 0.11666999999999961
614.19 0.09666999999999959
614.488 0.11334
614.785 0.0866699999999998
615.081 0.1499999999999999
615.38 0.13666999999999963
615.677 0.11334
615.973 0.10999999999999988
616.272 0.10666999999999982
616.568 0.10666999999999982
616.865 0.07667000000000002
617.161 0.11334
617.46 0.13666999999999963
617.757 0.11334
618.053 0.10666999999999982
618.35 0.08999999999999986
618.648 0.09999999999999964
618.945 0.12666999999999984
619.241 0.11666999999999961
619.54 0.10333999999999977
619.836 0.13334000000000001
620.132 0.10333999999999977
620.429 0.12333999999999978
620.727 0.09666999999999959
621.024 0.09333999999999998
621.32 0.09666999999999959
621.617 0.10666999999999982
621.913 0.13334000000000001
622.211 0.09666999999999959
622.508 0.10666999999999982
622.804 0.10666999999999982
623.1 0.07999999999999963
623.399 0.07999999999999963
623.695 0.11999999999999966
623.991 0.10666999999999982
624.288 0.09666999999999959
624.584 0.0866699999999998
624.882 0.10333999999999977
625.179 0.10999999999999988
625.475 0.09666999999999959
625.771 0.11334
626.067 0.1299999999999999
626.366 0.10999999999999988
626.662 0.07999999999999963
626.958 0.10333999999999977
627.254 0.10333999999999977
627.55 0.10333999999999977
627.849 0.09333999999999998
628.145 0.10333999999999977
628.441 0.13334000000000001
628.737 0.08333999999999975
629.033 0.10999999999999988
629.329 0.08999999999999986
629.628 0.1299999999999999
629.924 0.10666999999999982
630.22 0.11334
630.516 0.08333999999999975
630.812 0.09333999999999998
631.108 0.11999999999999966
631.406 0.11334
631.702 0.09333999999999998
631.998 0.11334
632.294 0.08999999999999986
632.59 0.10666999999999982
632.886 0.09999999999999964
633.182 0.09999999999999964
633.481 0.09333999999999998
633.776 0.11999999999999966
634.073 0.11666999999999961
634.368 0.11666999999999961
634.664 0.10333999999999977
634.96 0.13334000000000001
635.256 0.11334
635.552 0.09999999999999964
635.848 0.12666999999999984
636.146 0.11999999999999966
636.442 0.10333999999999977
636.738 0.09666999999999959
637.034 0.12666999999999984
637.33 0.12333999999999978
637.626 0.11666999999999961
637.922 0.12333999999999978
638.217 0.11999999999999966
638.513 0.09999999999999964
638.809 0.10999999999999988
639.105 0.13999999999999968
639.401 0.1299999999999999
639.698 0.11999999999999966
639.994 0.1299999999999999
640.29 0.13334000000000001
640.586 0.13666999999999963
640.882 0.1433399999999998
641.177 0.15666999999999964
641.473 0.11999999999999966
641.769 0.13334000000000001
642.065 0.1866699999999999
642.36 0.11334
642.656 0.1433399999999998
642.952 0.16666999999999987
643.247 0.17666999999999966
643.543 0.1499999999999999
643.839 0.14666999999999986
644.134 0.1733399999999996
644.43 0.16333999999999982
644.726 0.15666999999999964
645.021 0.15666999999999964
645.317 0.18999999999999995
645.613 0.1866699999999999
645.908 0.18999999999999995
646.204 0.14666999999999986
646.499 0.17999999999999972
646.795 0.17999999999999972
647.091 0.1866699999999999
647.386 0.1499999999999999
647.682 0.18999999999999995
647.977 0.16666999999999987
648.273 0.20999999999999996
648.568 0.16666999999999987
648.864 0.17666999999999966
649.159 0.18333999999999984
649.455 0.16999999999999993
649.75 0.16999999999999993
650.046 0.18999999999999995
650.341 0.18999999999999995
650.637 0.1499999999999999
650.932 0.14666999999999986
651.227 0.1533399999999996
651.523 0.19333999999999962
651.818 0.1499999999999999
652.114 0.1733399999999996
652.409 0.1599999999999997
652.704 0.15666999999999964
653.0 0.17666999999999966
653.295 0.16333999999999982
653.591 0.13999999999999968
653.886 0.15666999999999964
654.181 0.1499999999999999
654.474 0.16333999999999982
654.77 0.1733399999999996
655.065 0.16333999999999982
655.36 0.1433399999999998
655.656 0.14666999999999986
655.951 0.1499999999999999
656.246 0.13334000000000001
656.542 0.1433399999999998
656.837 0.14666999999999986
657.132 0.13334000000000001
657.427 0.1433399999999998
657.72 0.1299999999999999
658.016 0.13666999999999963
658.311 0.13666999999999963
658.606 0.1299999999999999
658.901 0.11334
659.196 0.1499999999999999
659.492 0.1433399999999998
659.787 0.12666999999999984
660.082 0.1533399999999996
660.375 0.09333999999999998
660.67 0.11666999999999961
660.965 0.12333999999999978
661.26 0.12666999999999984
661.555 0.09666999999999959
661.85 0.10999999999999988
662.146 0.06999999999999984
662.439 0.10666999999999982
662.734 0.12333999999999978
663.029 0.10999999999999988
663.324 0.13334000000000001
663.619 0.08999999999999986
663.914 0.10333999999999977
664.209 0.09666999999999959
664.502 0.1499999999999999
664.797 0.10666999999999982
665.092 0.09333999999999998
665.387 0.09666999999999959
665.682 0.08333999999999975
665.975 0.11334
666.27 0.12333999999999978
666.565 0.11666999999999961
666.859 0.11999999999999966
667.154 0.09666999999999959
667.449 0.09999999999999964
667.742 0.09333999999999998
668.037 0.10666999999999982
668.332 0.10999999999999988
668.627 0.10999999999999988
668.922 0.10333999999999977
669.214 0.0866699999999998
669.509 0.08333999999999975
669.804 0.12333999999999978
670.099 0.08999999999999986
670.392 0.10333999999999977
670.687 0.10999999999999988
670.981 0.10333999999999977
671.276 0.10999999999999988
671.571 0.06666999999999978
671.864 0.11999999999999966
672.158 0.09333999999999998
672.453 0.11334
672.748 0.10666999999999982
673.041 0.1299999999999999
673.335 0.11999999999999966
673.63 0.10999999999999988
673.925 0.09999999999999964
674.217 0.09666999999999959
674.512 0.09999999999999964
674.807 0.10333999999999977
675.101 0.09999999999999964
675.394 0.08999999999999986
675.689 0.12333999999999978
675.983 0.08999999999999986
676.276 0.11334
676.57 0.11666999999999961
676.865 0.09999999999999964
677.16 0.10666999999999982
677.452 0.07999999999999963
677.747 0.11666999999999961
678.041 0.10666999999999982
678.334 0.08999999999999986
678.628 0.08333999999999975
678.923 0.10999999999999988
679.215 0.10333999999999977
679.51 0.10666999999999982
679.804 0.09333999999999998
680.099 0.08999999999999986
680.391 0.09666999999999959
680.686 0.11666999999999961
680.98 0.09333999999999998
681.273 0.09666999999999959
681.567 0.0866699999999998
681.862 0.08999999999999986
682.154 0.09666999999999959
682.448 0.08999999999999986
682.743 0.09333999999999998
683.035 0.07999999999999963
683.33 0.10666999999999982
683.624 0.11334
683.916 0.10333999999999977
684.211 0.08333999999999975
684.503 0.11334
684.797 0.11666999999999961
685.092 0.06666999999999978
685.384 0.08999999999999986
685.678 0.10666999999999982
685.973 0.11666999999999961
686.265 0.11999999999999966
686.559 0.08999999999999986
686.852 0.09333999999999998
687.146 0.0866699999999998
687.44 0.08999999999999986
687.732 0.09333999999999998
688.027 0.10333999999999977
688.321 0.09999999999999964
688.613 0.09666999999999959
688.907 0.07667000000000002
689.199 0.09999999999999964
689.494 0.11334
689.788 0.08333999999999975
690.08 0.0866699999999998
690.374 0.07667000000000002
690.666 0.08333999999999975
690.96 0.08999999999999986
691.253 0.09333999999999998
691.547 0.05999999999999961
691.841 0.08999999999999986
