# Created: 2019-11-28 14:55:40.958526
# rshift intensity
65.7335 0.06666999999999978
66.059 0.11667000000000005
66.3844 0.08332999999999968
66.7099 0.08999999999999986
67.0354 0.14332999999999974
67.3608 0.11667000000000005
67.6863 0.13667000000000007
68.0096 0.13999999999999968
68.335 0.13332999999999995
68.6604 0.1499999999999999
68.9858 0.1299999999999999
69.3112 0.12332999999999972
69.6366 0.11667000000000005
69.9619 0.12332999999999972
70.2851 0.11999999999999966
70.6105 0.15332999999999997
70.9358 0.11667000000000005
71.2611 0.10666999999999982
71.5864 0.10666999999999982
71.9117 0.08999999999999986
72.237 0.08332999999999968
72.5602 0.08999999999999986
72.8854 0.0733299999999999
73.2107 0.05332999999999988
73.5359 0.07667000000000002
73.8611 0.0866699999999998
74.1863 0.04666999999999977
74.5094 0.040000000000000036
74.8346 0.05667
75.1598 0.08000000000000007
75.485 0.05332999999999988
75.8101 0.04333000000000009
76.1331 0.06332999999999966
76.4583 0.06000000000000005
76.7834 0.06000000000000005
77.1085 0.04333000000000009
77.4336 0.06332999999999966
77.7587 0.06332999999999966
78.0816 0.04999999999999982
78.4067 0.06666999999999978
78.7318 0.040000000000000036
79.0568 0.05667
79.3797 0.06000000000000005
79.7048 0.04999999999999982
80.0298 0.05667
80.3548 0.04666999999999977
80.6798 0.04999999999999982
81.0026 0.06999999999999984
81.3276 0.06000000000000005
81.6525 0.05332999999999988
81.9775 0.04999999999999982
82.3003 0.03666999999999998
82.6252 0.04666999999999977
82.9501 0.04999999999999982
83.275 0.04333000000000009
83.5999 0.04666999999999977
83.9226 0.05667
84.2475 0.04999999999999982
84.5724 0.05332999999999988
84.8972 0.02666999999999975
85.2199 0.05332999999999988
85.5447 0.06666999999999978
85.8695 0.04999999999999982
86.1943 0.06332999999999966
86.517 0.05332999999999988
86.8418 0.04666999999999977
87.1665 0.06000000000000005
87.4892 0.06999999999999984
87.8139 0.06999999999999984
88.1386 0.05332999999999988
88.4633 0.03666999999999998
88.7859 0.05667
89.1106 0.040000000000000036
89.4353 0.05667
89.7579 0.04666999999999977
90.0825 0.04666999999999977
90.4072 0.023330000000000073
90.7318 0.06999999999999984
91.0543 0.040000000000000036
91.3789 0.06332999999999966
91.7035 0.06332999999999966
92.026 0.04333000000000009
92.3506 0.05332999999999988
92.6752 0.05667
92.9976 0.04999999999999982
93.3221 0.040000000000000036
93.6467 0.04333000000000009
93.9712 0.06666999999999978
94.2936 0.04333000000000009
94.6181 0.0733299999999999
94.9426 0.06999999999999984
95.2649 0.05332999999999988
95.5894 0.06000000000000005
95.9139 0.05667
96.2362 0.06332999999999966
96.5606 0.05332999999999988
96.8851 0.06332999999999966
97.2074 0.05332999999999988
97.5318 0.04999999999999982
97.8562 0.040000000000000036
98.1784 0.06332999999999966
98.5028 0.04333000000000009
98.825 0.0866699999999998
99.1494 0.05667
99.4737 0.05667
99.7959 0.05667
100.12 0.06666999999999978
100.445 0.04999999999999982
100.767 0.04666999999999977
101.091 0.05332999999999988
101.415 0.05332999999999988
101.737 0.04666999999999977
102.062 0.04666999999999977
102.384 0.029999999999999805
102.708 0.05667
103.032 0.04666999999999977
103.354 0.05667
103.678 0.05332999999999988
104.0 0.05667
104.325 0.06999999999999984
104.649 0.04333000000000009
104.971 0.04999999999999982
105.295 0.06332999999999966
105.617 0.05332999999999988
105.941 0.03332999999999986
106.265 0.06999999999999984
106.587 0.06000000000000005
106.911 0.03666999999999998
107.233 0.0733299999999999
107.557 0.04999999999999982
107.879 0.04999999999999982
108.203 0.04666999999999977
108.527 0.040000000000000036
108.849 0.06332999999999966
109.173 0.04333000000000009
109.495 0.06666999999999978
109.819 0.05332999999999988
110.141 0.04999999999999982
110.465 0.040000000000000036
110.789 0.06666999999999978
111.11 0.06332999999999966
111.434 0.04999999999999982
111.756 0.05667
112.08 0.06666999999999978
112.402 0.03332999999999986
112.726 0.03666999999999998
113.047 0.040000000000000036
113.371 0.04666999999999977
113.693 0.06000000000000005
114.017 0.05332999999999988
114.341 0.05667
114.662 0.06332999999999966
114.986 0.04333000000000009
115.308 0.06666999999999978
115.632 0.04666999999999977
115.953 0.04666999999999977
116.277 0.040000000000000036
116.599 0.06000000000000005
116.922 0.05332999999999988
117.244 0.04999999999999982
117.568 0.03666999999999998
117.889 0.06332999999999966
118.213 0.06332999999999966
118.534 0.05667
118.858 0.05667
119.18 0.04999999999999982
119.503 0.04666999999999977
119.825 0.05667
120.148 0.07667000000000002
120.47 0.05667
120.793 0.06999999999999984
121.115 0.04666999999999977
121.436 0.06666999999999978
121.76 0.05667
122.081 0.07667000000000002
122.405 0.04999999999999982
122.726 0.04999999999999982
123.05 0.04999999999999982
123.371 0.06999999999999984
123.695 0.06666999999999978
124.016 0.06666999999999978
124.34 0.04999999999999982
124.661 0.06666999999999978
124.984 0.06999999999999984
125.306 0.03666999999999998
125.627 0.06666999999999978
125.95 0.04666999999999977
126.272 0.05667
126.595 0.06666999999999978
126.916 0.06000000000000005
127.24 0.04666999999999977
127.561 0.05332999999999988
127.882 0.040000000000000036
128.206 0.06000000000000005
128.527 0.05667
128.85 0.03666999999999998
129.171 0.0733299999999999
129.495 0.040000000000000036
129.816 0.04999999999999982
130.137 0.05667
130.46 0.06666999999999978
130.781 0.05332999999999988
131.104 0.06332999999999966
131.426 0.05332999999999988
131.747 0.06332999999999966
132.07 0.06666999999999978
132.391 0.05667
132.712 0.06999999999999984
133.035 0.040000000000000036
133.356 0.04333000000000009
133.679 0.06666999999999978
134.0 0.08000000000000007
134.321 0.04333000000000009
134.645 0.0733299999999999
134.965 0.04666999999999977
135.286 0.04666999999999977
135.61 0.06666999999999978
135.931 0.07667000000000002
136.254 0.06000000000000005
136.575 0.05667
136.895 0.06666999999999978
137.218 0.04333000000000009
137.539 0.03666999999999998
137.86 0.04333000000000009
138.183 0.020000000000000018
138.504 0.04666999999999977
138.825 0.06000000000000005
139.148 0.05332999999999988
139.469 0.04333000000000009
139.79 0.05667
140.112 0.05332999999999988
140.433 0.04666999999999977
140.754 0.06666999999999978
141.077 0.029999999999999805
141.398 0.06332999999999966
141.718 0.07667000000000002
142.041 0.04333000000000009
142.362 0.0733299999999999
142.683 0.06000000000000005
143.006 0.06666999999999978
143.326 0.04999999999999982
143.647 0.03332999999999986
143.968 0.06332999999999966
144.29 0.04999999999999982
144.611 0.05332999999999988
144.932 0.03666999999999998
145.254 0.040000000000000036
145.575 0.0733299999999999
145.896 0.0733299999999999
146.218 0.05667
146.539 0.06999999999999984
146.86 0.03332999999999986
147.18 0.03332999999999986
147.503 0.07667000000000002
147.823 0.04999999999999982
148.144 0.06332999999999966
148.464 0.04999999999999982
148.787 0.04999999999999982
149.108 0.05667
149.428 0.04999999999999982
149.749 0.03666999999999998
150.071 0.05332999999999988
150.392 0.06332999999999966
150.712 0.05332999999999988
151.032 0.06666999999999978
151.355 0.05667
151.675 0.040000000000000036
151.996 0.04999999999999982
152.316 0.04666999999999977
152.639 0.06666999999999978
152.959 0.07667000000000002
153.279 0.04666999999999977
153.6 0.040000000000000036
153.922 0.04333000000000009
154.242 0.05667
154.563 0.04999999999999982
154.883 0.040000000000000036
155.203 0.040000000000000036
155.526 0.06666999999999978
155.846 0.04333000000000009
156.166 0.06000000000000005
156.487 0.06332999999999966
156.807 0.06999999999999984
157.129 0.04999999999999982
157.449 0.05332999999999988
157.77 0.05667
158.09 0.05667
158.41 0.06999999999999984
158.732 0.05667
159.052 0.05332999999999988
159.372 0.04333000000000009
159.693 0.05667
160.013 0.06332999999999966
160.335 0.05332999999999988
160.655 0.06999999999999984
160.975 0.06999999999999984
161.295 0.04333000000000009
161.615 0.05667
161.935 0.07667000000000002
162.258 0.06332999999999966
162.578 0.06000000000000005
162.898 0.05667
163.218 0.06999999999999984
163.538 0.06000000000000005
163.858 0.06666999999999978
164.178 0.04999999999999982
164.5 0.07667000000000002
164.82 0.04999999999999982
165.14 0.03666999999999998
165.459 0.07667000000000002
165.779 0.03332999999999986
166.099 0.04666999999999977
166.419 0.04999999999999982
166.741 0.06332999999999966
167.061 0.06332999999999966
167.381 0.08000000000000007
167.701 0.05667
168.021 0.03666999999999998
168.341 0.0733299999999999
168.66 0.04333000000000009
168.98 0.06332999999999966
169.3 0.05332999999999988
169.622 0.06000000000000005
169.942 0.040000000000000036
170.261 0.04666999999999977
170.581 0.05667
170.901 0.05332999999999988
171.221 0.05667
171.54 0.05332999999999988
171.86 0.06000000000000005
172.18 0.06666999999999978
172.499 0.07667000000000002
172.819 0.08000000000000007
173.139 0.05332999999999988
173.461 0.04666999999999977
173.78 0.05667
174.1 0.03332999999999986
174.42 0.06000000000000005
174.739 0.029999999999999805
175.059 0.04999999999999982
175.378 0.04666999999999977
175.698 0.03332999999999986
176.018 0.06999999999999984
176.337 0.04999999999999982
176.657 0.03666999999999998
176.976 0.05667
177.296 0.04999999999999982
177.615 0.05332999999999988
177.935 0.04333000000000009
178.254 0.06000000000000005
178.574 0.05667
178.893 0.040000000000000036
179.213 0.04999999999999982
179.532 0.06332999999999966
179.852 0.04999999999999982
180.173 0.06000000000000005
180.492 0.04999999999999982
180.812 0.07667000000000002
181.131 0.04666999999999977
181.451 0.04666999999999977
181.77 0.05332999999999988
182.089 0.029999999999999805
182.409 0.06332999999999966
182.728 0.04333000000000009
183.047 0.04666999999999977
183.367 0.05667
183.686 0.03666999999999998
184.005 0.06332999999999966
184.325 0.06000000000000005
184.644 0.05332999999999988
184.963 0.05332999999999988
185.28 0.04666999999999977
185.6 0.06999999999999984
185.919 0.04999999999999982
186.238 0.05667
186.557 0.04999999999999982
186.876 0.04999999999999982
187.196 0.06332999999999966
187.515 0.05332999999999988
187.834 0.06332999999999966
188.153 0.06332999999999966
188.472 0.06000000000000005
188.791 0.0733299999999999
189.111 0.06666999999999978
189.43 0.040000000000000036
189.749 0.04999999999999982
190.068 0.05332999999999988
190.387 0.02666999999999975
190.706 0.05332999999999988
191.025 0.04666999999999977
191.344 0.06332999999999966
191.663 0.04666999999999977
191.982 0.04999999999999982
192.299 0.06999999999999984
192.618 0.06666999999999978
192.937 0.05667
193.256 0.04999999999999982
193.575 0.06332999999999966
193.894 0.06000000000000005
194.213 0.06999999999999984
194.532 0.07667000000000002
194.851 0.04999999999999982
195.17 0.04999999999999982
195.489 0.05332999999999988
195.805 0.03666999999999998
196.124 0.06000000000000005
196.443 0.06332999999999966
196.762 0.06000000000000005
197.081 0.04333000000000009
197.4 0.06000000000000005
197.719 0.0733299999999999
198.037 0.05667
198.356 0.04999999999999982
198.673 0.06666999999999978
198.992 0.05667
199.31 0.08000000000000007
199.629 0.06332999999999966
199.948 0.08332999999999968
200.267 0.06332999999999966
200.585 0.040000000000000036
200.902 0.029999999999999805
201.221 0.04999999999999982
201.539 0.05332999999999988
201.858 0.05332999999999988
202.177 0.04666999999999977
202.495 0.05667
202.814 0.05667
203.131 0.06666999999999978
203.449 0.05332999999999988
203.768 0.06332999999999966
204.086 0.06000000000000005
204.405 0.05667
204.724 0.05332999999999988
205.04 0.03666999999999998
205.359 0.05667
205.677 0.06332999999999966
205.996 0.07667000000000002
206.314 0.06000000000000005
206.631 0.06000000000000005
206.949 0.04666999999999977
207.268 0.08000000000000007
207.586 0.06000000000000005
207.905 0.06332999999999966
208.223 0.03666999999999998
208.54 0.06332999999999966
208.858 0.04999999999999982
209.176 0.06666999999999978
209.495 0.0733299999999999
209.811 0.06999999999999984
210.13 0.06666999999999978
210.448 0.04333000000000009
210.766 0.05667
211.085 0.06666999999999978
211.401 0.05667
211.719 0.06332999999999966
212.038 0.06000000000000005
212.356 0.03666999999999998
212.672 0.08332999999999968
212.99 0.04333000000000009
213.309 0.0733299999999999
213.627 0.06000000000000005
213.943 0.05332999999999988
214.261 0.06332999999999966
214.58 0.04666999999999977
214.898 0.06332999999999966
215.214 0.06332999999999966
215.532 0.08000000000000007
215.85 0.0733299999999999
216.169 0.06332999999999966
216.485 0.0866699999999998
216.803 0.06666999999999978
217.121 0.05667
217.439 0.03666999999999998
217.755 0.06999999999999984
218.073 0.040000000000000036
218.392 0.020000000000000018
218.71 0.06332999999999966
219.026 0.0733299999999999
219.344 0.05667
219.662 0.04999999999999982
219.978 0.06666999999999978
220.296 0.04666999999999977
220.614 0.07667000000000002
220.93 0.0733299999999999
221.248 0.06332999999999966
221.566 0.05332999999999988
221.884 0.05332999999999988
222.2 0.07667000000000002
222.518 0.09332999999999991
222.836 0.06666999999999978
223.151 0.06999999999999984
223.469 0.06332999999999966
223.787 0.04666999999999977
224.103 0.06999999999999984
224.421 0.05332999999999988
224.739 0.04999999999999982
225.055 0.06666999999999978
225.373 0.03666999999999998
225.691 0.05667
226.006 0.04999999999999982
226.324 0.06666999999999978
226.642 0.06332999999999966
226.958 0.06999999999999984
227.276 0.06332999999999966
227.593 0.09332999999999991
227.909 0.06332999999999966
228.227 0.06000000000000005
228.545 0.0866699999999998
228.86 0.06000000000000005
229.178 0.06332999999999966
229.494 0.06332999999999966
229.811 0.05667
230.129 0.06666999999999978
230.445 0.06999999999999984
230.762 0.06666999999999978
231.08 0.06666999999999978
231.396 0.06999999999999984
231.713 0.04999999999999982
232.029 0.07667000000000002
232.346 0.06999999999999984
232.664 0.04999999999999982
232.98 0.06000000000000005
233.297 0.08999999999999986
233.613 0.06000000000000005
233.93 0.04999999999999982
234.248 0.06999999999999984
234.563 0.06000000000000005
234.881 0.08332999999999968
235.196 0.06332999999999966
235.514 0.06666999999999978
235.831 0.06000000000000005
236.147 0.05332999999999988
236.464 0.06332999999999966
236.78 0.07667000000000002
237.097 0.05667
237.413 0.06999999999999984
237.73 0.06999999999999984
238.047 0.06999999999999984
238.363 0.06999999999999984
238.68 0.05667
238.996 0.06000000000000005
239.313 0.06332999999999966
239.628 0.06332999999999966
239.946 0.04999999999999982
240.261 0.04999999999999982
240.578 0.04999999999999982
240.893 0.05667
241.211 0.06666999999999978
241.528 0.06666999999999978
241.843 0.06666999999999978
242.161 0.04999999999999982
242.476 0.04666999999999977
242.793 0.04666999999999977
243.108 0.07667000000000002
243.426 0.05332999999999988
243.741 0.06332999999999966
244.058 0.06332999999999966
244.373 0.06000000000000005
244.69 0.06332999999999966
245.005 0.0733299999999999
245.323 0.05667
245.638 0.07667000000000002
245.955 0.06332999999999966
246.27 0.06999999999999984
246.587 0.05332999999999988
246.902 0.06332999999999966
247.219 0.06332999999999966
247.534 0.04333000000000009
247.851 0.07667000000000002
248.166 0.0733299999999999
248.484 0.0733299999999999
248.798 0.06999999999999984
249.116 0.04333000000000009
249.431 0.04999999999999982
249.748 0.04666999999999977
250.062 0.06332999999999966
250.38 0.06999999999999984
250.694 0.05332999999999988
251.009 0.05667
251.326 0.05667
251.641 0.06000000000000005
251.958 0.06999999999999984
252.273 0.04999999999999982
252.59 0.08000000000000007
252.905 0.0733299999999999
253.222 0.05667
253.537 0.05332999999999988
253.851 0.08332999999999968
254.168 0.07667000000000002
254.483 0.06332999999999966
254.8 0.06666999999999978
255.115 0.06999999999999984
255.432 0.06999999999999984
255.746 0.06332999999999966
256.061 0.05332999999999988
256.378 0.06332999999999966
256.693 0.04999999999999982
257.009 0.06332999999999966
257.324 0.0733299999999999
257.641 0.08000000000000007
257.956 0.06999999999999984
258.27 0.07667000000000002
258.587 0.04333000000000009
258.902 0.05667
259.216 0.05667
259.533 0.05332999999999988
259.847 0.04999999999999982
260.164 0.04666999999999977
260.479 0.05667
260.793 0.07667000000000002
261.11 0.04999999999999982
261.425 0.04999999999999982
261.741 0.04999999999999982
262.056 0.06999999999999984
262.37 0.06332999999999966
262.687 0.06332999999999966
263.001 0.05667
263.316 0.0733299999999999
263.632 0.05667
263.947 0.06332999999999966
264.261 0.0733299999999999
264.578 0.04999999999999982
264.892 0.05332999999999988
265.207 0.06000000000000005
265.523 0.04666999999999977
265.838 0.06000000000000005
266.154 0.05667
266.468 0.04333000000000009
266.783 0.06666999999999978
267.099 0.05667
267.414 0.04999999999999982
267.728 0.06666999999999978
268.042 0.07667000000000002
268.359 0.06666999999999978
268.673 0.06000000000000005
268.987 0.06999999999999984
269.304 0.07667000000000002
269.618 0.040000000000000036
269.932 0.10666999999999982
270.249 0.06000000000000005
270.563 0.06666999999999978
270.877 0.06999999999999984
271.193 0.06000000000000005
271.508 0.040000000000000036
271.822 0.06332999999999966
272.136 0.05667
272.452 0.05332999999999988
272.766 0.05667
273.081 0.06332999999999966
273.397 0.06332999999999966
273.711 0.06000000000000005
274.025 0.06332999999999966
274.339 0.06999999999999984
274.655 0.06999999999999984
274.969 0.0733299999999999
275.284 0.05332999999999988
275.598 0.06666999999999978
275.914 0.07667000000000002
276.228 0.06332999999999966
276.542 0.06000000000000005
276.856 0.07667000000000002
277.172 0.0733299999999999
277.486 0.05667
277.8 0.04666999999999977
278.114 0.08332999999999968
278.43 0.04999999999999982
278.744 0.05332999999999988
279.058 0.07667000000000002
279.372 0.040000000000000036
279.688 0.05667
280.002 0.05332999999999988
280.316 0.06999999999999984
280.63 0.06332999999999966
280.944 0.05332999999999988
281.259 0.06999999999999984
281.573 0.06999999999999984
281.887 0.08999999999999986
282.201 0.05332999999999988
282.517 0.08332999999999968
282.831 0.08000000000000007
283.145 0.05667
283.458 0.06000000000000005
283.772 0.06999999999999984
284.088 0.06332999999999966
284.402 0.06666999999999978
284.716 0.0866699999999998
285.029 0.06999999999999984
285.343 0.05332999999999988
285.657 0.07667000000000002
285.973 0.06332999999999966
286.286 0.06332999999999966
286.6 0.06999999999999984
286.914 0.06000000000000005
287.227 0.04999999999999982
287.541 0.06666999999999978
287.857 0.06000000000000005
288.17 0.06999999999999984
288.484 0.04999999999999982
288.798 0.04666999999999977
289.111 0.06332999999999966
289.425 0.06000000000000005
289.741 0.06666999999999978
290.054 0.0733299999999999
290.368 0.04333000000000009
290.681 0.06000000000000005
290.995 0.07667000000000002
291.308 0.06666999999999978
291.622 0.06999999999999984
291.935 0.06000000000000005
292.251 0.06999999999999984
292.565 0.06332999999999966
292.878 0.06332999999999966
293.191 0.07667000000000002
293.505 0.06332999999999966
293.818 0.06332999999999966
294.132 0.06666999999999978
294.445 0.06666999999999978
294.761 0.06999999999999984
295.074 0.07667000000000002
295.388 0.08999999999999986
295.701 0.07667000000000002
296.014 0.06666999999999978
296.328 0.08332999999999968
296.641 0.08000000000000007
296.954 0.06999999999999984
297.268 0.05667
297.581 0.04333000000000009
297.894 0.05332999999999988
298.21 0.08332999999999968
298.523 0.08332999999999968
298.836 0.04999999999999982
299.15 0.05667
299.463 0.06332999999999966
299.776 0.0733299999999999
300.089 0.08000000000000007
300.403 0.07667000000000002
300.716 0.06666999999999978
301.029 0.06000000000000005
301.342 0.06999999999999984
301.655 0.06999999999999984
301.969 0.06999999999999984
302.282 0.05667
302.595 0.06332999999999966
302.908 0.06999999999999984
303.221 0.0733299999999999
303.534 0.0733299999999999
303.847 0.0733299999999999
304.161 0.08332999999999968
304.474 0.08332999999999968
304.789 0.0733299999999999
305.102 0.06332999999999966
305.415 0.040000000000000036
305.728 0.07667000000000002
306.041 0.06666999999999978
306.354 0.06000000000000005
306.667 0.04999999999999982
306.98 0.06332999999999966
307.293 0.07667000000000002
307.606 0.08332999999999968
307.919 0.08332999999999968
308.232 0.07667000000000002
308.545 0.06666999999999978
308.858 0.08332999999999968
309.171 0.06666999999999978
309.484 0.0733299999999999
309.797 0.06666999999999978
310.11 0.03666999999999998
310.42 0.08000000000000007
310.733 0.08000000000000007
311.046 0.06999999999999984
311.359 0.10666999999999982
311.672 0.04666999999999977
311.985 0.0866699999999998
312.297 0.06999999999999984
312.61 0.04333000000000009
312.923 0.06000000000000005
313.236 0.0733299999999999
313.549 0.06666999999999978
313.861 0.08999999999999986
314.174 0.08332999999999968
314.487 0.07667000000000002
314.8 0.08999999999999986
315.112 0.08332999999999968
315.425 0.0866699999999998
315.738 0.10666999999999982
316.051 0.07667000000000002
316.363 0.11332999999999993
316.674 0.09332999999999991
316.987 0.08999999999999986
317.299 0.08999999999999986
317.612 0.0733299999999999
317.924 0.0866699999999998
318.237 0.09332999999999991
318.55 0.10999999999999988
318.862 0.08332999999999968
319.175 0.09332999999999991
319.487 0.09332999999999991
319.8 0.1033299999999997
320.111 0.06666999999999978
320.423 0.0866699999999998
320.736 0.06666999999999978
321.048 0.09332999999999991
321.361 0.09332999999999991
321.673 0.10999999999999988
321.986 0.10000000000000009
322.298 0.08332999999999968
322.611 0.09332999999999991
322.921 0.09332999999999991
323.233 0.09667000000000003
323.546 0.08999999999999986
323.858 0.08332999999999968
324.171 0.07667000000000002
324.483 0.09332999999999991
324.796 0.07667000000000002
325.106 0.10666999999999982
325.418 0.10000000000000009
325.731 0.10666999999999982
326.043 0.08000000000000007
326.355 0.08000000000000007
326.668 0.06666999999999978
326.98 0.10666999999999982
327.29 0.08999999999999986
327.603 0.08000000000000007
327.915 0.10666999999999982
328.227 0.08000000000000007
328.539 0.08000000000000007
328.852 0.09667000000000003
329.162 0.0866699999999998
329.474 0.09667000000000003
329.786 0.09332999999999991
330.099 0.09332999999999991
330.411 0.06999999999999984
330.721 0.09667000000000003
331.033 0.09332999999999991
331.345 0.07667000000000002
331.657 0.09667000000000003
331.97 0.11332999999999993
332.28 0.1033299999999997
332.592 0.09332999999999991
332.904 0.08332999999999968
333.216 0.09667000000000003
333.528 0.10666999999999982
333.838 0.06999999999999984
334.15 0.10999999999999988
334.462 0.08999999999999986
334.774 0.1033299999999997
335.084 0.0866699999999998
335.396 0.10999999999999988
335.708 0.06666999999999978
336.021 0.1033299999999997
336.33 0.10000000000000009
336.642 0.09667000000000003
336.954 0.08000000000000007
337.266 0.0866699999999998
337.578 0.11999999999999966
337.888 0.09667000000000003
338.2 0.08999999999999986
338.512 0.11332999999999993
338.822 0.0866699999999998
339.134 0.1033299999999997
339.446 0.11667000000000005
339.758 0.11332999999999993
340.068 0.08999999999999986
340.379 0.09332999999999991
340.691 0.11667000000000005
341.003 0.08000000000000007
341.313 0.08000000000000007
341.625 0.10666999999999982
341.937 0.07667000000000002
342.246 0.09667000000000003
342.558 0.09667000000000003
342.87 0.11667000000000005
343.182 0.10000000000000009
343.491 0.09667000000000003
343.803 0.11332999999999993
344.115 0.10000000000000009
344.425 0.1299999999999999
344.736 0.10000000000000009
345.048 0.0733299999999999
345.358 0.11332999999999993
345.669 0.10000000000000009
345.981 0.10000000000000009
346.291 0.10999999999999988
346.602 0.10666999999999982
346.914 0.11332999999999993
347.226 0.0866699999999998
347.535 0.10666999999999982
347.847 0.11332999999999993
348.158 0.10666999999999982
348.468 0.11999999999999966
348.78 0.09667000000000003
349.089 0.10999999999999988
349.401 0.11332999999999993
349.712 0.09667000000000003
350.022 0.10666999999999982
350.333 0.12666999999999984
350.645 0.09667000000000003
350.954 0.10666999999999982
351.266 0.08000000000000007
351.577 0.12666999999999984
351.887 0.10999999999999988
352.198 0.11667000000000005
352.509 0.12332999999999972
352.819 0.0866699999999998
353.13 0.08000000000000007
353.44 0.11667000000000005
353.751 0.10999999999999988
354.062 0.1033299999999997
354.372 0.10000000000000009
354.683 0.09667000000000003
354.993 0.11667000000000005
355.304 0.06000000000000005
355.615 0.1033299999999997
355.925 0.08999999999999986
356.236 0.10999999999999988
356.545 0.09667000000000003
356.856 0.09667000000000003
357.168 0.09667000000000003
357.477 0.11667000000000005
357.788 0.1033299999999997
358.097 0.0866699999999998
358.409 0.08000000000000007
358.718 0.12332999999999972
359.029 0.09332999999999991
359.34 0.0866699999999998
359.65 0.08000000000000007
359.961 0.0866699999999998
360.27 0.08332999999999968
360.581 0.09332999999999991
360.89 0.09667000000000003
361.201 0.09332999999999991
361.513 0.10999999999999988
361.822 0.09332999999999991
362.133 0.10000000000000009
362.442 0.10666999999999982
362.753 0.08999999999999986
363.062 0.07667000000000002
363.373 0.10000000000000009
363.682 0.10000000000000009
363.993 0.12332999999999972
364.302 0.0866699999999998
364.613 0.08999999999999986
364.922 0.11999999999999966
365.233 0.1033299999999997
365.542 0.10666999999999982
365.853 0.09667000000000003
366.162 0.08000000000000007
366.473 0.11332999999999993
366.784 0.0733299999999999
367.093 0.11332999999999993
367.404 0.10999999999999988
367.713 0.11332999999999993
368.022 0.09332999999999991
368.333 0.1033299999999997
368.642 0.09332999999999991
368.952 0.0733299999999999
369.261 0.09332999999999991
369.572 0.10000000000000009
369.881 0.11667000000000005
370.192 0.09667000000000003
370.501 0.10666999999999982
370.811 0.08000000000000007
371.12 0.11332999999999993
371.431 0.09332999999999991
371.74 0.10666999999999982
372.051 0.09667000000000003
372.359 0.10666999999999982
372.67 0.09332999999999991
372.979 0.11999999999999966
373.29 0.10999999999999988
373.598 0.1033299999999997
373.907 0.1499999999999999
374.218 0.08999999999999986
374.526 0.10999999999999988
374.837 0.10999999999999988
375.146 0.10666999999999982
375.456 0.09667000000000003
375.765 0.10666999999999982
376.074 0.12332999999999972
376.384 0.1033299999999997
376.693 0.09667000000000003
377.003 0.10999999999999988
377.312 0.10999999999999988
377.623 0.1033299999999997
377.931 0.1033299999999997
378.24 0.10999999999999988
378.55 0.11332999999999993
378.859 0.09667000000000003
379.169 0.10666999999999982
379.478 0.11332999999999993
379.786 0.10999999999999988
380.097 0.11332999999999993
380.405 0.11332999999999993
380.716 0.10000000000000009
381.024 0.1299999999999999
381.333 0.0866699999999998
381.643 0.11999999999999966
381.952 0.0866699999999998
382.26 0.09667000000000003
382.57 0.11999999999999966
382.879 0.1033299999999997
383.189 0.1033299999999997
383.498 0.0866699999999998
383.806 0.10999999999999988
384.116 0.12332999999999972
384.425 0.11999999999999966
384.733 0.12666999999999984
385.043 0.10000000000000009
385.352 0.12666999999999984
385.66 0.1499999999999999
385.97 0.13667000000000007
386.279 0.1299999999999999
386.587 0.11667000000000005
386.897 0.13999999999999968
387.205 0.08999999999999986
387.513 0.12332999999999972
387.824 0.12332999999999972
388.132 0.11999999999999966
388.44 0.10666999999999982
388.75 0.12332999999999972
389.059 0.11332999999999993
389.367 0.1299999999999999
389.677 0.12666999999999984
389.985 0.13999999999999968
390.293 0.10666999999999982
390.603 0.1299999999999999
390.911 0.12666999999999984
391.22 0.14332999999999974
391.53 0.12666999999999984
391.838 0.13999999999999968
392.146 0.1299999999999999
392.454 0.11332999999999993
392.764 0.1299999999999999
393.072 0.12332999999999972
393.38 0.12332999999999972
393.69 0.10666999999999982
393.998 0.12666999999999984
394.306 0.12332999999999972
394.614 0.13667000000000007
394.924 0.1299999999999999
395.232 0.11999999999999966
395.54 0.13332999999999995
395.848 0.14332999999999974
396.158 0.13332999999999995
396.466 0.13999999999999968
396.774 0.1499999999999999
397.082 0.13332999999999995
397.392 0.1499999999999999
397.7 0.1299999999999999
398.007 0.12666999999999984
398.315 0.17332999999999998
398.625 0.11999999999999966
398.933 0.13332999999999995
399.241 0.1566700000000001
399.549 0.1499999999999999
399.858 0.13332999999999995
400.166 0.12666999999999984
400.474 0.16666999999999987
400.782 0.13667000000000007
401.09 0.13999999999999968
401.399 0.1599999999999997
401.707 0.12332999999999972
402.015 0.12332999999999972
402.323 0.13332999999999995
402.63 0.16666999999999987
402.94 0.13999999999999968
403.248 0.1499999999999999
403.555 0.1299999999999999
403.863 0.15332999999999997
404.171 0.1566700000000001
404.481 0.16332999999999975
404.788 0.1499999999999999
405.096 0.15332999999999997
405.403 0.1866699999999999
405.711 0.19333
406.019 0.16332999999999975
406.328 0.1566700000000001
406.636 0.16332999999999975
406.943 0.16666999999999987
407.251 0.17999999999999972
407.559 0.17332999999999998
407.866 0.1566700000000001
408.176 0.20999999999999996
408.483 0.18332999999999977
408.791 0.17666999999999966
409.098 0.2166699999999997
409.406 0.17332999999999998
409.713 0.19333
410.021 0.18999999999999995
410.33 0.16332999999999975
410.638 0.18999999999999995
410.945 0.20999999999999996
411.252 0.18332999999999977
411.56 0.2033299999999998
411.867 0.2166699999999997
412.175 0.2233299999999998
412.482 0.18999999999999995
412.791 0.17666999999999966
413.099 0.19999999999999973
413.406 0.22999999999999998
413.713 0.23999999999999977
414.021 0.22999999999999998
414.328 0.24666999999999994
414.635 0.2233299999999998
414.943 0.23333000000000004
415.25 0.23333000000000004
415.559 0.25
415.867 0.26666999999999996
416.174 0.2033299999999998
416.481 0.23333000000000004
416.788 0.2233299999999998
417.096 0.23333000000000004
417.403 0.2166699999999997
417.71 0.24332999999999982
418.017 0.21999999999999975
418.324 0.21333000000000002
418.632 0.21999999999999975
418.939 0.22666999999999993
419.246 0.2233299999999998
419.553 0.22999999999999998
419.86 0.2066699999999999
420.169 0.24332999999999982
420.476 0.21999999999999975
420.784 0.21999999999999975
421.091 0.2166699999999997
421.398 0.20999999999999996
421.705 0.20999999999999996
422.012 0.21333000000000002
422.319 0.22666999999999993
422.626 0.19999999999999973
422.933 0.2166699999999997
423.24 0.23999999999999977
423.547 0.17999999999999972
423.854 0.21333000000000002
424.161 0.19333
424.468 0.18332999999999977
424.775 0.19333
425.082 0.18999999999999995
425.389 0.19666999999999968
425.696 0.19999999999999973
426.003 0.20999999999999996
426.31 0.17999999999999972
426.617 0.18332999999999977
426.923 0.19999999999999973
427.23 0.1866699999999999
427.537 0.16999999999999993
427.844 0.17666999999999966
428.151 0.19999999999999973
428.458 0.17666999999999966
428.765 0.17332999999999998
429.072 0.16332999999999975
429.378 0.1866699999999999
429.685 0.1566700000000001
429.992 0.17332999999999998
430.299 0.14332999999999974
430.605 0.14332999999999974
430.912 0.16666999999999987
431.219 0.16999999999999993
431.526 0.14666999999999986
431.832 0.16332999999999975
432.137 0.16332999999999975
432.444 0.16332999999999975
432.751 0.13667000000000007
433.057 0.1566700000000001
433.364 0.14666999999999986
433.671 0.16332999999999975
433.977 0.13667000000000007
434.284 0.14666999999999986
434.591 0.14332999999999974
434.897 0.16332999999999975
435.204 0.1499999999999999
435.51 0.13332999999999995
435.817 0.1599999999999997
436.124 0.17332999999999998
436.428 0.16332999999999975
436.735 0.13999999999999968
437.041 0.16999999999999993
437.348 0.13332999999999995
437.654 0.13999999999999968
437.961 0.16332999999999975
438.267 0.14666999999999986
438.574 0.1566700000000001
438.88 0.16666999999999987
439.187 0.13667000000000007
439.491 0.1299999999999999
439.798 0.1499999999999999
440.104 0.12666999999999984
440.411 0.1599999999999997
440.717 0.16666999999999987
441.024 0.13667000000000007
441.33 0.13999999999999968
441.636 0.1599999999999997
441.941 0.15332999999999997
442.247 0.15332999999999997
442.554 0.1566700000000001
442.86 0.12666999999999984
443.166 0.1499999999999999
443.473 0.11999999999999966
443.777 0.12332999999999972
444.083 0.12666999999999984
444.39 0.1299999999999999
444.696 0.11999999999999966
445.002 0.11332999999999993
445.308 0.12666999999999984
445.615 0.11667000000000005
445.919 0.12666999999999984
446.225 0.12332999999999972
446.531 0.10999999999999988
446.838 0.11332999999999993
447.144 0.13667000000000007
447.448 0.1299999999999999
447.754 0.12332999999999972
448.06 0.11332999999999993
448.367 0.14332999999999974
448.673 0.09332999999999991
448.977 0.10000000000000009
449.283 0.13999999999999968
449.589 0.11999999999999966
449.895 0.10666999999999982
450.201 0.11667000000000005
450.505 0.09332999999999991
450.812 0.11332999999999993
451.118 0.1033299999999997
451.424 0.1499999999999999
451.73 0.10666999999999982
452.034 0.10999999999999988
452.34 0.1033299999999997
452.646 0.13667000000000007
452.952 0.12666999999999984
453.256 0.12332999999999972
453.562 0.12666999999999984
453.868 0.11999999999999966
454.174 0.10666999999999982
454.478 0.10999999999999988
454.784 0.11332999999999993
455.09 0.11332999999999993
455.396 0.12332999999999972
455.7 0.13332999999999995
456.005 0.09332999999999991
456.311 0.11332999999999993
456.617 0.12666999999999984
456.921 0.11667000000000005
457.227 0.13667000000000007
457.533 0.13479735552803307
457.839 0.13498291091429815
458.143 0.13515180541185146
458.448 0.13517567729460422
458.754 0.13504489996546365
459.058 0.13477909820751055
459.364 0.13503714512350795
459.67 0.1350693128379974
459.975 0.134970267576759
460.279 0.13508266242886302
460.585 0.1350169877622278
460.891 0.13498865957307116
461.194 0.13505518785183357
461.5 0.13508876673774095
461.806 0.13486779053725106
462.11 0.13471827542309356
462.415 0.13512087543764428
462.721 0.1351377967132552
463.025 0.13511036681244493
463.33 0.13491904838043167
463.636 0.13999999999999968
463.94 0.14666999999999986
464.245 0.10000000000000009
464.551 0.13332999999999995
464.855 0.08999999999999986
465.16 0.10666999999999982
465.466 0.11999999999999966
465.769 0.12666999999999984
466.075 0.09332999999999991
466.38 0.10999999999999988
466.684 0.14666999999999986
466.99 0.1033299999999997
467.295 0.12666999999999984
467.599 0.13667000000000007
467.904 0.12666999999999984
468.21 0.12332999999999972
468.513 0.11332999999999993
468.819 0.11999999999999966
469.122 0.1499999999999999
469.428 0.11999999999999966
469.733 0.11332999999999993
470.036 0.11667000000000005
470.342 0.12332999999999972
470.645 0.17666999999999966
470.951 0.16999999999999993
471.256 0.22666999999999993
471.559 0.2733300000000001
471.865 0.3366699999999998
472.17 0.3733299999999997
472.474 0.3366699999999998
472.779 0.3599999999999999
473.082 0.3666699999999996
473.388 0.3766700000000003
473.691 0.3733299999999997
473.996 0.37999999999999945
474.302 0.3766700000000003
474.605 0.36999999999999966
474.91 0.38667000000000007
475.213 0.3366699999999998
475.519 0.3233299999999999
475.822 0.26666999999999996
476.127 0.27666999999999975
476.432 0.23333000000000004
476.736 0.13667000000000007
477.041 0.11999999999999966
477.344 0.10999999999999988
477.649 0.11999999999999966
477.952 0.11667000000000005
478.257 0.11332999999999993
478.561 0.11999999999999966
478.866 0.08999999999999986
479.171 0.13332999999999995
479.474 0.11332999999999993
479.779 0.1299999999999999
480.082 0.13667000000000007
480.387 0.14332999999999974
480.69 0.1299999999999999
480.995 0.10999999999999988
481.299 0.10666999999999982
481.604 0.12332999999999972
481.907 0.1299999999999999
482.212 0.11332999999999993
482.515 0.13667000000000007
482.82 0.1033299999999997
483.123 0.10666999999999982
483.428 0.11999999999999966
483.731 0.12332999999999972
484.036 0.11667000000000005
484.339 0.12332999999999972
484.644 0.10000000000000009
484.946 0.09667000000000003
485.251 0.1033299999999997
485.554 0.05667
485.859 0.13667000000000007
486.162 0.09667000000000003
486.467 0.08332999999999968
486.77 0.10000000000000009
487.073 0.07667000000000002
487.378 0.10666999999999982
487.68 0.08999999999999986
487.985 0.11332999999999993
488.288 0.1033299999999997
488.593 0.1033299999999997
488.896 0.11332999999999993
489.201 0.09332999999999991
489.503 0.09667000000000003
489.808 0.0733299999999999
490.111 0.08332999999999968
490.414 0.08999999999999986
490.718 0.09332999999999991
491.021 0.09332999999999991
491.326 0.07667000000000002
491.629 0.07667000000000002
491.933 0.08999999999999986
492.236 0.11332999999999993
492.539 0.07667000000000002
492.843 0.09667000000000003
493.146 0.08000000000000007
493.451 0.06666999999999978
493.753 0.08000000000000007
494.056 0.08000000000000007
494.361 0.08999999999999986
494.663 0.0733299999999999
494.968 0.08000000000000007
495.27 0.09667000000000003
495.573 0.06999999999999984
495.877 0.07667000000000002
496.18 0.08332999999999968
496.485 0.08999999999999986
496.787 0.10999999999999988
497.09 0.06999999999999984
497.394 0.09667000000000003
497.697 0.08999999999999986
497.999 0.09332999999999991
498.304 0.08000000000000007
498.606 0.08999999999999986
498.911 0.08000000000000007
499.213 0.06000000000000005
499.516 0.10666999999999982
499.82 0.06332999999999966
500.122 0.08999999999999986
500.425 0.06332999999999966
500.729 0.0866699999999998
501.032 0.08332999999999968
501.334 0.05667
501.638 0.08332999999999968
501.941 0.0733299999999999
502.243 0.0866699999999998
502.547 0.08000000000000007
502.85 0.10666999999999982
503.152 0.08332999999999968
503.456 0.11332999999999993
503.759 0.10000000000000009
504.061 0.07667000000000002
504.365 0.08000000000000007
504.668 0.08000000000000007
504.97 0.0866699999999998
505.272 0.08332999999999968
505.576 0.08000000000000007
505.879 0.09332999999999991
506.181 0.06332999999999966
506.485 0.08999999999999986
506.787 0.10999999999999988
507.089 0.08999999999999986
507.394 0.08332999999999968
507.696 0.09332999999999991
507.998 0.09332999999999991
508.3 0.1033299999999997
508.604 0.09667000000000003
508.906 0.09332999999999991
509.209 0.08999999999999986
509.511 0.09667000000000003
509.815 0.09332999999999991
510.117 0.10000000000000009
510.419 0.09332999999999991
510.723 0.0866699999999998
511.025 0.09332999999999991
511.327 0.08332999999999968
511.629 0.1033299999999997
511.931 0.07667000000000002
512.235 0.08332999999999968
512.537 0.0866699999999998
512.839 0.07667000000000002
513.141 0.08000000000000007
513.445 0.08999999999999986
513.747 0.10999999999999988
514.049 0.08332999999999968
514.351 0.0866699999999998
514.655 0.09332999999999991
514.957 0.0733299999999999
515.259 0.08332999999999968
515.561 0.09667000000000003
515.863 0.08999999999999986
516.167 0.0866699999999998
516.469 0.09332999999999991
516.77 0.08332999999999968
517.072 0.09667000000000003
517.374 0.10999999999999988
517.678 0.10666999999999982
517.98 0.10000000000000009
518.282 0.0866699999999998
518.583 0.1033299999999997
518.885 0.11332999999999993
519.189 0.10000000000000009
519.491 0.08332999999999968
519.793 0.10666999999999982
520.094 0.09332999999999991
520.396 0.09332999999999991
520.698 0.10000000000000009
521.002 0.0866699999999998
521.303 0.10999999999999988
521.605 0.11667000000000005
521.907 0.10999999999999988
522.208 0.0866699999999998
522.51 0.0733299999999999
522.812 0.09667000000000003
523.115 0.08999999999999986
523.417 0.09667000000000003
523.719 0.09667000000000003
524.02 0.06999999999999984
524.322 0.11999999999999966
524.624 0.0866699999999998
524.925 0.0866699999999998
525.229 0.11999999999999966
525.53 0.10000000000000009
525.832 0.10999999999999988
526.133 0.10000000000000009
526.435 0.11999999999999966
526.737 0.08999999999999986
527.038 0.09667000000000003
527.34 0.10000000000000009
527.641 0.10666999999999982
527.945 0.10000000000000009
528.246 0.10000000000000009
528.548 0.11332999999999993
528.849 0.09332999999999991
529.151 0.10666999999999982
529.452 0.10999999999999988
529.753 0.06666999999999978
530.055 0.08999999999999986
530.356 0.06999999999999984
530.658 0.10000000000000009
530.959 0.11332999999999993
531.26 0.1033299999999997
531.564 0.1033299999999997
531.865 0.0733299999999999
532.167 0.09332999999999991
532.468 0.11332999999999993
532.769 0.1033299999999997
533.071 0.12666999999999984
533.372 0.10999999999999988
533.673 0.09667000000000003
533.974 0.10999999999999988
534.276 0.12332999999999972
534.577 0.1033299999999997
534.878 0.10000000000000009
535.18 0.10999999999999988
535.481 0.09667000000000003
535.782 0.10999999999999988
536.083 0.11999999999999966
536.385 0.10999999999999988
536.686 0.12332999999999972
536.987 0.11667000000000005
537.288 0.10000000000000009
537.589 0.10666999999999982
537.89 0.11667000000000005
538.192 0.10666999999999982
538.493 0.11667000000000005
538.794 0.10000000000000009
539.095 0.13667000000000007
539.396 0.11332999999999993
539.697 0.12332999999999972
539.998 0.11667000000000005
540.299 0.12666999999999984
540.6 0.14666999999999986
540.902 0.11332999999999993
541.203 0.11667000000000005
541.504 0.08999999999999986
541.805 0.12666999999999984
542.106 0.10999999999999988
542.407 0.11667000000000005
542.708 0.12666999999999984
543.009 0.10666999999999982
543.31 0.10666999999999982
543.611 0.12332999999999972
543.912 0.11667000000000005
544.213 0.11332999999999993
544.514 0.10999999999999988
544.815 0.09332999999999991
545.115 0.11332999999999993
545.416 0.1033299999999997
545.717 0.1033299999999997
546.018 0.1033299999999997
546.319 0.12666999999999984
546.618 0.08999999999999986
546.919 0.11667000000000005
547.22 0.13332999999999995
547.521 0.06999999999999984
547.821 0.0866699999999998
548.122 0.10666999999999982
548.423 0.10666999999999982
548.724 0.10666999999999982
549.025 0.1033299999999997
549.325 0.08999999999999986
549.626 0.10666999999999982
549.927 0.10000000000000009
550.226 0.1033299999999997
550.526 0.0866699999999998
550.827 0.10000000000000009
551.128 0.08999999999999986
551.429 0.10999999999999988
551.729 0.07667000000000002
552.03 0.08999999999999986
552.331 0.08000000000000007
552.631 0.0733299999999999
552.93 0.08000000000000007
553.231 0.0866699999999998
553.531 0.11667000000000005
553.832 0.11999999999999966
554.133 0.0733299999999999
554.433 0.08332999999999968
554.734 0.08999999999999986
555.032 0.10666999999999982
555.333 0.08332999999999968
555.634 0.06332999999999966
555.934 0.06999999999999984
556.235 0.0866699999999998
556.535 0.0866699999999998
556.834 0.08999999999999986
557.134 0.09332999999999991
557.435 0.08000000000000007
557.735 0.08000000000000007
558.036 0.08332999999999968
558.336 0.06999999999999984
558.635 0.0733299999999999
558.935 0.09667000000000003
559.236 0.09667000000000003
559.536 0.07667000000000002
559.837 0.06666999999999978
560.137 0.1033299999999997
560.435 0.10666999999999982
560.736 0.0733299999999999
561.036 0.08999999999999986
561.337 0.10999999999999988
561.637 0.07667000000000002
561.935 0.08999999999999986
562.236 0.09332999999999991
562.536 0.06666999999999978
562.836 0.06332999999999966
563.135 0.08999999999999986
563.435 0.08332999999999968
563.735 0.07667000000000002
564.036 0.09667000000000003
564.336 0.0866699999999998
564.634 0.08332999999999968
564.935 0.08332999999999968
565.235 0.08332999999999968
565.535 0.07667000000000002
565.833 0.08332999999999968
566.134 0.09332999999999991
566.434 0.0733299999999999
566.734 0.08999999999999986
567.032 0.04666999999999977
567.332 0.0866699999999998
567.633 0.08000000000000007
567.933 0.0866699999999998
568.231 0.08332999999999968
568.531 0.08000000000000007
568.831 0.06332999999999966
569.129 0.06999999999999984
569.429 0.07667000000000002
569.73 0.06332999999999966
570.03 0.09667000000000003
570.328 0.09667000000000003
570.628 0.08999999999999986
570.928 0.0866699999999998
571.226 0.0733299999999999
571.526 0.06999999999999984
571.826 0.07667000000000002
572.126 0.07667000000000002
572.424 0.05332999999999988
572.724 0.09667000000000003
573.024 0.09332999999999991
573.322 0.06666999999999978
573.622 0.07667000000000002
573.922 0.06332999999999966
574.22 0.09332999999999991
574.52 0.08000000000000007
574.82 0.0866699999999998
575.118 0.0866699999999998
575.418 0.08999999999999986
575.718 0.06000000000000005
576.016 0.07667000000000002
576.315 0.07667000000000002
576.615 0.10000000000000009
576.913 0.0733299999999999
577.213 0.0733299999999999
577.513 0.1033299999999997
577.811 0.0866699999999998
578.111 0.0866699999999998
578.41 0.08999999999999986
578.708 0.08332999999999968
579.008 0.08999999999999986
579.308 0.10999999999999988
579.606 0.0866699999999998
579.905 0.09332999999999991
580.203 0.05667
580.503 0.0866699999999998
580.803 0.06999999999999984
581.1 0.1033299999999997
581.4 0.0866699999999998
581.698 0.06666999999999978
581.997 0.0733299999999999
582.297 0.06999999999999984
582.595 0.0866699999999998
582.895 0.08000000000000007
583.192 0.06999999999999984
583.492 0.08000000000000007
583.792 0.0733299999999999
584.089 0.08000000000000007
584.389 0.08999999999999986
584.686 0.05667
584.986 0.08999999999999986
585.286 0.06332999999999966
585.583 0.09332999999999991
585.883 0.0733299999999999
586.18 0.07667000000000002
586.48 0.10666999999999982
586.777 0.06999999999999984
587.077 0.0866699999999998
587.377 0.08332999999999968
587.674 0.08999999999999986
587.974 0.09667000000000003
588.271 0.09667000000000003
588.57 0.06666999999999978
588.868 0.10666999999999982
589.167 0.10999999999999988
589.465 0.08999999999999986
589.764 0.08332999999999968
590.062 0.08000000000000007
590.361 0.09667000000000003
590.661 0.10000000000000009
590.958 0.10666999999999982
591.257 0.08332999999999968
591.555 0.09332999999999991
591.854 0.09332999999999991
592.152 0.10000000000000009
592.451 0.10000000000000009
592.748 0.06332999999999966
593.048 0.0866699999999998
593.345 0.0733299999999999
593.644 0.0866699999999998
593.942 0.08332999999999968
594.241 0.0733299999999999
594.538 0.08332999999999968
594.837 0.09667000000000003
595.135 0.09667000000000003
595.434 0.10666999999999982
595.731 0.1033299999999997
596.031 0.08332999999999968
596.328 0.11667000000000005
596.625 0.09332999999999991
596.924 0.1033299999999997
597.221 0.10666999999999982
597.521 0.0733299999999999
597.818 0.0866699999999998
598.117 0.08332999999999968
598.414 0.10666999999999982
598.713 0.09667000000000003
599.01 0.08000000000000007
599.31 0.09667000000000003
599.607 0.0866699999999998
599.904 0.09667000000000003
600.203 0.11332999999999993
600.5 0.1033299999999997
600.799 0.10999999999999988
601.096 0.08332999999999968
601.395 0.08332999999999968
601.692 0.10000000000000009
601.989 0.08999999999999986
602.288 0.08332999999999968
602.585 0.11667000000000005
602.884 0.08999999999999986
603.181 0.10999999999999988
603.48 0.11332999999999993
603.777 0.11332999999999993
604.074 0.1033299999999997
604.373 0.10999999999999988
604.67 0.08000000000000007
604.969 0.10000000000000009
605.266 0.1033299999999997
605.563 0.12332999999999972
605.862 0.1033299999999997
606.159 0.1033299999999997
606.458 0.10666999999999982
606.755 0.10666999999999982
607.051 0.0866699999999998
607.35 0.08000000000000007
607.647 0.0866699999999998
607.944 0.09332999999999991
608.243 0.0866699999999998
608.54 0.09667000000000003
608.837 0.0866699999999998
609.135 0.0733299999999999
609.432 0.08000000000000007
609.731 0.10666999999999982
610.028 0.10666999999999982
610.325 0.08999999999999986
610.623 0.10000000000000009
610.92 0.08999999999999986
611.217 0.09667000000000003
611.516 0.09667000000000003
611.812 0.08000000000000007
612.109 0.0866699999999998
612.408 0.09667000000000003
612.704 0.08999999999999986
613.001 0.10999999999999988
613.298 0.07667000000000002
613.596 0.04666999999999977
613.893 0.10666999999999982
614.19 0.0866699999999998
614.488 0.09332999999999991
614.785 0.0866699999999998
615.081 0.07667000000000002
615.38 0.09332999999999991
615.677 0.09332999999999991
615.973 0.1033299999999997
616.272 0.06000000000000005
616.568 0.10999999999999988
616.865 0.09667000000000003
617.161 0.09332999999999991
617.46 0.08000000000000007
617.757 0.08999999999999986
618.053 0.08332999999999968
618.35 0.1033299999999997
618.648 0.0866699999999998
618.945 0.09332999999999991
619.241 0.07667000000000002
619.54 0.0866699999999998
619.836 0.0866699999999998
620.132 0.09332999999999991
620.429 0.09667000000000003
620.727 0.0866699999999998
621.024 0.0733299999999999
621.32 0.07667000000000002
621.617 0.09667000000000003
621.913 0.0866699999999998
622.211 0.09667000000000003
622.508 0.09332999999999991
622.804 0.08332999999999968
623.1 0.07667000000000002
623.399 0.08000000000000007
623.695 0.10000000000000009
623.991 0.0866699999999998
624.288 0.06999999999999984
624.584 0.11332999999999993
624.882 0.07667000000000002
625.179 0.07667000000000002
625.475 0.07667000000000002
625.771 0.08999999999999986
626.067 0.09332999999999991
626.366 0.08000000000000007
626.662 0.10000000000000009
626.958 0.0866699999999998
627.254 0.07667000000000002
627.55 0.0866699999999998
627.849 0.09332999999999991
628.145 0.07667000000000002
628.441 0.0866699999999998
628.737 0.08999999999999986
629.033 0.10000000000000009
629.329 0.10666999999999982
629.628 0.11332999999999993
629.924 0.1033299999999997
630.22 0.08332999999999968
630.516 0.1033299999999997
630.812 0.0866699999999998
631.108 0.0866699999999998
631.406 0.08332999999999968
631.702 0.0866699999999998
631.998 0.08332999999999968
632.294 0.11332999999999993
632.59 0.08999999999999986
632.886 0.08999999999999986
633.182 0.09667000000000003
633.481 0.08332999999999968
633.776 0.06999999999999984
634.073 0.10666999999999982
634.368 0.09667000000000003
634.664 0.0866699999999998
634.96 0.08000000000000007
635.256 0.08999999999999986
635.552 0.08332999999999968
635.848 0.09332999999999991
636.146 0.07667000000000002
636.442 0.10666999999999982
636.738 0.08332999999999968
637.034 0.0733299999999999
637.33 0.1033299999999997
637.626 0.1033299999999997
637.922 0.10666999999999982
638.217 0.08999999999999986
638.513 0.08000000000000007
638.809 0.0866699999999998
639.105 0.10999999999999988
639.401 0.10666999999999982
639.698 0.09332999999999991
639.994 0.1033299999999997
640.29 0.11667000000000005
640.586 0.09667000000000003
640.882 0.06666999999999978
641.177 0.09332999999999991
641.473 0.0866699999999998
641.769 0.10666999999999982
642.065 0.11667000000000005
642.36 0.09332999999999991
642.656 0.11332999999999993
642.952 0.08332999999999968
643.247 0.11667000000000005
643.543 0.11667000000000005
643.839 0.11999999999999966
644.134 0.11667000000000005
644.43 0.14332999999999974
644.726 0.12666999999999984
645.021 0.09332999999999991
645.317 0.11332999999999993
645.613 0.12332999999999972
645.908 0.1299999999999999
646.204 0.09667000000000003
646.499 0.1299999999999999
646.795 0.11667000000000005
647.091 0.10999999999999988
647.386 0.13667000000000007
647.682 0.13332999999999995
647.977 0.12332999999999972
648.273 0.08999999999999986
648.568 0.11999999999999966
648.864 0.1499999999999999
649.159 0.09667000000000003
649.455 0.11999999999999966
649.75 0.11999999999999966
650.046 0.13999999999999968
650.341 0.13667000000000007
650.637 0.13999999999999968
650.932 0.1033299999999997
651.227 0.11332999999999993
651.523 0.14332999999999974
651.818 0.1033299999999997
652.114 0.1033299999999997
652.409 0.11332999999999993
652.704 0.11667000000000005
653.0 0.10000000000000009
653.295 0.0733299999999999
653.591 0.11332999999999993
653.886 0.10999999999999988
654.181 0.09667000000000003
654.474 0.11667000000000005
654.77 0.11667000000000005
655.065 0.11667000000000005
655.36 0.11332999999999993
655.656 0.11667000000000005
655.951 0.10999999999999988
656.246 0.10000000000000009
656.542 0.12666999999999984
656.837 0.1033299999999997
657.132 0.10000000000000009
657.427 0.08332999999999968
657.72 0.09667000000000003
658.016 0.1033299999999997
658.311 0.1033299999999997
658.606 0.10000000000000009
658.901 0.1033299999999997
659.196 0.11999999999999966
659.492 0.09332999999999991
659.787 0.10000000000000009
660.082 0.08332999999999968
660.375 0.09667000000000003
660.67 0.0733299999999999
660.965 0.10000000000000009
661.26 0.06999999999999984
661.555 0.08999999999999986
661.85 0.09667000000000003
662.146 0.08000000000000007
662.439 0.1033299999999997
662.734 0.09667000000000003
663.029 0.09667000000000003
663.324 0.09332999999999991
663.619 0.08000000000000007
663.914 0.0866699999999998
664.209 0.06999999999999984
664.502 0.08999999999999986
664.797 0.06666999999999978
665.092 0.08999999999999986
665.387 0.0866699999999998
665.682 0.0866699999999998
665.975 0.08000000000000007
666.27 0.09667000000000003
666.565 0.07667000000000002
666.859 0.08332999999999968
667.154 0.10666999999999982
667.449 0.08332999999999968
667.742 0.10999999999999988
668.037 0.10999999999999988
668.332 0.08332999999999968
668.627 0.09332999999999991
668.922 0.0866699999999998
669.214 0.06332999999999966
669.509 0.06999999999999984
669.804 0.08000000000000007
670.099 0.08999999999999986
670.392 0.10666999999999982
670.687 0.06999999999999984
670.981 0.10999999999999988
671.276 0.08000000000000007
671.571 0.08332999999999968
671.864 0.07667000000000002
672.158 0.04666999999999977
672.453 0.08332999999999968
672.748 0.07667000000000002
673.041 0.07667000000000002
673.335 0.06999999999999984
673.63 0.08000000000000007
673.925 0.09332999999999991
674.217 0.0866699999999998
674.512 0.09667000000000003
674.807 0.0866699999999998
675.101 0.07667000000000002
675.394 0.06000000000000005
675.689 0.08332999999999968
675.983 0.08999999999999986
676.276 0.06666999999999978
676.57 0.10999999999999988
676.865 0.0866699999999998
677.16 0.08332999999999968
677.452 0.0733299999999999
677.747 0.0733299999999999
678.041 0.08332999999999968
678.334 0.08000000000000007
678.628 0.06000000000000005
678.923 0.05667
679.215 0.0866699999999998
679.51 0.07667000000000002
679.804 0.07667000000000002
680.099 0.06000000000000005
680.391 0.08332999999999968
680.686 0.08332999999999968
680.98 0.06666999999999978
681.273 0.0733299999999999
681.567 0.0733299999999999
681.862 0.09667000000000003
682.154 0.08332999999999968
682.448 0.09332999999999991
682.743 0.0733299999999999
683.035 0.08332999999999968
683.33 0.09667000000000003
683.624 0.08000000000000007
683.916 0.06999999999999984
684.211 0.06000000000000005
684.503 0.08000000000000007
684.797 0.08332999999999968
685.092 0.08999999999999986
685.384 0.06999999999999984
685.678 0.08999999999999986
685.973 0.10000000000000009
686.265 0.08999999999999986
686.559 0.06999999999999984
686.852 0.10666999999999982
687.146 0.09667000000000003
687.44 0.06666999999999978
687.732 0.09332999999999991
688.027 0.08000000000000007
688.321 0.08332999999999968
688.613 0.06999999999999984
688.907 0.08999999999999986
689.199 0.08332999999999968
689.494 0.0866699999999998
689.788 0.0866699999999998
690.08 0.0733299999999999
690.374 0.07667000000000002
690.666 0.08999999999999986
690.96 0.09667000000000003
691.253 0.06000000000000005
691.547 0.07667000000000002
691.841 0.06666999999999978
