# Created: 2019-11-28 14:57:20.674415
# rshift intensity
50.0876 0.10333999999999977
50.4136 0.04999999999999982
50.7397 0.08333999999999975
51.0657 0.06000000000000005
51.3917 0.07333999999999996
51.7177 0.07333999999999996
52.0437 0.05333999999999994
52.3697 0.09333999999999998
52.6956 0.04999999999999982
53.0216 0.08333999999999975
53.3475 0.03666999999999998
53.6735 0.08333999999999975
53.9972 0.08000000000000007
54.3231 0.07667000000000002
54.649 0.04666999999999977
54.9749 0.07667000000000002
55.3008 0.10666999999999982
55.6266 0.08333999999999975
55.9525 0.07667000000000002
56.2783 0.0866699999999998
56.6042 0.07333999999999996
56.93 0.08999999999999986
57.2558 0.08000000000000007
57.5794 0.06333999999999973
57.9052 0.08999999999999986
58.231 0.06000000000000005
58.5568 0.06666999999999978
58.8825 0.08999999999999986
59.2082 0.06666999999999978
59.534 0.06999999999999984
59.8597 0.06999999999999984
60.1832 0.06666999999999978
60.5089 0.04666999999999977
60.8346 0.09667000000000003
61.1603 0.08000000000000007
61.4859 0.10000000000000009
61.8116 0.08333999999999975
62.1372 0.07667000000000002
62.4607 0.08999999999999986
62.7863 0.07333999999999996
63.1119 0.09667000000000003
63.4375 0.09667000000000003
63.7631 0.10666999999999982
64.0887 0.11334
64.4142 0.0866699999999998
64.7376 0.11334
65.0631 0.12666999999999984
65.3887 0.16333999999999982
65.7142 0.13667000000000007
66.0397 0.1433399999999998
66.3652 0.17334000000000005
66.6885 0.17334000000000005
67.014 0.1566700000000001
67.3394 0.2166699999999997
67.6649 0.19999999999999973
67.9903 0.23666999999999971
68.3136 0.21999999999999975
68.639 0.23999999999999977
68.9644 0.27666999999999975
69.2898 0.2633399999999999
69.6152 0.3033399999999995
69.9384 0.2799999999999998
70.2637 0.2599999999999998
70.5891 0.27666999999999975
70.9144 0.2633399999999999
71.2397 0.25
71.5629 0.22999999999999998
71.8882 0.17666999999999966
72.2135 0.22333999999999987
72.5387 0.20999999999999996
72.864 0.18333999999999984
73.1871 0.1866699999999999
73.5124 0.1433399999999998
73.8376 0.12333999999999978
74.1628 0.11334
74.4859 0.10333999999999977
74.8111 0.11667000000000005
75.1363 0.08999999999999986
75.4614 0.06666999999999978
75.7845 0.08999999999999986
76.1096 0.06000000000000005
76.4347 0.06000000000000005
76.7599 0.06999999999999984
77.0828 0.07333999999999996
77.408 0.06666999999999978
77.733 0.08000000000000007
78.0581 0.03666999999999998
78.3811 0.05333999999999994
78.7061 0.06000000000000005
79.0312 0.033339999999999925
79.3562 0.04666999999999977
79.6791 0.04999999999999982
80.0041 0.06999999999999984
80.3291 0.04999999999999982
80.6541 0.05333999999999994
80.9769 0.040000000000000036
81.3019 0.04666999999999977
81.6269 0.07667000000000002
81.9497 0.05333999999999994
82.2746 0.06999999999999984
82.5995 0.04666999999999977
82.9223 0.08000000000000007
83.2472 0.04999999999999982
83.5721 0.07333999999999996
83.897 0.04666999999999977
84.2197 0.06666999999999978
84.5446 0.040000000000000036
84.8694 0.04333999999999971
85.1921 0.07333999999999996
85.5169 0.040000000000000036
85.8418 0.07333999999999996
86.1644 0.04666999999999977
86.4892 0.06000000000000005
86.814 0.04999999999999982
87.1366 0.04666999999999977
87.4614 0.040000000000000036
87.7861 0.08000000000000007
88.1087 0.04999999999999982
88.4334 0.05667
88.7581 0.07333999999999996
89.0807 0.06000000000000005
89.4054 0.06000000000000005
89.7301 0.05333999999999994
90.0526 0.06000000000000005
90.3773 0.06666999999999978
90.7019 0.029999999999999805
91.0244 0.040000000000000036
91.349 0.033339999999999925
91.6736 0.06999999999999984
91.9961 0.05333999999999994
92.3207 0.04333999999999971
92.6431 0.016669999999999963
92.9677 0.06333999999999973
93.2922 0.06000000000000005
93.6147 0.08000000000000007
93.9392 0.04333999999999971
94.2637 0.05333999999999994
94.5861 0.06333999999999973
94.9106 0.029999999999999805
95.2329 0.04666999999999977
95.5574 0.04666999999999977
95.8819 0.05333999999999994
96.2042 0.06666999999999978
96.5286 0.05667
96.8509 0.07667000000000002
97.1753 0.05333999999999994
97.4997 0.09333999999999998
97.822 0.06333999999999973
98.1464 0.06999999999999984
98.4686 0.06666999999999978
98.793 0.10666999999999982
99.1173 0.0866699999999998
99.4396 0.07667000000000002
99.7639 0.05667
100.086 0.07333999999999996
100.41 0.04999999999999982
100.733 0.06666999999999978
101.057 0.06000000000000005
101.381 0.06999999999999984
101.703 0.07333999999999996
102.027 0.04999999999999982
102.35 0.07333999999999996
102.674 0.04999999999999982
102.996 0.06333999999999973
103.32 0.07333999999999996
103.642 0.08000000000000007
103.966 0.06000000000000005
104.288 0.06000000000000005
104.613 0.07667000000000002
104.937 0.04999999999999982
105.259 0.04333999999999971
105.583 0.07667000000000002
105.905 0.04999999999999982
106.229 0.05667
106.551 0.06333999999999973
106.875 0.07333999999999996
107.197 0.04666999999999977
107.521 0.08333999999999975
107.843 0.04333999999999971
108.167 0.05667
108.489 0.06999999999999984
108.813 0.06333999999999973
109.135 0.05333999999999994
109.459 0.033339999999999925
109.781 0.05333999999999994
110.104 0.06000000000000005
110.426 0.04999999999999982
110.75 0.013339999999999907
111.072 0.05667
111.396 0.029999999999999805
111.718 0.06666999999999978
112.042 0.07333999999999996
112.363 0.04999999999999982
112.687 0.06000000000000005
113.009 0.04666999999999977
113.333 0.05667
113.655 0.06000000000000005
113.978 0.06999999999999984
114.3 0.07333999999999996
114.624 0.04333999999999971
114.946 0.09667000000000003
115.267 0.06333999999999973
115.591 0.07333999999999996
115.913 0.07667000000000002
116.236 0.08000000000000007
116.558 0.06000000000000005
116.882 0.07333999999999996
117.203 0.05333999999999994
117.527 0.07333999999999996
117.849 0.08000000000000007
118.17 0.03666999999999998
118.494 0.09333999999999998
118.816 0.06666999999999978
119.139 0.10000000000000009
119.461 0.09667000000000003
119.784 0.08333999999999975
120.106 0.07667000000000002
120.427 0.08999999999999986
120.751 0.06666999999999978
121.072 0.10000000000000009
121.396 0.08000000000000007
121.717 0.07333999999999996
122.039 0.040000000000000036
122.362 0.06666999999999978
122.684 0.07333999999999996
123.007 0.07333999999999996
123.329 0.06000000000000005
123.65 0.04999999999999982
123.974 0.06666999999999978
124.295 0.04666999999999977
124.618 0.033339999999999925
124.94 0.07333999999999996
125.261 0.05667
125.584 0.07333999999999996
125.906 0.03666999999999998
126.229 0.06333999999999973
126.55 0.06000000000000005
126.872 0.05333999999999994
127.195 0.04666999999999977
127.516 0.06000000000000005
127.838 0.05667
128.161 0.05333999999999994
128.482 0.06999999999999984
128.803 0.05667
129.127 0.04666999999999977
129.448 0.07333999999999996
129.769 0.06333999999999973
130.092 0.06333999999999973
130.413 0.016669999999999963
130.737 0.06666999999999978
131.058 0.04999999999999982
131.379 0.05333999999999994
131.702 0.06000000000000005
132.023 0.07667000000000002
132.344 0.06999999999999984
132.665 0.05333999999999994
132.988 0.09333999999999998
133.309 0.07333999999999996
133.63 0.04333999999999971
133.954 0.05667
134.275 0.03666999999999998
134.596 0.06333999999999973
134.919 0.08333999999999975
135.24 0.04666999999999977
135.561 0.08999999999999986
135.884 0.07667000000000002
136.205 0.06000000000000005
136.526 0.05667
136.847 0.04999999999999982
137.17 0.06999999999999984
137.49 0.06999999999999984
137.811 0.05333999999999994
138.134 0.06666999999999978
138.455 0.04999999999999982
138.776 0.04999999999999982
139.097 0.06333999999999973
139.42 0.06000000000000005
139.741 0.06999999999999984
140.061 0.04666999999999977
140.384 0.03666999999999998
140.705 0.05333999999999994
141.026 0.06999999999999984
141.347 0.04999999999999982
141.67 0.05333999999999994
141.99 0.04333999999999971
142.311 0.05333999999999994
142.632 0.04333999999999971
142.955 0.05667
143.275 0.05333999999999994
143.596 0.06333999999999973
143.917 0.04999999999999982
144.239 0.05667
144.56 0.04999999999999982
144.881 0.08333999999999975
145.201 0.03666999999999998
145.522 0.040000000000000036
145.845 0.04666999999999977
146.165 0.04999999999999982
146.486 0.03666999999999998
146.807 0.07333999999999996
147.129 0.03666999999999998
147.45 0.06999999999999984
147.77 0.07667000000000002
148.091 0.04666999999999977
148.411 0.07667000000000002
148.734 0.04999999999999982
149.054 0.04999999999999982
149.375 0.06333999999999973
149.695 0.04666999999999977
150.016 0.04666999999999977
150.339 0.06999999999999984
150.659 0.06000000000000005
150.979 0.06333999999999973
151.3 0.08333999999999975
151.62 0.08333999999999975
151.941 0.0866699999999998
152.263 0.09333999999999998
152.583 0.04999999999999982
152.904 0.06000000000000005
153.224 0.07667000000000002
153.545 0.08000000000000007
153.865 0.05333999999999994
154.187 0.04999999999999982
154.508 0.04333999999999971
154.828 0.05333999999999994
155.148 0.07333999999999996
155.469 0.0866699999999998
155.789 0.06333999999999973
156.111 0.040000000000000036
156.431 0.08333999999999975
156.752 0.06333999999999973
157.072 0.06000000000000005
157.392 0.07333999999999996
157.712 0.06666999999999978
158.032 0.07333999999999996
158.353 0.04666999999999977
158.675 0.06000000000000005
158.995 0.06000000000000005
159.315 0.08333999999999975
159.635 0.06000000000000005
159.955 0.08000000000000007
160.276 0.05667
160.596 0.04666999999999977
160.916 0.0866699999999998
161.236 0.03666999999999998
161.558 0.07667000000000002
161.878 0.020000000000000018
162.198 0.08000000000000007
162.518 0.05667
162.838 0.06333999999999973
163.158 0.06666999999999978
163.478 0.05667
163.798 0.04333999999999971
164.118 0.06999999999999984
164.438 0.07333999999999996
164.758 0.06666999999999978
165.08 0.04666999999999977
165.4 0.06333999999999973
165.72 0.05667
166.04 0.05333999999999994
166.36 0.033339999999999925
166.68 0.05333999999999994
167.0 0.08333999999999975
167.32 0.06000000000000005
167.639 0.04666999999999977
167.959 0.08000000000000007
168.279 0.06333999999999973
168.599 0.0866699999999998
168.919 0.04333999999999971
169.239 0.05667
169.558 0.06000000000000005
169.878 0.04666999999999977
170.198 0.06000000000000005
170.518 0.06333999999999973
170.837 0.06333999999999973
171.157 0.03666999999999998
171.479 0.06999999999999984
171.799 0.05333999999999994
172.118 0.05667
172.438 0.033339999999999925
172.758 0.029999999999999805
173.077 0.06666999999999978
173.397 0.06000000000000005
173.717 0.08000000000000007
174.036 0.033339999999999925
174.356 0.06000000000000005
174.676 0.05333999999999994
174.995 0.07667000000000002
175.315 0.05667
175.634 0.05333999999999994
175.954 0.06999999999999984
176.274 0.04999999999999982
176.593 0.04999999999999982
176.913 0.033339999999999925
177.232 0.033339999999999925
177.552 0.04333999999999971
177.869 0.040000000000000036
178.189 0.05667
178.508 0.05667
178.828 0.04666999999999977
179.147 0.04999999999999982
179.467 0.040000000000000036
179.786 0.05333999999999994
180.105 0.04333999999999971
180.425 0.05333999999999994
180.744 0.040000000000000036
181.064 0.06999999999999984
181.383 0.05333999999999994
181.702 0.04999999999999982
182.022 0.05333999999999994
182.341 0.07333999999999996
182.66 0.04999999999999982
182.98 0.02666999999999975
183.299 0.06333999999999973
183.618 0.06999999999999984
183.938 0.06000000000000005
184.255 0.06666999999999978
184.574 0.04999999999999982
184.893 0.06000000000000005
185.213 0.033339999999999925
185.532 0.07333999999999996
185.851 0.029999999999999805
186.17 0.03666999999999998
186.49 0.08333999999999975
186.809 0.06333999999999973
187.128 0.04999999999999982
187.447 0.06999999999999984
187.764 0.08333999999999975
188.083 0.06333999999999973
188.403 0.05333999999999994
188.722 0.040000000000000036
189.041 0.04333999999999971
189.36 0.06666999999999978
189.679 0.05667
189.998 0.08333999999999975
190.317 0.033339999999999925
190.634 0.05333999999999994
190.953 0.04999999999999982
191.272 0.04333999999999971
191.591 0.06333999999999973
191.91 0.06666999999999978
192.229 0.03666999999999998
192.548 0.04666999999999977
192.865 0.04666999999999977
193.184 0.06666999999999978
193.503 0.09667000000000003
193.822 0.04999999999999982
194.141 0.08333999999999975
194.46 0.029999999999999805
194.779 0.06666999999999978
195.096 0.04666999999999977
195.415 0.07667000000000002
195.734 0.04333999999999971
196.052 0.06666999999999978
196.371 0.04666999999999977
196.69 0.04999999999999982
197.007 0.05667
197.326 0.05667
197.645 0.05667
197.963 0.08000000000000007
198.282 0.07333999999999996
198.599 0.06999999999999984
198.918 0.07667000000000002
199.236 0.03666999999999998
199.555 0.06333999999999973
199.874 0.05333999999999994
200.191 0.06999999999999984
200.509 0.033339999999999925
200.828 0.06999999999999984
201.147 0.04666999999999977
201.466 0.06333999999999973
201.782 0.06333999999999973
202.101 0.04999999999999982
202.419 0.05667
202.738 0.07667000000000002
203.057 0.08999999999999986
203.373 0.05333999999999994
203.692 0.06666999999999978
204.01 0.06000000000000005
204.329 0.06666999999999978
204.646 0.06333999999999973
204.964 0.02666999999999975
205.283 0.06999999999999984
205.601 0.040000000000000036
205.918 0.06999999999999984
206.236 0.06333999999999973
206.555 0.08000000000000007
206.873 0.06000000000000005
207.19 0.07667000000000002
207.508 0.08333999999999975
207.827 0.06333999999999973
208.145 0.09333999999999998
208.461 0.06999999999999984
208.78 0.08000000000000007
209.098 0.04999999999999982
209.417 0.07667000000000002
209.733 0.04333999999999971
210.052 0.07667000000000002
210.37 0.04666999999999977
210.686 0.06666999999999978
211.005 0.06666999999999978
211.323 0.07667000000000002
211.641 0.06333999999999973
211.957 0.06333999999999973
212.276 0.07667000000000002
212.594 0.04999999999999982
212.91 0.09667000000000003
213.229 0.06666999999999978
213.547 0.06333999999999973
213.863 0.06666999999999978
214.181 0.04666999999999977
214.5 0.06000000000000005
214.818 0.06666999999999978
215.134 0.06999999999999984
215.452 0.04999999999999982
215.77 0.05667
216.086 0.08999999999999986
216.405 0.06333999999999973
216.723 0.08999999999999986
217.039 0.08000000000000007
217.357 0.0866699999999998
217.675 0.08333999999999975
217.991 0.07333999999999996
218.309 0.06333999999999973
218.627 0.06000000000000005
218.943 0.06666999999999978
219.262 0.08333999999999975
219.578 0.08333999999999975
219.896 0.08000000000000007
220.214 0.09667000000000003
220.53 0.06000000000000005
220.848 0.08000000000000007
221.166 0.0866699999999998
221.482 0.08999999999999986
221.8 0.04666999999999977
222.118 0.10333999999999977
222.433 0.06666999999999978
222.751 0.09333999999999998
223.067 0.09667000000000003
223.385 0.06999999999999984
223.703 0.05667
224.019 0.08999999999999986
224.337 0.10999999999999988
224.653 0.08333999999999975
224.971 0.11334
225.288 0.09333999999999998
225.604 0.09667000000000003
225.922 0.06666999999999978
226.238 0.08000000000000007
226.556 0.09667000000000003
226.874 0.06666999999999978
227.189 0.06999999999999984
227.507 0.07333999999999996
227.823 0.09333999999999998
228.141 0.07333999999999996
228.458 0.0866699999999998
228.774 0.0866699999999998
229.092 0.10999999999999988
229.407 0.07667000000000002
229.725 0.08999999999999986
230.041 0.08999999999999986
230.358 0.09667000000000003
230.674 0.0866699999999998
230.992 0.06666999999999978
231.309 0.08333999999999975
231.625 0.08999999999999986
231.943 0.05333999999999994
232.258 0.08000000000000007
232.576 0.10333999999999977
232.891 0.09333999999999998
233.209 0.08000000000000007
233.524 0.05333999999999994
233.842 0.10333999999999977
234.157 0.04333999999999971
234.475 0.06333999999999973
234.79 0.07667000000000002
235.108 0.08000000000000007
235.426 0.08333999999999975
235.741 0.05333999999999994
236.058 0.08333999999999975
236.374 0.04999999999999982
236.691 0.07333999999999996
237.007 0.06999999999999984
237.324 0.07333999999999996
237.64 0.05667
237.957 0.06333999999999973
238.272 0.06000000000000005
238.59 0.07333999999999996
238.905 0.07333999999999996
239.223 0.06666999999999978
239.538 0.06666999999999978
239.855 0.06333999999999973
240.17 0.07667000000000002
240.486 0.05333999999999994
240.803 0.06999999999999984
241.118 0.04333999999999971
241.436 0.05667
241.751 0.040000000000000036
242.068 0.04666999999999977
242.383 0.04333999999999971
242.701 0.08333999999999975
243.016 0.07667000000000002
243.333 0.07667000000000002
243.648 0.08333999999999975
243.966 0.06666999999999978
244.281 0.10999999999999988
244.596 0.08000000000000007
244.913 0.03666999999999998
245.228 0.07333999999999996
245.545 0.05333999999999994
245.86 0.07667000000000002
246.178 0.07333999999999996
246.493 0.06333999999999973
246.81 0.06999999999999984
247.125 0.06333999999999973
247.44 0.04666999999999977
247.757 0.05667
248.072 0.07333999999999996
248.389 0.06333999999999973
248.704 0.08000000000000007
249.019 0.04666999999999977
249.336 0.06666999999999978
249.651 0.040000000000000036
249.968 0.06666999999999978
250.283 0.08000000000000007
250.598 0.05667
250.915 0.04666999999999977
251.23 0.05667
251.547 0.06666999999999978
251.862 0.04666999999999977
252.176 0.06999999999999984
252.493 0.09667000000000003
252.808 0.0866699999999998
253.125 0.040000000000000036
253.44 0.04666999999999977
253.755 0.06333999999999973
254.072 0.07667000000000002
254.387 0.06999999999999984
254.701 0.05333999999999994
255.018 0.09667000000000003
255.333 0.05333999999999994
255.648 0.06333999999999973
255.965 0.05333999999999994
256.279 0.0866699999999998
256.594 0.05333999999999994
256.911 0.05667
257.225 0.06666999999999978
257.542 0.06999999999999984
257.857 0.0866699999999998
258.172 0.06000000000000005
258.488 0.07667000000000002
258.803 0.07333999999999996
259.118 0.08333999999999975
259.434 0.06333999999999973
259.749 0.06000000000000005
260.064 0.03666999999999998
260.378 0.08000000000000007
260.695 0.08333999999999975
261.009 0.0866699999999998
261.324 0.07333999999999996
261.641 0.05667
261.955 0.04999999999999982
262.27 0.08999999999999986
262.586 0.08333999999999975
262.901 0.05333999999999994
263.215 0.06333999999999973
263.532 0.07333999999999996
263.846 0.07333999999999996
264.161 0.07667000000000002
264.475 0.06333999999999973
264.792 0.08000000000000007
265.106 0.06000000000000005
265.421 0.08333999999999975
265.735 0.05667
266.051 0.07333999999999996
266.366 0.08000000000000007
266.68 0.07333999999999996
266.997 0.06333999999999973
267.311 0.04666999999999977
267.625 0.05667
267.94 0.04333999999999971
268.256 0.07333999999999996
268.57 0.06333999999999973
268.885 0.05333999999999994
269.199 0.07667000000000002
269.515 0.06000000000000005
269.83 0.05667
270.144 0.07667000000000002
270.458 0.07333999999999996
270.774 0.10666999999999982
271.089 0.08999999999999986
271.403 0.10333999999999977
271.717 0.07333999999999996
272.031 0.06333999999999973
272.348 0.04999999999999982
272.662 0.08333999999999975
272.976 0.05333999999999994
273.29 0.0866699999999998
273.606 0.06666999999999978
273.92 0.10666999999999982
274.234 0.033339999999999925
274.549 0.09333999999999998
274.863 0.07667000000000002
275.179 0.07667000000000002
275.493 0.08999999999999986
275.807 0.06666999999999978
276.121 0.05333999999999994
276.435 0.07667000000000002
276.749 0.06999999999999984
277.065 0.08999999999999986
277.379 0.05333999999999994
277.693 0.07333999999999996
278.007 0.06333999999999973
278.321 0.10000000000000009
278.637 0.08333999999999975
278.951 0.06000000000000005
279.265 0.06666999999999978
279.579 0.08999999999999986
279.893 0.09667000000000003
280.207 0.07333999999999996
280.521 0.02666999999999975
280.837 0.0866699999999998
281.151 0.06666999999999978
281.465 0.06333999999999973
281.778 0.07333999999999996
282.092 0.05667
282.406 0.03666999999999998
282.72 0.06999999999999984
283.036 0.09333999999999998
283.35 0.05667
283.663 0.06666999999999978
283.977 0.07333999999999996
284.291 0.06000000000000005
284.605 0.09333999999999998
284.919 0.04999999999999982
285.232 0.05667
285.548 0.05333999999999994
285.862 0.07333999999999996
286.176 0.07667000000000002
286.489 0.06999999999999984
286.803 0.06000000000000005
287.117 0.08000000000000007
287.43 0.0866699999999998
287.744 0.08999999999999986
288.058 0.06000000000000005
288.373 0.08999999999999986
288.687 0.08000000000000007
289.001 0.07667000000000002
289.314 0.06999999999999984
289.628 0.0866699999999998
289.941 0.09333999999999998
290.255 0.08333999999999975
290.568 0.08333999999999975
290.882 0.06333999999999973
291.196 0.08000000000000007
291.509 0.07333999999999996
291.823 0.07333999999999996
292.136 0.05333999999999994
292.45 0.06333999999999973
292.763 0.07333999999999996
293.079 0.08333999999999975
293.392 0.08333999999999975
293.706 0.08333999999999975
294.019 0.06999999999999984
294.332 0.0866699999999998
294.646 0.08333999999999975
294.959 0.09667000000000003
295.273 0.08333999999999975
295.586 0.0866699999999998
295.899 0.09667000000000003
296.213 0.06333999999999973
296.526 0.06666999999999978
296.84 0.08333999999999975
297.153 0.06333999999999973
297.466 0.09667000000000003
297.78 0.06999999999999984
298.093 0.0866699999999998
298.406 0.10000000000000009
298.719 0.0866699999999998
299.033 0.08999999999999986
299.346 0.09667000000000003
299.659 0.08333999999999975
299.972 0.10333999999999977
300.286 0.08333999999999975
300.599 0.06999999999999984
300.912 0.09333999999999998
301.225 0.08999999999999986
301.539 0.06333999999999973
301.852 0.05667
302.165 0.08333999999999975
302.478 0.11667000000000005
302.791 0.06333999999999973
303.104 0.10000000000000009
303.417 0.10000000000000009
303.731 0.08000000000000007
304.044 0.09333999999999998
304.357 0.0866699999999998
304.67 0.09333999999999998
304.983 0.10666999999999982
305.296 0.08333999999999975
305.607 0.10333999999999977
305.92 0.11334
306.233 0.08999999999999986
306.546 0.08999999999999986
306.859 0.11334
307.172 0.10333999999999977
307.485 0.10000000000000009
307.798 0.10999999999999988
308.111 0.06000000000000005
308.424 0.10000000000000009
308.737 0.11999999999999966
309.05 0.10666999999999982
309.363 0.09333999999999998
309.676 0.08999999999999986
309.986 0.11667000000000005
310.299 0.0866699999999998
310.612 0.10000000000000009
310.925 0.10000000000000009
311.238 0.10999999999999988
311.551 0.1299999999999999
311.864 0.13334000000000001
312.177 0.11667000000000005
312.489 0.08000000000000007
312.802 0.09667000000000003
313.113 0.12666999999999984
313.426 0.10666999999999982
313.738 0.08333999999999975
314.051 0.08999999999999986
314.364 0.10999999999999988
314.677 0.10999999999999988
314.989 0.12666999999999984
315.302 0.10999999999999988
315.613 0.11999999999999966
315.925 0.11667000000000005
316.238 0.10666999999999982
316.551 0.12333999999999978
316.864 0.16333999999999982
317.176 0.13667000000000007
317.489 0.09667000000000003
317.799 0.12666999999999984
318.112 0.11667000000000005
318.425 0.1299999999999999
318.737 0.0866699999999998
319.05 0.1299999999999999
319.362 0.10000000000000009
319.673 0.1299999999999999
319.986 0.1499999999999999
320.298 0.10666999999999982
320.611 0.10666999999999982
320.923 0.13999999999999968
321.236 0.11667000000000005
321.546 0.12333999999999978
321.859 0.12666999999999984
322.171 0.13667000000000007
322.484 0.13334000000000001
322.796 0.09333999999999998
323.106 0.11667000000000005
323.419 0.0866699999999998
323.731 0.12333999999999978
324.044 0.11999999999999966
324.356 0.12666999999999984
324.666 0.11667000000000005
324.979 0.11667000000000005
325.291 0.10999999999999988
325.604 0.1499999999999999
325.916 0.14666999999999986
326.226 0.09667000000000003
326.539 0.13334000000000001
326.851 0.1299999999999999
327.163 0.11334
327.474 0.11999999999999966
327.786 0.09667000000000003
328.098 0.11334
328.41 0.10333999999999977
328.721 0.10666999999999982
329.033 0.10333999999999977
329.345 0.13667000000000007
329.657 0.11334
329.967 0.09667000000000003
330.28 0.1599999999999997
330.592 0.12666999999999984
330.904 0.10666999999999982
331.214 0.1299999999999999
331.526 0.12666999999999984
331.839 0.1566700000000001
332.151 0.11999999999999966
332.461 0.10666999999999982
332.773 0.10999999999999988
333.085 0.10000000000000009
333.395 0.11334
333.707 0.10999999999999988
334.019 0.1566700000000001
334.331 0.14666999999999986
334.641 0.10000000000000009
334.953 0.12333999999999978
335.265 0.10666999999999982
335.575 0.12333999999999978
335.887 0.12333999999999978
336.199 0.10666999999999982
336.511 0.1599999999999997
336.821 0.11999999999999966
337.133 0.11334
337.445 0.11999999999999966
337.755 0.14666999999999986
338.067 0.09667000000000003
338.379 0.11334
338.689 0.12333999999999978
339.001 0.12333999999999978
339.313 0.12666999999999984
339.623 0.12666999999999984
339.934 0.12333999999999978
340.246 0.13667000000000007
340.556 0.13999999999999968
340.868 0.12333999999999978
341.18 0.17334000000000005
341.49 0.15334000000000003
341.801 0.12333999999999978
342.113 0.13999999999999968
342.423 0.1433399999999998
342.735 0.12666999999999984
343.044 0.1566700000000001
343.356 0.13334000000000001
343.668 0.13667000000000007
343.978 0.1299999999999999
344.289 0.10999999999999988
344.601 0.12333999999999978
344.911 0.1599999999999997
345.223 0.1299999999999999
345.532 0.12666999999999984
345.844 0.13999999999999968
346.156 0.16333999999999982
346.465 0.14666999999999986
346.777 0.13334000000000001
347.086 0.16333999999999982
347.398 0.12666999999999984
347.71 0.11334
348.019 0.14666999999999986
348.331 0.15334000000000003
348.64 0.1499999999999999
348.952 0.1566700000000001
349.263 0.16666999999999987
349.573 0.12333999999999978
349.885 0.08999999999999986
350.194 0.13667000000000007
350.506 0.15334000000000003
350.815 0.13667000000000007
351.126 0.14666999999999986
351.438 0.15334000000000003
351.747 0.1299999999999999
352.059 0.13334000000000001
352.368 0.14666999999999986
352.68 0.10666999999999982
352.989 0.14666999999999986
353.301 0.13334000000000001
353.612 0.16666999999999987
353.921 0.16333999999999982
354.233 0.14666999999999986
354.542 0.13999999999999968
354.853 0.11334
355.163 0.1866699999999999
355.474 0.10000000000000009
355.783 0.16999999999999993
356.095 0.13667000000000007
356.404 0.1499999999999999
356.715 0.11999999999999966
357.025 0.1299999999999999
357.336 0.17666999999999966
357.645 0.1433399999999998
357.956 0.12666999999999984
358.266 0.1566700000000001
358.577 0.11667000000000005
358.886 0.16999999999999993
359.197 0.12666999999999984
359.506 0.11999999999999966
359.818 0.1566700000000001
360.127 0.16333999999999982
360.438 0.1499999999999999
360.747 0.12666999999999984
361.058 0.15334000000000003
361.367 0.1299999999999999
361.678 0.1499999999999999
361.988 0.12333999999999978
362.299 0.1566700000000001
362.608 0.14666999999999986
362.919 0.1299999999999999
363.228 0.11667000000000005
363.539 0.13334000000000001
363.848 0.1299999999999999
364.159 0.1599999999999997
364.468 0.12666999999999984
364.779 0.17334000000000005
365.088 0.13999999999999968
365.397 0.15334000000000003
365.708 0.16333999999999982
366.017 0.1566700000000001
366.328 0.13999999999999968
366.637 0.13999999999999968
366.948 0.1566700000000001
367.257 0.1566700000000001
367.566 0.17334000000000005
367.877 0.16333999999999982
368.186 0.17999999999999972
368.496 0.1566700000000001
368.805 0.17666999999999966
369.116 0.1599999999999997
369.425 0.13667000000000007
369.734 0.16666999999999987
370.045 0.15334000000000003
370.353 0.13999999999999968
370.664 0.14666999999999986
370.973 0.12333999999999978
371.282 0.12333999999999978
371.593 0.17666999999999966
371.901 0.11999999999999966
372.212 0.1499999999999999
372.521 0.12666999999999984
372.83 0.17666999999999966
373.14 0.16999999999999993
373.449 0.1599999999999997
373.76 0.16333999999999982
374.069 0.16666999999999987
374.377 0.19334000000000007
374.688 0.15334000000000003
374.997 0.16333999999999982
375.305 0.16333999999999982
375.616 0.16333999999999982
375.924 0.15334000000000003
376.233 0.18999999999999995
376.544 0.16666999999999987
376.852 0.16999999999999993
377.161 0.1866699999999999
377.471 0.19666999999999968
377.78 0.1599999999999997
378.091 0.16666999999999987
378.399 0.16333999999999982
378.708 0.1566700000000001
379.018 0.17999999999999972
379.327 0.1599999999999997
379.635 0.1499999999999999
379.946 0.1566700000000001
380.254 0.18333999999999984
380.563 0.19999999999999973
380.871 0.17666999999999966
381.182 0.15334000000000003
381.49 0.21334000000000009
381.798 0.16666999999999987
382.109 0.19334000000000007
382.417 0.20333999999999985
382.726 0.16333999999999982
383.036 0.2066699999999999
383.344 0.16999999999999993
383.653 0.15334000000000003
383.961 0.2166699999999997
384.272 0.1866699999999999
384.58 0.16666999999999987
384.888 0.19999999999999973
385.199 0.18333999999999984
385.507 0.1866699999999999
385.815 0.21999999999999975
386.123 0.18999999999999995
386.434 0.19999999999999973
386.742 0.2066699999999999
387.05 0.18999999999999995
387.36 0.1866699999999999
387.669 0.17999999999999972
387.977 0.19999999999999973
388.285 0.17999999999999972
388.595 0.2066699999999999
388.903 0.21334000000000009
389.212 0.21334000000000009
389.52 0.21334000000000009
389.83 0.21999999999999975
390.138 0.2433399999999999
390.446 0.17666999999999966
390.754 0.20333999999999985
391.062 0.21999999999999975
391.373 0.2433399999999999
391.681 0.2599999999999998
391.989 0.21334000000000009
392.297 0.19999999999999973
392.607 0.2066699999999999
392.915 0.22999999999999998
393.223 0.22333999999999987
393.531 0.2433399999999999
393.839 0.22666999999999993
394.149 0.25666999999999973
394.457 0.21999999999999975
394.765 0.20999999999999996
395.073 0.23666999999999971
395.381 0.2533399999999997
395.691 0.23999999999999977
395.999 0.23999999999999977
396.307 0.25
396.615 0.25666999999999973
396.923 0.2533399999999997
397.233 0.22333999999999987
397.54 0.2733399999999997
397.848 0.2599999999999998
398.156 0.2799999999999998
398.464 0.25666999999999973
398.772 0.32333999999999996
399.082 0.2833399999999999
399.39 0.2799999999999998
399.697 0.2999999999999998
400.005 0.29000000000000004
400.313 0.29000000000000004
400.621 0.29000000000000004
400.928 0.30666999999999955
401.238 0.3033399999999995
401.546 0.3099999999999996
401.854 0.2833399999999999
402.162 0.33000000000000007
402.469 0.32333999999999996
402.777 0.33000000000000007
403.085 0.31667000000000023
403.392 0.3200000000000003
403.702 0.3533400000000002
404.01 0.34333999999999953
404.317 0.36334
404.625 0.3200000000000003
404.933 0.3733399999999998
405.24 0.3466699999999996
405.548 0.3799999999999999
405.856 0.38333999999999957
406.163 0.40334000000000003
406.473 0.37666999999999984
406.78 0.36667000000000005
407.088 0.3466699999999996
407.395 0.41000000000000014
407.703 0.39999999999999947
408.011 0.4166699999999999
408.318 0.4233399999999996
408.626 0.3799999999999999
408.933 0.4133399999999998
409.241 0.39334000000000024
409.548 0.41999999999999993
409.855 0.3866699999999996
410.165 0.39334000000000024
410.472 0.43666999999999945
410.78 0.4166699999999999
411.087 0.42666999999999966
411.395 0.4333400000000003
411.702 0.4399999999999995
412.01 0.4466700000000001
412.317 0.4133399999999998
412.624 0.45999999999999996
412.932 0.4766699999999995
413.239 0.4733400000000003
413.546 0.4733400000000003
413.854 0.4733400000000003
414.161 0.45333999999999985
414.468 0.4333400000000003
414.776 0.4166699999999999
415.083 0.44334000000000007
415.39 0.46999999999999975
415.698 0.4233399999999996
416.005 0.45999999999999996
416.312 0.4333400000000003
416.619 0.4333400000000003
416.927 0.4233399999999996
417.234 0.48667000000000016
417.541 0.4333400000000003
417.848 0.39999999999999947
418.155 0.4333400000000003
418.463 0.45999999999999996
418.77 0.4466700000000001
419.077 0.4333400000000003
419.384 0.4066700000000001
419.691 0.4299999999999997
419.998 0.45999999999999996
420.305 0.39999999999999947
420.612 0.39999999999999947
420.92 0.44334000000000007
421.227 0.4733400000000003
421.534 0.3899999999999997
421.841 0.41999999999999993
422.148 0.42666999999999966
422.455 0.40334000000000003
422.762 0.3700000000000001
423.069 0.3966700000000003
423.376 0.3866699999999996
423.683 0.4166699999999999
423.99 0.39334000000000024
424.297 0.3966700000000003
424.604 0.35999999999999943
424.911 0.35667000000000026
425.218 0.3533400000000002
425.523 0.3799999999999999
425.83 0.3866699999999996
426.137 0.32667
426.444 0.4066700000000001
426.75 0.3033399999999995
427.057 0.31667000000000023
427.364 0.3700000000000001
427.671 0.3466699999999996
427.978 0.33333999999999975
428.285 0.3700000000000001
428.592 0.29666999999999977
428.899 0.32333999999999996
429.203 0.29000000000000004
429.51 0.3366699999999998
429.817 0.2999999999999998
430.124 0.33999999999999986
430.43 0.30666999999999955
430.737 0.33000000000000007
431.044 0.3366699999999998
431.351 0.29666999999999977
431.658 0.3099999999999996
431.962 0.33000000000000007
432.269 0.3133400000000002
432.576 0.29666999999999977
432.882 0.29666999999999977
433.189 0.3200000000000003
433.496 0.30666999999999955
433.802 0.31667000000000023
434.109 0.27666999999999975
434.414 0.29000000000000004
434.72 0.3466699999999996
435.027 0.28667
435.333 0.3200000000000003
435.64 0.28667
435.947 0.29666999999999977
436.251 0.29000000000000004
436.558 0.25666999999999973
436.864 0.2733399999999997
437.171 0.2799999999999998
437.477 0.29000000000000004
437.784 0.2833399999999999
438.088 0.28667
438.395 0.28667
438.701 0.2833399999999999
439.008 0.2833399999999999
439.314 0.2599999999999998
439.621 0.25
439.925 0.2733399999999997
440.232 0.2433399999999999
440.538 0.2433399999999999
440.845 0.23666999999999971
441.151 0.27
441.455 0.26666999999999996
441.762 0.2533399999999997
442.068 0.26666999999999996
442.375 0.2533399999999997
442.679 0.23333999999999966
442.985 0.22666999999999993
443.292 0.20333999999999985
443.598 0.2533399999999997
443.904 0.2066699999999999
444.209 0.23999999999999977
444.515 0.23999999999999977
444.821 0.22666999999999993
445.128 0.2166699999999997
445.432 0.2166699999999997
445.738 0.2166699999999997
446.044 0.18999999999999995
446.351 0.2166699999999997
446.655 0.23999999999999977
446.961 0.25666999999999973
447.267 0.21999999999999975
447.573 0.20999999999999996
447.878 0.2166699999999997
448.184 0.19334000000000007
448.49 0.19666999999999968
448.796 0.20999999999999996
449.1 0.22999999999999998
449.406 0.20999999999999996
449.712 0.20333999999999985
450.017 0.19999999999999973
450.323 0.19666999999999968
450.629 0.21999999999999975
450.935 0.22666999999999993
451.239 0.18999999999999995
451.545 0.21334000000000009
451.851 0.2066699999999999
452.155 0.20333999999999985
452.461 0.1866699999999999
452.767 0.21999999999999975
453.073 0.17334000000000005
453.377 0.2166699999999997
453.683 0.1866699999999999
453.989 0.20333999999999985
454.293 0.16333999999999982
454.599 0.1866699999999999
454.905 0.23333999999999966
455.209 0.19999999999999973
455.515 0.19666999999999968
455.821 0.17666999999999966
456.125 0.20333999999999985
456.431 0.19666999999999968
456.736 0.17666999999999966
457.04 0.19334000000000007
457.346 0.19334000000000007
457.652 0.21334000000000009
457.956 0.1433399999999998
458.262 0.20333999999999985
458.568 0.2166699999999997
458.871 0.18999999999999995
459.177 0.21999999999999975
459.481 0.22333999999999987
459.787 0.19334000000000007
460.092 0.18999999999999995
460.396 0.20333999999999985
460.702 0.19999999999999973
461.008 0.23333999999999966
461.311 0.2066699999999999
461.617 0.22666999999999993
461.921 0.17999999999999972
462.227 0.18999999999999995
462.532 0.21999999999999975
462.836 0.2166699999999997
463.142 0.23333999999999966
463.445 0.24666999999999994
463.751 0.22999999999999998
464.057 0.23333999999999966
464.36 0.22333999999999987
464.666 0.20999999999999996
464.969 0.24666999999999994
465.275 0.2533399999999997
465.581 0.22999999999999998
465.884 0.21999999999999975
466.19 0.20999999999999996
466.493 0.23666999999999971
466.799 0.23333999999999966
467.104 0.21334000000000009
467.408 0.23333999999999966
467.713 0.23666999999999971
468.017 0.2633399999999999
468.322 0.24666999999999994
468.626 0.20333999999999985
468.931 0.26666999999999996
469.235 0.25
469.54 0.26666999999999996
469.846 0.26666999999999996
470.149 0.26666999999999996
470.455 0.35667000000000026
470.758 0.34999999999999964
471.063 0.46333999999999964
471.367 0.45333999999999985
471.672 0.43666999999999945
471.976 0.4733400000000003
472.281 0.46333999999999964
472.584 0.43666999999999945
472.89 0.45333999999999985
473.193 0.4900000000000002
473.498 0.46999999999999975
473.802 0.5099999999999998
474.107 0.4833400000000001
474.41 0.4733400000000003
474.715 0.43666999999999945
475.019 0.44334000000000007
475.324 0.42666999999999966
475.627 0.4933399999999999
475.932 0.46333999999999964
476.236 0.41999999999999993
476.541 0.3533400000000002
476.844 0.35999999999999943
477.149 0.2433399999999999
477.452 0.25666999999999973
477.758 0.22666999999999993
478.061 0.20999999999999996
478.366 0.20333999999999985
478.669 0.23666999999999971
478.974 0.25666999999999973
479.277 0.21999999999999975
479.583 0.2066699999999999
479.886 0.20333999999999985
480.189 0.2166699999999997
480.494 0.2166699999999997
480.797 0.20333999999999985
481.102 0.2166699999999997
481.405 0.1599999999999997
481.71 0.18999999999999995
482.013 0.21999999999999975
482.318 0.19666999999999968
482.621 0.17999999999999972
482.924 0.18333999999999984
483.229 0.19999999999999973
483.532 0.19334000000000007
483.837 0.20333999999999985
484.14 0.17999999999999972
484.445 0.1433399999999998
484.748 0.18333999999999984
485.051 0.22666999999999993
485.356 0.19334000000000007
485.659 0.20999999999999996
485.964 0.1866699999999999
486.266 0.19334000000000007
486.569 0.1599999999999997
486.874 0.1599999999999997
487.177 0.16666999999999987
487.482 0.19666999999999968
487.785 0.16333999999999982
488.088 0.2166699999999997
488.392 0.1599999999999997
488.695 0.17999999999999972
488.998 0.1866699999999999
489.303 0.17334000000000005
489.606 0.16999999999999993
489.91 0.17999999999999972
490.213 0.17999999999999972
490.516 0.13999999999999968
490.821 0.14666999999999986
491.123 0.14666999999999986
491.426 0.15334000000000003
491.731 0.14666999999999986
492.033 0.16333999999999982
492.336 0.1866699999999999
492.641 0.13334000000000001
492.944 0.16666999999999987
493.246 0.15334000000000003
493.551 0.11667000000000005
493.853 0.14666999999999986
494.156 0.1566700000000001
494.461 0.14666999999999986
494.763 0.1499999999999999
495.066 0.1866699999999999
495.37 0.11667000000000005
495.673 0.15334000000000003
495.976 0.14666999999999986
496.28 0.16666999999999987
496.583 0.16666999999999987
496.885 0.13999999999999968
497.19 0.1599999999999997
497.492 0.1299999999999999
497.795 0.16999999999999993
498.097 0.16999999999999993
498.402 0.1433399999999998
498.704 0.12333999999999978
499.007 0.1599999999999997
499.311 0.18999999999999995
499.614 0.16333999999999982
499.916 0.1566700000000001
500.218 0.13667000000000007
500.523 0.17334000000000005
500.825 0.16999999999999993
501.128 0.1299999999999999
501.43 0.16333999999999982
501.734 0.13334000000000001
502.037 0.1299999999999999
502.339 0.15334000000000003
502.643 0.1433399999999998
502.946 0.1566700000000001
503.248 0.16999999999999993
503.55 0.1433399999999998
503.853 0.11334
504.157 0.1499999999999999
504.459 0.13334000000000001
504.762 0.1499999999999999
505.064 0.16999999999999993
505.368 0.1566700000000001
505.67 0.1599999999999997
505.973 0.1299999999999999
506.275 0.17666999999999966
506.579 0.16666999999999987
506.881 0.16333999999999982
507.183 0.1566700000000001
507.486 0.15334000000000003
507.788 0.1433399999999998
508.092 0.1433399999999998
508.394 0.17666999999999966
508.696 0.19666999999999968
508.998 0.17334000000000005
509.3 0.13999999999999968
509.605 0.1566700000000001
509.907 0.19666999999999968
510.209 0.1599999999999997
510.511 0.18333999999999984
510.813 0.1566700000000001
511.115 0.18999999999999995
511.419 0.1499999999999999
511.721 0.13999999999999968
512.023 0.17334000000000005
512.325 0.17666999999999966
512.627 0.19666999999999968
512.931 0.1499999999999999
513.233 0.22333999999999987
513.535 0.17334000000000005
513.837 0.17666999999999966
514.139 0.1866699999999999
514.441 0.18999999999999995
514.743 0.13999999999999968
515.047 0.18999999999999995
515.349 0.1866699999999999
515.651 0.19666999999999968
515.953 0.15334000000000003
516.254 0.17334000000000005
516.556 0.2066699999999999
516.858 0.18333999999999984
517.16 0.16333999999999982
517.464 0.22666999999999993
517.766 0.19666999999999968
518.068 0.18999999999999995
518.369 0.21999999999999975
518.671 0.1599999999999997
518.973 0.21999999999999975
519.275 0.20333999999999985
519.576 0.17999999999999972
519.878 0.17666999999999966
520.182 0.21334000000000009
520.484 0.19666999999999968
520.786 0.21334000000000009
521.087 0.23333999999999966
521.389 0.2066699999999999
521.691 0.22333999999999987
521.992 0.23666999999999971
522.294 0.2166699999999997
522.596 0.19666999999999968
522.897 0.21334000000000009
523.199 0.20999999999999996
523.501 0.18333999999999984
523.802 0.16333999999999982
524.106 0.24666999999999994
524.408 0.22666999999999993
524.709 0.21999999999999975
525.011 0.2066699999999999
525.312 0.21334000000000009
525.614 0.18999999999999995
525.915 0.18999999999999995
526.217 0.19666999999999968
526.519 0.21999999999999975
526.82 0.22999999999999998
527.122 0.21334000000000009
527.423 0.23333999999999966
527.725 0.19666999999999968
528.026 0.2066699999999999
528.328 0.21334000000000009
528.629 0.23333999999999966
528.931 0.2166699999999997
529.232 0.2433399999999999
529.533 0.17999999999999972
529.835 0.2533399999999997
530.136 0.22999999999999998
530.438 0.22333999999999987
530.739 0.24666999999999994
531.04 0.18333999999999984
531.342 0.23999999999999977
531.643 0.2066699999999999
531.945 0.23666999999999971
532.246 0.22666999999999993
532.547 0.21334000000000009
532.849 0.22333999999999987
533.15 0.2799999999999998
533.451 0.23999999999999977
533.753 0.22333999999999987
534.054 0.22333999999999987
534.355 0.2433399999999999
534.656 0.2533399999999997
534.958 0.23666999999999971
535.259 0.23333999999999966
535.56 0.23333999999999966
535.861 0.2799999999999998
536.163 0.2633399999999999
536.464 0.25666999999999973
536.765 0.27666999999999975
537.066 0.22999999999999998
537.367 0.23999999999999977
537.667 0.2533399999999997
537.968 0.23333999999999966
538.269 0.24666999999999994
538.57 0.2533399999999997
538.871 0.20333999999999985
539.172 0.20999999999999996
539.473 0.2599999999999998
539.775 0.22999999999999998
540.076 0.23999999999999977
540.377 0.27666999999999975
540.678 0.24666999999999994
540.979 0.19999999999999973
541.278 0.23333999999999966
541.579 0.2166699999999997
541.88 0.20999999999999996
542.181 0.20333999999999985
542.482 0.24666999999999994
542.783 0.2433399999999999
543.084 0.19666999999999968
543.385 0.20333999999999985
543.686 0.22333999999999987
543.985 0.23999999999999977
544.286 0.18333999999999984
544.587 0.18999999999999995
544.888 0.19334000000000007
545.189 0.21999999999999975
545.49 0.21334000000000009
545.79 0.19666999999999968
546.091 0.22666999999999993
546.39 0.20999999999999996
546.691 0.22666999999999993
546.992 0.21999999999999975
547.293 0.17334000000000005
547.594 0.18999999999999995
547.895 0.17334000000000005
548.195 0.19334000000000007
548.494 0.22333999999999987
548.795 0.16666999999999987
549.096 0.19999999999999973
549.397 0.16999999999999993
549.697 0.16333999999999982
549.998 0.17999999999999972
550.297 0.13999999999999968
550.598 0.17666999999999966
550.898 0.1599999999999997
551.199 0.2166699999999997
551.5 0.17999999999999972
551.798 0.19666999999999968
552.099 0.13667000000000007
552.4 0.1599999999999997
552.701 0.17666999999999966
553.001 0.16999999999999993
553.3 0.1499999999999999
553.6 0.17666999999999966
553.901 0.17334000000000005
554.202 0.17999999999999972
554.502 0.17334000000000005
554.801 0.08333999999999975
555.102 0.13667000000000007
555.402 0.16666999999999987
555.703 0.1499999999999999
556.001 0.1299999999999999
556.302 0.13999999999999968
556.602 0.13999999999999968
556.903 0.13999999999999968
557.201 0.13999999999999968
557.502 0.1433399999999998
557.802 0.12666999999999984
558.103 0.13334000000000001
558.403 0.1433399999999998
558.702 0.1566700000000001
559.002 0.13334000000000001
559.303 0.1299999999999999
559.601 0.11999999999999966
559.902 0.13334000000000001
560.202 0.13999999999999968
560.502 0.13334000000000001
560.801 0.1433399999999998
561.101 0.11999999999999966
561.402 0.14666999999999986
561.702 0.15334000000000003
562.0 0.12666999999999984
562.301 0.10999999999999988
562.601 0.12333999999999978
562.899 0.1433399999999998
563.2 0.11667000000000005
563.5 0.14666999999999986
563.8 0.14666999999999986
564.099 0.15334000000000003
564.399 0.10666999999999982
564.699 0.12666999999999984
564.997 0.13334000000000001
565.298 0.13667000000000007
565.598 0.13999999999999968
565.896 0.12333999999999978
566.196 0.12666999999999984
566.497 0.13999999999999968
566.795 0.1299999999999999
567.095 0.15334000000000003
567.395 0.15334000000000003
567.693 0.1433399999999998
567.994 0.10666999999999982
568.294 0.1299999999999999
568.592 0.06666999999999978
568.892 0.10666999999999982
569.192 0.1299999999999999
569.49 0.1433399999999998
569.79 0.13667000000000007
570.09 0.13667000000000007
570.389 0.12666999999999984
570.689 0.11334
570.987 0.09667000000000003
571.287 0.10666999999999982
571.587 0.1299999999999999
571.885 0.12333999999999978
572.185 0.10666999999999982
572.485 0.09667000000000003
572.783 0.13667000000000007
573.083 0.15334000000000003
573.381 0.12333999999999978
573.681 0.10333999999999977
573.981 0.1499999999999999
574.279 0.1299999999999999
574.579 0.11334
574.877 0.12666999999999984
575.177 0.14666999999999986
575.477 0.16333999999999982
575.774 0.12666999999999984
576.074 0.12333999999999978
576.372 0.13999999999999968
576.672 0.10000000000000009
576.972 0.13334000000000001
577.27 0.11999999999999966
577.57 0.12333999999999978
577.867 0.13999999999999968
578.167 0.13334000000000001
578.465 0.1433399999999998
578.765 0.13999999999999968
579.063 0.1566700000000001
579.363 0.11999999999999966
579.662 0.13334000000000001
579.96 0.1299999999999999
580.26 0.11667000000000005
580.558 0.1299999999999999
580.857 0.13667000000000007
581.155 0.16333999999999982
581.455 0.1299999999999999
581.752 0.11667000000000005
582.052 0.13667000000000007
582.35 0.11667000000000005
582.65 0.10999999999999988
582.947 0.13667000000000007
583.247 0.10000000000000009
583.547 0.1566700000000001
583.844 0.14666999999999986
584.144 0.10000000000000009
584.441 0.1499999999999999
584.741 0.1433399999999998
585.039 0.1499999999999999
585.338 0.13667000000000007
585.636 0.1433399999999998
585.935 0.17334000000000005
586.233 0.13667000000000007
586.533 0.1433399999999998
586.83 0.11999999999999966
587.13 0.13999999999999968
587.427 0.10666999999999982
587.725 0.1499999999999999
588.024 0.1566700000000001
588.322 0.14666999999999986
588.621 0.15334000000000003
588.919 0.11334
589.218 0.12666999999999984
589.516 0.14666999999999986
589.815 0.12333999999999978
590.112 0.11334
590.412 0.13999999999999968
590.709 0.11667000000000005
591.009 0.12333999999999978
591.306 0.18333999999999984
591.603 0.11667000000000005
591.903 0.15334000000000003
592.2 0.14666999999999986
592.5 0.13667000000000007
592.797 0.13667000000000007
593.096 0.1499999999999999
593.393 0.16333999999999982
593.691 0.13334000000000001
593.99 0.15334000000000003
594.287 0.17334000000000005
594.587 0.14666999999999986
594.884 0.15334000000000003
595.183 0.1566700000000001
595.481 0.1433399999999998
595.778 0.18333999999999984
596.077 0.15334000000000003
596.374 0.17999999999999972
596.673 0.17999999999999972
596.971 0.1566700000000001
597.268 0.1599999999999997
597.567 0.19334000000000007
597.864 0.17334000000000005
598.161 0.17999999999999972
598.461 0.1599999999999997
598.758 0.13999999999999968
599.057 0.11667000000000005
599.354 0.1566700000000001
599.651 0.1433399999999998
599.95 0.17334000000000005
600.247 0.16999999999999993
600.544 0.17999999999999972
600.843 0.17666999999999966
601.141 0.1299999999999999
601.438 0.2066699999999999
601.737 0.17334000000000005
602.034 0.21999999999999975
602.333 0.13667000000000007
602.63 0.16666999999999987
602.927 0.16999999999999993
603.226 0.1566700000000001
603.523 0.20333999999999985
603.82 0.16333999999999982
604.117 0.18333999999999984
604.416 0.17999999999999972
604.713 0.16333999999999982
605.01 0.15334000000000003
605.308 0.1599999999999997
605.605 0.18999999999999995
605.902 0.21334000000000009
606.201 0.19999999999999973
606.498 0.1299999999999999
606.795 0.1599999999999997
607.094 0.13667000000000007
607.391 0.1499999999999999
607.688 0.13334000000000001
607.984 0.10999999999999988
608.283 0.13999999999999968
608.58 0.1566700000000001
608.877 0.1599999999999997
609.176 0.14666999999999986
609.473 0.17334000000000005
609.769 0.17666999999999966
610.066 0.1433399999999998
610.365 0.16999999999999993
610.662 0.12666999999999984
610.958 0.1566700000000001
611.255 0.13999999999999968
611.554 0.1566700000000001
611.851 0.1299999999999999
612.147 0.18333999999999984
612.444 0.13667000000000007
612.743 0.10999999999999988
613.039 0.13334000000000001
613.336 0.16333999999999982
613.633 0.12666999999999984
613.931 0.13667000000000007
614.228 0.1499999999999999
614.525 0.10999999999999988
614.821 0.1599999999999997
615.12 0.1433399999999998
615.416 0.10000000000000009
615.713 0.1299999999999999
616.01 0.13667000000000007
616.306 0.1299999999999999
616.605 0.1433399999999998
616.901 0.1599999999999997
617.198 0.12666999999999984
617.494 0.10666999999999982
617.791 0.13999999999999968
618.089 0.13999999999999968
618.386 0.1499999999999999
618.682 0.13999999999999968
618.979 0.16333999999999982
619.275 0.15334000000000003
619.574 0.1433399999999998
619.87 0.14666999999999986
620.167 0.1499999999999999
620.463 0.14666999999999986
620.76 0.13667000000000007
621.056 0.16666999999999987
621.354 0.13667000000000007
621.651 0.13999999999999968
621.947 0.13334000000000001
622.244 0.14666999999999986
622.54 0.11334
622.836 0.13999999999999968
623.135 0.1299999999999999
623.431 0.13999999999999968
623.727 0.1299999999999999
624.024 0.13667000000000007
624.32 0.13667000000000007
624.616 0.16333999999999982
624.913 0.1433399999999998
625.209 0.14666999999999986
625.507 0.11667000000000005
625.803 0.1499999999999999
626.1 0.10999999999999988
626.396 0.1499999999999999
626.692 0.13667000000000007
626.988 0.14666999999999986
627.284 0.13334000000000001
627.581 0.13667000000000007
627.879 0.13334000000000001
628.175 0.12666999999999984
628.471 0.15334000000000003
628.767 0.14666999999999986
629.064 0.1499999999999999
629.36 0.16666999999999987
629.656 0.17666999999999966
629.952 0.15334000000000003
630.248 0.13999999999999968
630.544 0.11334
630.84 0.12666999999999984
631.136 0.10999999999999988
631.434 0.1433399999999998
631.731 0.13667000000000007
632.027 0.10999999999999988
632.323 0.12666999999999984
632.619 0.1299999999999999
632.915 0.16333999999999982
633.211 0.14666999999999986
633.507 0.10999999999999988
633.803 0.14666999999999986
634.099 0.12666999999999984
634.395 0.1566700000000001
634.691 0.15334000000000003
634.987 0.13999999999999968
635.283 0.15334000000000003
635.578 0.13667000000000007
635.874 0.12666999999999984
636.17 0.19999999999999973
636.466 0.13334000000000001
636.762 0.17334000000000005
637.058 0.15334000000000003
637.354 0.1299999999999999
637.65 0.16666999999999987
637.946 0.17999999999999972
638.242 0.1499999999999999
638.537 0.1499999999999999
638.833 0.16666999999999987
639.129 0.18333999999999984
639.425 0.1599999999999997
639.721 0.19666999999999968
640.016 0.1566700000000001
640.312 0.16333999999999982
640.608 0.16999999999999993
640.904 0.1866699999999999
641.2 0.16666999999999987
641.495 0.2166699999999997
641.791 0.18999999999999995
642.087 0.1433399999999998
642.382 0.16666999999999987
642.678 0.1866699999999999
642.974 0.22333999999999987
643.27 0.19999999999999973
643.565 0.17334000000000005
643.861 0.2066699999999999
644.157 0.18333999999999984
644.452 0.17999999999999972
644.748 0.2166699999999997
645.043 0.19999999999999973
645.339 0.2166699999999997
645.635 0.17666999999999966
645.928 0.17999999999999972
646.224 0.19999999999999973
646.519 0.17999999999999972
646.815 0.2166699999999997
647.111 0.16999999999999993
647.406 0.21999999999999975
647.702 0.22666999999999993
647.997 0.19999999999999973
648.293 0.21334000000000009
648.588 0.24666999999999994
648.884 0.20333999999999985
649.179 0.18999999999999995
649.473 0.18999999999999995
649.768 0.20999999999999996
650.064 0.16333999999999982
650.359 0.2066699999999999
650.655 0.16333999999999982
650.95 0.19666999999999968
651.245 0.19334000000000007
651.541 0.16999999999999993
651.836 0.17334000000000005
652.13 0.13667000000000007
652.425 0.1866699999999999
652.721 0.17334000000000005
653.016 0.2066699999999999
653.311 0.18333999999999984
653.607 0.1599999999999997
653.902 0.17999999999999972
654.195 0.19666999999999968
654.491 0.1499999999999999
654.786 0.19666999999999968
655.081 0.16999999999999993
655.376 0.17666999999999966
655.672 0.17334000000000005
655.965 0.13999999999999968
656.26 0.1599999999999997
656.556 0.1599999999999997
656.851 0.12666999999999984
657.146 0.13667000000000007
657.441 0.16666999999999987
657.734 0.1433399999999998
658.03 0.16999999999999993
658.325 0.13334000000000001
658.62 0.15334000000000003
658.915 0.12333999999999978
659.208 0.18999999999999995
659.504 0.13999999999999968
659.799 0.13999999999999968
660.094 0.13334000000000001
660.389 0.11667000000000005
660.682 0.1299999999999999
660.977 0.14666999999999986
661.272 0.13999999999999968
661.567 0.1433399999999998
661.863 0.1599999999999997
662.156 0.12666999999999984
662.451 0.1499999999999999
662.746 0.13667000000000007
663.041 0.16999999999999993
663.334 0.1566700000000001
663.629 0.1599999999999997
663.924 0.11667000000000005
664.219 0.1566700000000001
664.514 0.11334
664.807 0.12666999999999984
665.102 0.11334
665.397 0.11667000000000005
665.69 0.13334000000000001
665.985 0.11334
666.28 0.12333999999999978
666.575 0.11667000000000005
666.867 0.12666999999999984
667.162 0.10666999999999982
667.457 0.11999999999999966
667.752 0.1566700000000001
668.045 0.13334000000000001
668.34 0.10999999999999988
668.635 0.08000000000000007
668.928 0.09333999999999998
669.222 0.10333999999999977
669.517 0.11334
669.812 0.13334000000000001
670.105 0.12666999999999984
670.4 0.13999999999999968
670.695 0.11667000000000005
670.987 0.10666999999999982
671.282 0.08333999999999975
671.577 0.11667000000000005
671.87 0.09667000000000003
672.164 0.12333999999999978
672.459 0.10000000000000009
672.752 0.11667000000000005
673.047 0.0866699999999998
673.341 0.10999999999999988
673.634 0.12333999999999978
673.929 0.12333999999999978
674.223 0.11667000000000005
674.516 0.12666999999999984
674.811 0.10333999999999977
675.105 0.11334
675.398 0.10666999999999982
675.693 0.10666999999999982
