# Created: 2019-11-28 14:58:26.292727
# rshift intensity
86.6238 0.09999999999999964
86.9486 0.06999999999999984
87.2712 0.08665999999999974
87.596 0.0733299999999999
87.9207 0.08000000000000007
88.2454 0.08332999999999968
88.5702 0.08665999999999974
88.8927 0.08332999999999968
89.2174 0.08332999999999968
89.5421 0.08665999999999974
89.8668 0.06665999999999972
90.1914 0.08332999999999968
90.514 0.0733299999999999
90.8386 0.0466599999999997
91.1632 0.06000000000000005
91.4878 0.07665999999999995
91.8124 0.06665999999999972
92.1349 0.06000000000000005
92.4595 0.08999999999999986
92.7841 0.06665999999999972
93.1086 0.06332999999999966
93.431 0.08999999999999986
93.7556 0.05332999999999988
94.0801 0.07665999999999995
94.4046 0.08000000000000007
94.727 0.09999999999999964
95.0515 0.06665999999999972
95.376 0.0733299999999999
95.7004 0.08000000000000007
96.0227 0.06999999999999984
96.3472 0.06332999999999966
96.6716 0.06665999999999972
96.9961 0.04999999999999982
97.3183 0.0733299999999999
97.6427 0.08665999999999974
97.9671 0.06665999999999972
98.2915 0.04999999999999982
98.6137 0.09332999999999991
98.9381 0.06332999999999966
99.2624 0.08999999999999986
99.5868 0.09332999999999991
99.909 0.0466599999999997
100.233 0.06000000000000005
100.558 0.11665999999999999
100.88 0.09999999999999964
101.204 0.08999999999999986
101.528 0.06665999999999972
101.853 0.1033299999999997
102.175 0.06999999999999984
102.499 0.11665999999999999
102.823 0.08000000000000007
103.145 0.06000000000000005
103.469 0.09999999999999964
103.794 0.09999999999999964
104.116 0.08000000000000007
104.44 0.08332999999999968
104.764 0.05665999999999993
105.086 0.09999999999999964
105.41 0.06000000000000005
105.734 0.09332999999999991
106.056 0.09665999999999997
106.38 0.09332999999999991
106.704 0.06665999999999972
107.026 0.05332999999999988
107.35 0.08332999999999968
107.674 0.04999999999999982
107.996 0.09665999999999997
108.32 0.0733299999999999
108.644 0.06332999999999966
108.966 0.06665999999999972
109.29 0.08000000000000007
109.614 0.08999999999999986
109.936 0.11665999999999999
110.26 0.08000000000000007
110.584 0.08999999999999986
110.906 0.07665999999999995
111.23 0.05332999999999988
111.552 0.0733299999999999
111.875 0.08332999999999968
112.199 0.09999999999999964
112.521 0.09332999999999991
112.845 0.10999999999999988
113.169 0.08999999999999986
113.491 0.07665999999999995
113.814 0.08000000000000007
114.136 0.08000000000000007
114.46 0.08665999999999974
114.784 0.0733299999999999
115.105 0.08000000000000007
115.429 0.08999999999999986
115.751 0.1033299999999997
116.075 0.08332999999999968
116.398 0.09332999999999991
116.72 0.1033299999999997
117.044 0.08332999999999968
117.365 0.10999999999999988
117.689 0.09999999999999964
118.013 0.10999999999999988
118.334 0.10999999999999988
118.658 0.08332999999999968
118.979 0.09665999999999997
119.303 0.08665999999999974
119.625 0.08332999999999968
119.948 0.08999999999999986
120.272 0.08665999999999974
120.593 0.07665999999999995
120.917 0.1033299999999997
121.238 0.10665999999999976
121.562 0.10999999999999988
121.883 0.08665999999999974
122.207 0.08000000000000007
122.528 0.09999999999999964
122.852 0.0733299999999999
123.175 0.09665999999999997
123.497 0.09332999999999991
123.82 0.05665999999999993
124.142 0.06999999999999984
124.465 0.09665999999999997
124.786 0.09999999999999964
125.11 0.08665999999999974
125.431 0.06665999999999972
125.755 0.06000000000000005
126.076 0.05665999999999993
126.399 0.036659999999999915
126.721 0.07665999999999995
127.044 0.08999999999999986
127.365 0.06999999999999984
127.689 0.08000000000000007
128.01 0.07665999999999995
128.333 0.08000000000000007
128.654 0.08000000000000007
128.978 0.09332999999999991
129.299 0.07665999999999995
129.622 0.09665999999999997
129.943 0.06665999999999972
130.267 0.0733299999999999
130.588 0.08332999999999968
130.911 0.06999999999999984
131.232 0.040000000000000036
131.555 0.07665999999999995
131.876 0.05332999999999988
132.2 0.09332999999999991
132.521 0.06000000000000005
132.844 0.08000000000000007
133.165 0.08000000000000007
133.488 0.09665999999999997
133.809 0.06999999999999984
134.132 0.08999999999999986
134.453 0.06999999999999984
134.774 0.08000000000000007
135.097 0.09999999999999964
135.418 0.09999999999999964
135.741 0.06000000000000005
136.062 0.08665999999999974
136.385 0.08000000000000007
136.706 0.08000000000000007
137.029 0.05665999999999993
137.35 0.06000000000000005
137.671 0.10665999999999976
137.994 0.06999999999999984
138.315 0.07665999999999995
138.638 0.06000000000000005
138.959 0.06999999999999984
139.282 0.08332999999999968
139.603 0.08332999999999968
139.923 0.08000000000000007
140.246 0.04999999999999982
140.567 0.06999999999999984
140.89 0.08999999999999986
141.211 0.0466599999999997
141.532 0.06999999999999984
141.854 0.08332999999999968
142.175 0.08000000000000007
142.498 0.06665999999999972
142.819 0.06999999999999984
143.139 0.06999999999999984
143.462 0.06999999999999984
143.783 0.07665999999999995
144.106 0.0733299999999999
144.426 0.0466599999999997
144.747 0.05665999999999993
145.07 0.06999999999999984
145.39 0.09665999999999997
145.711 0.08332999999999968
146.034 0.07665999999999995
146.354 0.06665999999999972
146.675 0.08999999999999986
146.998 0.07665999999999995
147.318 0.05665999999999993
147.641 0.08999999999999986
147.961 0.040000000000000036
148.282 0.06000000000000005
148.605 0.06665999999999972
148.925 0.08000000000000007
149.246 0.06999999999999984
149.568 0.06000000000000005
149.889 0.06332999999999966
150.209 0.09332999999999991
150.532 0.08999999999999986
150.852 0.06000000000000005
151.172 0.0466599999999997
151.495 0.0733299999999999
151.815 0.0733299999999999
152.136 0.0733299999999999
152.458 0.06000000000000005
152.779 0.09332999999999991
153.099 0.07665999999999995
153.422 0.08000000000000007
153.742 0.06000000000000005
154.062 0.06000000000000005
154.382 0.08999999999999986
154.705 0.09665999999999997
155.025 0.09332999999999991
155.345 0.07665999999999995
155.668 0.08665999999999974
155.988 0.029999999999999805
156.308 0.08000000000000007
156.631 0.10999999999999988
156.951 0.09665999999999997
157.271 0.07665999999999995
157.591 0.06332999999999966
157.914 0.08000000000000007
158.234 0.06000000000000005
158.554 0.09332999999999991
158.874 0.06665999999999972
159.197 0.08332999999999968
159.517 0.04999999999999982
159.837 0.08332999999999968
160.159 0.0733299999999999
160.479 0.09999999999999964
160.799 0.0466599999999997
161.119 0.0733299999999999
161.441 0.08999999999999986
161.762 0.06999999999999984
162.082 0.08332999999999968
162.402 0.05665999999999993
162.724 0.08665999999999974
163.044 0.08665999999999974
163.364 0.08999999999999986
163.684 0.08332999999999968
164.004 0.08665999999999974
164.326 0.08999999999999986
164.646 0.06999999999999984
164.966 0.09665999999999997
165.286 0.0733299999999999
165.608 0.06332999999999966
165.928 0.07665999999999995
166.248 0.09665999999999997
166.568 0.0733299999999999
166.887 0.04332999999999965
167.209 0.06999999999999984
167.529 0.07665999999999995
167.849 0.08332999999999968
168.169 0.03332999999999986
168.489 0.06999999999999984
168.811 0.09665999999999997
169.131 0.07665999999999995
169.45 0.05665999999999993
169.77 0.06665999999999972
170.09 0.07665999999999995
170.412 0.06332999999999966
170.732 0.0466599999999997
171.051 0.06665999999999972
171.371 0.09665999999999997
171.691 0.06332999999999966
172.01 0.0733299999999999
172.332 0.08332999999999968
172.652 0.06665999999999972
172.972 0.07665999999999995
173.291 0.07665999999999995
173.611 0.09999999999999964
173.931 0.06999999999999984
174.252 0.05332999999999988
174.572 0.08332999999999968
174.892 0.09332999999999991
175.211 0.08665999999999974
175.531 0.08665999999999974
175.85 0.04999999999999982
176.17 0.09999999999999964
176.492 0.08665999999999974
176.811 0.06999999999999984
177.131 0.06665999999999972
177.45 0.03332999999999986
177.77 0.06000000000000005
178.089 0.07665999999999995
178.409 0.07665999999999995
178.728 0.0733299999999999
179.05 0.0466599999999997
179.369 0.09332999999999991
179.689 0.08332999999999968
180.008 0.06999999999999984
180.327 0.08000000000000007
180.647 0.06999999999999984
180.966 0.05332999999999988
181.286 0.06332999999999966
181.605 0.06332999999999966
181.924 0.09665999999999997
182.246 0.0733299999999999
182.565 0.08665999999999974
182.885 0.0733299999999999
183.204 0.08665999999999974
183.523 0.08000000000000007
183.843 0.06999999999999984
184.162 0.04999999999999982
184.481 0.08332999999999968
184.8 0.05665999999999993
185.12 0.09665999999999997
185.439 0.04999999999999982
185.758 0.08332999999999968
186.077 0.06999999999999984
186.397 0.06999999999999984
186.716 0.05332999999999988
187.037 0.05665999999999993
187.356 0.08332999999999968
187.675 0.06999999999999984
187.995 0.05332999999999988
188.314 0.0466599999999997
188.633 0.09665999999999997
188.952 0.06000000000000005
189.271 0.04332999999999965
189.59 0.08000000000000007
189.909 0.06665999999999972
190.228 0.0733299999999999
190.548 0.04332999999999965
190.867 0.06999999999999984
191.186 0.06999999999999984
191.505 0.06665999999999972
191.824 0.08332999999999968
192.143 0.08999999999999986
192.462 0.07665999999999995
192.781 0.06665999999999972
193.1 0.07665999999999995
193.419 0.04332999999999965
193.738 0.1033299999999997
194.057 0.0733299999999999
194.376 0.05665999999999993
194.694 0.0733299999999999
195.013 0.06999999999999984
195.332 0.0466599999999997
195.651 0.08665999999999974
195.97 0.03332999999999986
196.289 0.0733299999999999
196.608 0.08000000000000007
196.927 0.06999999999999984
197.246 0.08000000000000007
197.564 0.04999999999999982
197.883 0.07665999999999995
198.202 0.06999999999999984
198.521 0.08000000000000007
198.84 0.05332999999999988
199.158 0.06665999999999972
199.477 0.08000000000000007
199.796 0.09332999999999991
200.115 0.06332999999999966
200.431 0.06000000000000005
200.75 0.08000000000000007
201.069 0.04999999999999982
201.387 0.05332999999999988
201.706 0.06665999999999972
202.025 0.08332999999999968
202.343 0.06665999999999972
202.662 0.09665999999999997
202.981 0.06332999999999966
203.299 0.06999999999999984
203.618 0.10999999999999988
203.937 0.07665999999999995
204.255 0.08000000000000007
204.574 0.08665999999999974
204.89 0.06000000000000005
205.209 0.0733299999999999
205.527 0.08000000000000007
205.846 0.08332999999999968
206.165 0.0733299999999999
206.483 0.08332999999999968
206.802 0.07665999999999995
207.12 0.0733299999999999
207.439 0.08332999999999968
207.757 0.05665999999999993
208.073 0.08665999999999974
208.392 0.06999999999999984
208.71 0.08000000000000007
209.029 0.1033299999999997
209.347 0.06000000000000005
209.666 0.08332999999999968
209.984 0.06332999999999966
210.302 0.08332999999999968
210.619 0.08332999999999968
210.937 0.07665999999999995
211.255 0.05332999999999988
211.574 0.06000000000000005
211.892 0.08000000000000007
212.21 0.07665999999999995
212.529 0.07665999999999995
212.845 0.08999999999999986
213.163 0.08665999999999974
213.482 0.0733299999999999
213.8 0.08665999999999974
214.118 0.09332999999999991
214.436 0.06665999999999972
214.755 0.05665999999999993
215.071 0.09332999999999991
215.389 0.09665999999999997
215.707 0.06999999999999984
216.025 0.12332999999999972
216.344 0.08332999999999968
216.66 0.10999999999999988
216.978 0.08999999999999986
217.296 0.06665999999999972
217.614 0.06999999999999984
217.932 0.0733299999999999
218.25 0.07665999999999995
218.566 0.09332999999999991
218.884 0.08665999999999974
219.203 0.11332999999999993
219.521 0.09332999999999991
219.839 0.0733299999999999
220.155 0.09999999999999964
220.473 0.06000000000000005
220.791 0.09999999999999964
221.109 0.13332999999999995
221.425 0.07665999999999995
221.743 0.08999999999999986
222.061 0.08999999999999986
222.379 0.08665999999999974
222.697 0.10665999999999976
223.013 0.0733299999999999
223.33 0.09999999999999964
223.648 0.10665999999999976
223.966 0.08665999999999974
224.282 0.1033299999999997
224.6 0.0733299999999999
224.918 0.09332999999999991
225.236 0.08000000000000007
225.552 0.08332999999999968
225.869 0.1033299999999997
226.187 0.08332999999999968
226.505 0.13332999999999995
226.821 0.09999999999999964
227.139 0.09999999999999964
227.457 0.11665999999999999
227.774 0.09999999999999964
228.09 0.08665999999999974
228.408 0.10665999999999976
228.726 0.09332999999999991
229.043 0.1299999999999999
229.359 0.10999999999999988
229.677 0.09665999999999997
229.994 0.10999999999999988
230.31 0.0733299999999999
230.628 0.11332999999999993
230.945 0.1033299999999997
231.261 0.10999999999999988
231.579 0.1033299999999997
231.896 0.09999999999999964
232.214 0.08999999999999986
232.529 0.10665999999999976
232.847 0.08999999999999986
233.165 0.10999999999999988
233.48 0.10665999999999976
233.798 0.06999999999999984
234.115 0.10999999999999988
234.431 0.09665999999999997
234.748 0.1299999999999999
235.066 0.08999999999999986
235.381 0.08999999999999986
235.699 0.11999999999999966
236.016 0.0733299999999999
236.332 0.10665999999999976
236.649 0.09665999999999997
236.967 0.09665999999999997
237.282 0.08665999999999974
237.6 0.12665999999999977
237.917 0.06665999999999972
238.232 0.07665999999999995
238.55 0.1033299999999997
238.867 0.10665999999999976
239.183 0.08999999999999986
239.5 0.1299999999999999
239.817 0.09332999999999991
240.133 0.09332999999999991
240.45 0.09999999999999964
240.765 0.05665999999999993
241.083 0.08999999999999986
241.4 0.07665999999999995
241.715 0.09665999999999997
242.032 0.06332999999999966
242.35 0.09665999999999997
242.665 0.0466599999999997
242.982 0.08000000000000007
243.297 0.06999999999999984
243.615 0.08999999999999986
243.932 0.09665999999999997
244.247 0.05665999999999993
244.564 0.0733299999999999
244.879 0.08999999999999986
245.197 0.06332999999999966
245.514 0.0733299999999999
245.829 0.06665999999999972
246.146 0.07665999999999995
246.461 0.09665999999999997
246.778 0.07665999999999995
247.095 0.08332999999999968
247.41 0.05332999999999988
247.728 0.08332999999999968
248.043 0.10665999999999976
248.36 0.09332999999999991
248.675 0.07665999999999995
248.992 0.1033299999999997
249.307 0.07665999999999995
249.624 0.06999999999999984
249.941 0.0733299999999999
250.256 0.12332999999999972
250.573 0.07665999999999995
250.888 0.08665999999999974
251.205 0.08000000000000007
251.519 0.06665999999999972
251.836 0.06999999999999984
252.151 0.08999999999999986
252.468 0.06332999999999966
252.783 0.06000000000000005
253.1 0.036659999999999915
253.417 0.08332999999999968
253.732 0.0733299999999999
254.049 0.036659999999999915
254.363 0.0733299999999999
254.68 0.07665999999999995
254.995 0.08665999999999974
255.312 0.04332999999999965
255.627 0.08999999999999986
255.944 0.06999999999999984
256.258 0.08000000000000007
256.575 0.09999999999999964
256.89 0.07665999999999995
257.207 0.1033299999999997
257.521 0.0733299999999999
257.838 0.08332999999999968
258.153 0.0733299999999999
258.469 0.07665999999999995
258.784 0.08000000000000007
259.101 0.05332999999999988
259.415 0.09665999999999997
259.732 0.06999999999999984
260.047 0.08999999999999986
260.363 0.08999999999999986
260.678 0.08665999999999974
260.993 0.05665999999999993
261.309 0.08000000000000007
261.624 0.09999999999999964
261.94 0.06000000000000005
262.255 0.09999999999999964
262.572 0.08665999999999974
262.886 0.08999999999999986
263.203 0.09332999999999991
263.517 0.08332999999999968
263.834 0.09332999999999991
264.148 0.0733299999999999
264.463 0.12332999999999972
264.779 0.1299999999999999
265.094 0.10665999999999976
265.41 0.09999999999999964
265.724 0.06332999999999966
266.041 0.08332999999999968
266.355 0.04999999999999982
266.67 0.10999999999999988
266.986 0.0733299999999999
267.3 0.10665999999999976
267.617 0.08332999999999968
267.931 0.11999999999999966
268.248 0.08999999999999986
268.562 0.07665999999999995
268.876 0.06000000000000005
269.193 0.09665999999999997
269.507 0.09999999999999964
269.823 0.08000000000000007
270.138 0.08000000000000007
270.452 0.08332999999999968
270.768 0.09665999999999997
271.082 0.09332999999999991
271.397 0.08999999999999986
271.713 0.1033299999999997
272.027 0.07665999999999995
272.343 0.09332999999999991
272.657 0.11332999999999993
272.972 0.040000000000000036
273.288 0.08332999999999968
273.602 0.0733299999999999
273.916 0.09665999999999997
274.232 0.09665999999999997
274.546 0.09332999999999991
274.863 0.07665999999999995
275.177 0.08999999999999986
275.491 0.08999999999999986
275.807 0.09332999999999991
276.121 0.11999999999999966
276.435 0.09999999999999964
276.751 0.13332999999999995
277.065 0.09999999999999964
277.379 0.06000000000000005
277.695 0.07665999999999995
278.009 0.1033299999999997
278.323 0.11332999999999993
278.639 0.09665999999999997
278.953 0.09999999999999964
279.267 0.08665999999999974
279.583 0.0733299999999999
279.897 0.09665999999999997
280.211 0.08000000000000007
280.525 0.08665999999999974
280.841 0.10665999999999976
281.155 0.06665999999999972
281.469 0.08000000000000007
281.785 0.09332999999999991
282.099 0.12665999999999977
282.412 0.08999999999999986
282.728 0.10665999999999976
283.042 0.08332999999999968
283.356 0.06999999999999984
283.67 0.08999999999999986
283.986 0.11332999999999993
284.299 0.09999999999999964
284.613 0.09999999999999964
284.929 0.10999999999999988
285.243 0.1033299999999997
285.556 0.1033299999999997
285.87 0.09332999999999991
286.186 0.08332999999999968
286.5 0.09665999999999997
286.813 0.11332999999999993
287.127 0.10999999999999988
287.443 0.08999999999999986
287.756 0.09332999999999991
288.07 0.09332999999999991
288.384 0.10665999999999976
288.699 0.11999999999999966
289.013 0.06999999999999984
289.327 0.09332999999999991
289.64 0.08999999999999986
289.956 0.10999999999999988
290.27 0.08000000000000007
290.583 0.09332999999999991
290.897 0.09332999999999991
291.21 0.08999999999999986
291.526 0.09665999999999997
291.839 0.08999999999999986
292.153 0.0733299999999999
292.466 0.08665999999999974
292.782 0.08000000000000007
293.095 0.11665999999999999
293.409 0.09332999999999991
293.722 0.09665999999999997
294.036 0.12332999999999972
294.351 0.08665999999999974
294.665 0.08999999999999986
294.978 0.09332999999999991
295.291 0.08332999999999968
295.605 0.12332999999999972
295.92 0.08665999999999974
296.234 0.08665999999999974
296.547 0.09999999999999964
296.86 0.1299999999999999
297.174 0.12665999999999977
297.487 0.12332999999999972
297.802 0.08999999999999986
298.116 0.0733299999999999
298.429 0.0733299999999999
298.742 0.1033299999999997
299.056 0.09999999999999964
299.369 0.11332999999999993
299.684 0.08999999999999986
299.997 0.09999999999999964
300.311 0.08665999999999974
300.624 0.08332999999999968
300.937 0.1033299999999997
301.25 0.1033299999999997
301.564 0.09665999999999997
301.879 0.10665999999999976
302.192 0.1033299999999997
302.505 0.12665999999999977
302.818 0.09665999999999997
303.131 0.1299999999999999
303.445 0.07665999999999995
303.758 0.11665999999999999
304.071 0.11665999999999999
304.386 0.08999999999999986
304.699 0.13666
305.012 0.10999999999999988
305.325 0.09665999999999997
305.638 0.11665999999999999
305.951 0.10665999999999976
306.264 0.11332999999999993
306.577 0.10665999999999976
306.89 0.09665999999999997
307.203 0.09999999999999964
307.518 0.08999999999999986
307.831 0.11999999999999966
308.144 0.10999999999999988
308.457 0.11999999999999966
308.77 0.09999999999999964
309.083 0.13666
309.396 0.09332999999999991
309.709 0.11665999999999999
310.022 0.11665999999999999
310.335 0.13332999999999995
310.648 0.10999999999999988
310.961 0.1299999999999999
311.273 0.12332999999999972
311.588 0.11999999999999966
311.901 0.13332999999999995
312.214 0.09665999999999997
312.527 0.11665999999999999
312.84 0.11332999999999993
313.152 0.11665999999999999
313.465 0.11665999999999999
313.778 0.14332999999999974
314.091 0.09999999999999964
314.404 0.11999999999999966
314.716 0.1033299999999997
315.029 0.10999999999999988
315.342 0.11332999999999993
315.654 0.1033299999999997
315.967 0.09665999999999997
316.28 0.12665999999999977
316.593 0.13332999999999995
316.905 0.09999999999999964
317.218 0.11665999999999999
317.531 0.13332999999999995
317.843 0.1466599999999998
318.156 0.1299999999999999
318.468 0.09332999999999991
318.781 0.15666000000000002
319.094 0.11665999999999999
319.406 0.1666599999999998
319.719 0.1033299999999997
320.031 0.13666
320.344 0.1599999999999997
320.656 0.13666
320.969 0.13999999999999968
321.281 0.1499999999999999
321.594 0.15332999999999997
321.906 0.13332999999999995
322.219 0.16332999999999975
322.531 0.13332999999999995
322.844 0.16332999999999975
323.156 0.11665999999999999
323.469 0.1499999999999999
323.781 0.1299999999999999
324.094 0.11332999999999993
324.406 0.13999999999999968
324.719 0.14332999999999974
325.031 0.14332999999999974
325.341 0.12332999999999972
325.654 0.10665999999999976
325.966 0.11665999999999999
326.278 0.11332999999999993
326.591 0.11665999999999999
326.903 0.1033299999999997
327.215 0.1499999999999999
327.528 0.10999999999999988
327.84 0.1299999999999999
328.152 0.12665999999999977
328.465 0.1299999999999999
328.777 0.10665999999999976
329.089 0.15332999999999997
329.399 0.14332999999999974
329.711 0.09999999999999964
330.024 0.1499999999999999
330.336 0.11999999999999966
330.648 0.11999999999999966
330.96 0.11665999999999999
331.272 0.11665999999999999
331.585 0.14332999999999974
331.897 0.13332999999999995
332.209 0.11999999999999966
332.519 0.10999999999999988
332.831 0.18665999999999983
333.143 0.15332999999999997
333.455 0.15332999999999997
333.767 0.1299999999999999
334.08 0.1499999999999999
334.392 0.13666
334.704 0.10999999999999988
335.014 0.14332999999999974
335.326 0.11332999999999993
335.638 0.1499999999999999
335.95 0.13332999999999995
336.262 0.12665999999999977
336.574 0.15666000000000002
336.886 0.13666
337.196 0.13999999999999968
337.508 0.15332999999999997
337.82 0.11332999999999993
338.132 0.13666
338.444 0.1599999999999997
338.755 0.13999999999999968
339.065 0.17666000000000004
339.377 0.11332999999999993
339.689 0.1599999999999997
340.001 0.1499999999999999
340.313 0.1499999999999999
340.625 0.13999999999999968
340.935 0.13999999999999968
341.246 0.15666000000000002
341.558 0.1466599999999998
341.87 0.15666000000000002
342.182 0.13999999999999968
342.492 0.12332999999999972
342.803 0.13666
343.115 0.18332999999999977
343.427 0.17332999999999998
343.739 0.1299999999999999
344.048 0.2033299999999998
344.36 0.17666000000000004
344.672 0.16332999999999975
344.984 0.1466599999999998
345.293 0.15666000000000002
345.605 0.18999999999999995
345.917 0.16332999999999975
346.228 0.12332999999999972
346.54 0.1466599999999998
346.85 0.17666000000000004
347.161 0.13999999999999968
347.473 0.15666000000000002
347.784 0.13332999999999995
348.094 0.17666000000000004
348.406 0.17666000000000004
348.717 0.15666000000000002
349.029 0.1666599999999998
349.338 0.15332999999999997
349.65 0.1599999999999997
349.961 0.1466599999999998
350.273 0.16332999999999975
350.582 0.13666
350.894 0.13332999999999995
351.205 0.13666
351.517 0.21999999999999975
351.826 0.1466599999999998
352.138 0.18999999999999995
352.449 0.1466599999999998
352.759 0.1599999999999997
353.07 0.18332999999999977
353.382 0.18332999999999977
353.693 0.17666000000000004
354.002 0.13999999999999968
354.314 0.1666599999999998
354.625 0.13999999999999968
354.934 0.16999999999999993
355.246 0.20665999999999984
355.557 0.1499999999999999
355.866 0.18999999999999995
356.178 0.17999999999999972
356.489 0.18999999999999995
356.798 0.12665999999999977
357.11 0.16999999999999993
357.421 0.13666
357.73 0.18332999999999977
358.041 0.16999999999999993
358.353 0.18332999999999977
358.662 0.19999999999999973
358.973 0.17666000000000004
359.284 0.1599999999999997
359.594 0.17332999999999998
359.905 0.16999999999999993
360.216 0.15666000000000002
360.525 0.1666599999999998
360.836 0.19666000000000006
361.147 0.17332999999999998
361.457 0.18332999999999977
361.768 0.20665999999999984
362.079 0.17999999999999972
362.388 0.16999999999999993
362.699 0.13666
363.01 0.18332999999999977
363.319 0.15666000000000002
363.63 0.18999999999999995
363.939 0.1666599999999998
364.25 0.18665999999999983
364.561 0.20665999999999984
364.87 0.21666000000000007
365.181 0.1299999999999999
365.492 0.18332999999999977
365.801 0.17666000000000004
366.112 0.19333
366.421 0.2033299999999998
366.732 0.19666000000000006
367.043 0.20665999999999984
367.352 0.19666000000000006
367.663 0.17999999999999972
367.972 0.1466599999999998
368.283 0.18332999999999977
368.592 0.18332999999999977
368.903 0.19666000000000006
369.214 0.19333
369.522 0.19333
369.833 0.15666000000000002
370.142 0.1666599999999998
370.453 0.18332999999999977
370.762 0.19333
371.073 0.20665999999999984
371.383 0.20665999999999984
371.692 0.15332999999999997
372.003 0.1499999999999999
372.312 0.18999999999999995
372.622 0.18665999999999983
372.931 0.21666000000000007
373.242 0.21333000000000002
373.551 0.18665999999999983
373.861 0.15332999999999997
374.172 0.18332999999999977
374.481 0.17999999999999972
374.791 0.19666000000000006
375.1 0.15666000000000002
375.411 0.16999999999999993
375.719 0.19666000000000006
376.03 0.17999999999999972
376.339 0.19333
376.649 0.18665999999999983
376.958 0.17666000000000004
377.269 0.2033299999999998
377.577 0.16999999999999993
377.888 0.19333
378.196 0.19333
378.507 0.16999999999999993
378.815 0.2033299999999998
379.126 0.19999999999999973
379.434 0.19666000000000006
379.745 0.23665999999999965
380.053 0.2033299999999998
380.364 0.18665999999999983
380.672 0.19999999999999973
380.983 0.2233299999999998
381.291 0.16999999999999993
381.602 0.2033299999999998
381.91 0.17666000000000004
382.221 0.22999999999999998
382.529 0.17666000000000004
382.837 0.22999999999999998
383.148 0.2033299999999998
383.456 0.22999999999999998
383.767 0.18332999999999977
384.075 0.22999999999999998
384.385 0.24332999999999982
384.694 0.20999999999999996
385.004 0.23999999999999977
385.312 0.18999999999999995
385.623 0.24665999999999988
385.931 0.18665999999999983
386.239 0.23665999999999965
386.549 0.19666000000000006
386.858 0.23333000000000004
387.168 0.22999999999999998
387.476 0.22999999999999998
387.787 0.26332999999999984
388.095 0.23665999999999965
388.403 0.26332999999999984
388.713 0.22999999999999998
389.021 0.2599999999999998
389.332 0.22999999999999998
389.64 0.23665999999999965
389.948 0.25333000000000006
390.258 0.25
390.566 0.25333000000000006
390.876 0.2599999999999998
391.184 0.25665999999999967
391.492 0.2599999999999998
391.803 0.23333000000000004
392.111 0.22665999999999986
392.421 0.23333000000000004
392.729 0.23999999999999977
393.037 0.22999999999999998
393.347 0.22999999999999998
393.655 0.25665999999999967
393.963 0.25333000000000006
394.273 0.2766599999999997
394.581 0.24665999999999988
394.891 0.2866599999999999
395.199 0.2233299999999998
395.507 0.25333000000000006
395.817 0.2766599999999997
396.125 0.2766599999999997
396.433 0.25333000000000006
396.743 0.28332999999999986
397.051 0.2766599999999997
397.359 0.25665999999999967
397.669 0.2666599999999999
397.976 0.27
398.284 0.3066599999999995
398.594 0.2966599999999997
398.902 0.3233299999999999
399.21 0.2899999999999996
399.52 0.3466599999999995
399.828 0.25665999999999967
400.135 0.2733300000000001
400.445 0.30000000000000027
400.753 0.2799999999999998
401.061 0.3500000000000001
401.368 0.30000000000000027
401.678 0.32665999999999995
401.986 0.31999999999999984
402.294 0.31000000000000005
402.603 0.30000000000000027
402.911 0.31666000000000016
403.219 0.31999999999999984
403.529 0.36999999999999966
403.836 0.3566600000000002
404.144 0.3299999999999996
404.452 0.35333000000000014
404.761 0.36332999999999993
405.069 0.3233299999999999
405.377 0.32665999999999995
405.686 0.3299999999999996
405.994 0.36332999999999993
406.301 0.3566600000000002
406.609 0.3500000000000001
406.919 0.37999999999999945
407.226 0.3333299999999997
407.534 0.36666
407.841 0.3299999999999996
408.151 0.36332999999999993
408.458 0.3833299999999995
408.766 0.3733299999999997
409.073 0.3733299999999997
409.383 0.3333299999999997
409.69 0.33665999999999974
409.998 0.3466599999999995
410.305 0.33665999999999974
410.613 0.33665999999999974
410.922 0.36999999999999966
411.23 0.3900000000000001
411.537 0.3933300000000002
411.845 0.36332999999999993
412.154 0.37999999999999945
412.461 0.35333000000000014
412.769 0.3400000000000003
413.076 0.3733299999999997
413.383 0.38665999999999956
413.693 0.31666000000000016
414.0 0.36332999999999993
414.307 0.32665999999999995
414.615 0.4099999999999997
414.922 0.3599999999999999
415.231 0.3566600000000002
415.539 0.36666
415.846 0.39666000000000023
416.153 0.40332999999999997
416.461 0.3400000000000003
416.768 0.3566600000000002
417.077 0.37999999999999945
417.384 0.36332999999999993
417.691 0.36666
417.999 0.34332999999999947
418.306 0.3833299999999995
418.613 0.36332999999999993
418.922 0.36999999999999966
419.229 0.3566600000000002
419.537 0.3566600000000002
419.844 0.3233299999999999
420.151 0.3500000000000001
420.458 0.3299999999999996
420.765 0.36999999999999966
421.074 0.3833299999999995
421.381 0.3066599999999995
421.688 0.31999999999999984
421.995 0.31000000000000005
422.302 0.3299999999999996
422.609 0.35333000000000014
422.917 0.33665999999999974
423.226 0.36999999999999966
423.533 0.31666000000000016
423.84 0.3299999999999996
424.147 0.30000000000000027
424.454 0.31000000000000005
424.761 0.3133300000000001
425.068 0.3400000000000003
425.374 0.2966599999999997
425.681 0.3233299999999999
425.988 0.32665999999999995
426.297 0.29332999999999965
426.604 0.32665999999999995
426.911 0.31000000000000005
427.218 0.27
427.525 0.28332999999999986
427.832 0.34332999999999947
428.139 0.2666599999999999
428.445 0.3299999999999996
428.752 0.2866599999999999
429.059 0.2899999999999996
429.366 0.3066599999999995
429.673 0.30000000000000027
429.98 0.30332999999999943
430.288 0.3233299999999999
430.595 0.25333000000000006
430.902 0.2799999999999998
431.209 0.3066599999999995
431.515 0.2799999999999998
431.822 0.3133300000000001
432.129 0.2766599999999997
432.436 0.2899999999999996
432.742 0.2866599999999999
433.049 0.23999999999999977
433.356 0.25
433.662 0.23333000000000004
433.969 0.31000000000000005
434.276 0.2766599999999997
434.582 0.2666599999999999
434.889 0.2599999999999998
435.196 0.27
435.502 0.25665999999999967
435.809 0.24665999999999988
436.115 0.27
436.422 0.2766599999999997
436.729 0.2733300000000001
437.035 0.2733300000000001
437.342 0.2733300000000001
437.648 0.25333000000000006
437.955 0.25665999999999967
438.261 0.23333000000000004
438.568 0.2599999999999998
438.874 0.25
439.181 0.23333000000000004
439.487 0.2899999999999996
439.794 0.25333000000000006
440.1 0.2233299999999998
440.407 0.25333000000000006
440.713 0.26332999999999984
441.019 0.23665999999999965
441.326 0.23333000000000004
441.632 0.24332999999999982
441.939 0.27
442.245 0.23665999999999965
442.551 0.25665999999999967
442.858 0.20665999999999984
443.164 0.2866599999999999
443.471 0.22999999999999998
443.775 0.25665999999999967
444.081 0.25665999999999967
444.387 0.2233299999999998
444.694 0.24665999999999988
445.0 0.21333000000000002
445.306 0.21333000000000002
445.613 0.27
445.919 0.23333000000000004
446.225 0.21333000000000002
446.531 0.21333000000000002
446.838 0.23333000000000004
447.144 0.21666000000000007
447.45 0.22999999999999998
447.754 0.2599999999999998
448.06 0.20999999999999996
448.367 0.24665999999999988
448.673 0.21666000000000007
448.979 0.2033299999999998
449.285 0.21666000000000007
449.591 0.19666000000000006
449.897 0.22999999999999998
450.203 0.20999999999999996
450.51 0.19999999999999973
450.814 0.23333000000000004
451.12 0.21333000000000002
451.426 0.23665999999999965
451.732 0.23665999999999965
452.038 0.2233299999999998
452.344 0.2233299999999998
452.65 0.2033299999999998
452.954 0.25
453.26 0.21999999999999975
453.566 0.21333000000000002
453.872 0.19666000000000006
454.178 0.25665999999999967
454.484 0.19333
454.79 0.21333000000000002
455.094 0.24332999999999982
455.4 0.19666000000000006
455.706 0.21666000000000007
456.012 0.18332999999999977
456.318 0.2033299999999998
456.623 0.21333000000000002
456.927 0.21999999999999975
457.233 0.20665999999999984
457.539 0.26332999999999984
457.845 0.20665999999999984
458.151 0.22665999999999986
458.457 0.24332999999999982
458.76 0.22999999999999998
459.066 0.21666000000000007
459.372 0.2599999999999998
459.678 0.20999999999999996
459.984 0.21333000000000002
460.287 0.22999999999999998
460.593 0.21666000000000007
460.899 0.20665999999999984
461.205 0.22665999999999986
461.51 0.22999999999999998
461.814 0.24665999999999988
462.12 0.23333000000000004
462.426 0.21999999999999975
462.731 0.20665999999999984
463.035 0.20665999999999984
463.341 0.23665999999999965
463.646 0.21333000000000002
463.952 0.22999999999999998
464.258 0.27
464.561 0.2233299999999998
464.867 0.25665999999999967
465.172 0.23665999999999965
465.478 0.23999999999999977
465.782 0.22999999999999998
466.087 0.19999999999999973
466.393 0.23333000000000004
466.698 0.25665999999999967
467.002 0.2233299999999998
467.307 0.24332999999999982
467.613 0.25
467.916 0.2233299999999998
468.222 0.25
468.527 0.25665999999999967
468.833 0.2866599999999999
469.136 0.2966599999999997
469.442 0.25
469.747 0.2866599999999999
470.053 0.24332999999999982
470.356 0.22665999999999986
470.662 0.2899999999999996
470.967 0.2666599999999999
471.27 0.36332999999999993
471.576 0.3933300000000002
471.881 0.48333000000000004
472.185 0.44999999999999973
472.49 0.52
472.795 0.4933299999999998
473.101 0.4333300000000002
473.404 0.52
473.709 0.5366599999999999
474.015 0.4633299999999996
474.318 0.5166599999999995
474.623 0.5100000000000002
474.929 0.4966599999999999
475.232 0.48333000000000004
475.537 0.4966599999999999
475.842 0.4700000000000002
476.146 0.5233300000000001
476.451 0.4166599999999998
476.756 0.4700000000000002
477.059 0.43000000000000016
477.364 0.4166599999999998
477.668 0.2799999999999998
477.973 0.27
478.278 0.28332999999999986
478.581 0.25665999999999967
478.886 0.25665999999999967
479.191 0.2666599999999999
479.494 0.2599999999999998
479.8 0.27
480.105 0.26332999999999984
480.408 0.21666000000000007
480.713 0.26332999999999984
481.016 0.2666599999999999
481.321 0.21666000000000007
481.626 0.2733300000000001
481.929 0.25
482.234 0.2599999999999998
482.537 0.2033299999999998
482.842 0.23665999999999965
483.147 0.22665999999999986
483.45 0.24332999999999982
483.755 0.23999999999999977
484.058 0.25333000000000006
484.363 0.20999999999999996
484.668 0.18999999999999995
484.971 0.22999999999999998
485.276 0.23333000000000004
485.579 0.17332999999999998
485.884 0.22665999999999986
486.187 0.21666000000000007
486.492 0.19666000000000006
486.796 0.2233299999999998
487.099 0.23665999999999965
487.404 0.20665999999999984
487.707 0.17666000000000004
488.012 0.2033299999999998
488.315 0.2033299999999998
488.62 0.17999999999999972
488.924 0.19333
489.227 0.18665999999999983
489.532 0.23665999999999965
489.835 0.20999999999999996
490.139 0.17332999999999998
490.442 0.18999999999999995
490.747 0.16999999999999993
491.05 0.20999999999999996
491.354 0.20665999999999984
491.657 0.18665999999999983
491.962 0.1666599999999998
492.265 0.19666000000000006
492.569 0.23333000000000004
492.872 0.2033299999999998
493.177 0.2033299999999998
493.479 0.19666000000000006
493.784 0.17999999999999972
494.087 0.1466599999999998
494.391 0.17666000000000004
494.694 0.19666000000000006
494.998 0.19666000000000006
495.301 0.19333
495.606 0.20665999999999984
495.908 0.19666000000000006
496.213 0.19999999999999973
496.515 0.21999999999999975
496.82 0.19666000000000006
497.122 0.17999999999999972
497.427 0.19333
497.729 0.19999999999999973
498.034 0.20999999999999996
498.336 0.19333
498.641 0.1666599999999998
498.943 0.19666000000000006
499.248 0.2233299999999998
499.55 0.20999999999999996
499.853 0.25
500.157 0.21333000000000002
500.46 0.18999999999999995
500.764 0.17332999999999998
501.066 0.19666000000000006
501.371 0.19333
501.673 0.18332999999999977
501.975 0.18332999999999977
502.28 0.2033299999999998
502.582 0.19333
502.887 0.18332999999999977
503.189 0.17666000000000004
503.493 0.2033299999999998
503.796 0.18665999999999983
504.098 0.18332999999999977
504.402 0.23665999999999965
504.704 0.19999999999999973
505.009 0.21333000000000002
505.311 0.20999999999999996
505.613 0.22665999999999986
505.917 0.23333000000000004
506.22 0.21333000000000002
506.524 0.21999999999999975
506.826 0.15332999999999997
507.128 0.2033299999999998
507.432 0.20999999999999996
507.735 0.26332999999999984
508.039 0.21666000000000007
508.341 0.21666000000000007
508.643 0.20665999999999984
508.947 0.19666000000000006
509.249 0.2233299999999998
509.552 0.22999999999999998
509.856 0.1666599999999998
510.158 0.22999999999999998
510.46 0.21333000000000002
510.764 0.2033299999999998
511.066 0.20665999999999984
511.37 0.19999999999999973
511.672 0.21333000000000002
511.974 0.23665999999999965
512.278 0.17999999999999972
512.58 0.2033299999999998
512.882 0.21333000000000002
513.186 0.22999999999999998
513.488 0.21999999999999975
513.79 0.23665999999999965
514.094 0.2233299999999998
514.396 0.23333000000000004
514.698 0.20999999999999996
515.0 0.24332999999999982
515.304 0.25
515.606 0.19666000000000006
515.908 0.22999999999999998
516.212 0.2599999999999998
516.513 0.21999999999999975
516.815 0.24332999999999982
517.119 0.23333000000000004
517.421 0.25
517.723 0.2666599999999999
518.025 0.25333000000000006
518.329 0.23333000000000004
518.63 0.24332999999999982
518.932 0.2233299999999998
519.236 0.2666599999999999
519.538 0.22665999999999986
519.839 0.21999999999999975
520.141 0.20999999999999996
520.445 0.21333000000000002
520.747 0.25333000000000006
521.048 0.25333000000000006
521.35 0.23999999999999977
521.654 0.25333000000000006
521.956 0.23333000000000004
522.257 0.20999999999999996
522.559 0.25
522.863 0.22665999999999986
523.164 0.23665999999999965
523.466 0.22665999999999986
523.768 0.24332999999999982
524.071 0.26332999999999984
524.373 0.21333000000000002
524.674 0.22999999999999998
524.976 0.2599999999999998
525.28 0.24665999999999988
525.581 0.18999999999999995
525.883 0.26332999999999984
526.184 0.2799999999999998
526.486 0.21999999999999975
526.789 0.28332999999999986
527.091 0.23665999999999965
527.393 0.25665999999999967
527.694 0.21999999999999975
527.996 0.2733300000000001
528.299 0.22665999999999986
528.601 0.22999999999999998
528.902 0.3066599999999995
529.203 0.2799999999999998
529.505 0.2733300000000001
529.808 0.28332999999999986
530.11 0.22665999999999986
530.411 0.25333000000000006
530.713 0.22999999999999998
531.014 0.2666599999999999
531.315 0.29332999999999965
531.619 0.28332999999999986
531.92 0.24332999999999982
532.222 0.26332999999999984
532.523 0.2733300000000001
532.824 0.22999999999999998
533.126 0.28332999999999986
533.429 0.29332999999999965
533.73 0.25333000000000006
534.031 0.25665999999999967
534.333 0.29332999999999965
534.634 0.2733300000000001
534.935 0.2766599999999997
535.237 0.2866599999999999
535.54 0.31999999999999984
535.841 0.2666599999999999
536.142 0.21666000000000007
536.444 0.23665999999999965
536.745 0.23665999999999965
537.046 0.23665999999999965
537.347 0.2799999999999998
537.648 0.2866599999999999
537.951 0.22999999999999998
538.253 0.24665999999999988
538.554 0.23999999999999977
538.855 0.26332999999999984
539.156 0.21333000000000002
539.457 0.2233299999999998
539.758 0.19999999999999973
540.059 0.21333000000000002
540.36 0.2666599999999999
540.661 0.27
540.963 0.20999999999999996
541.266 0.21333000000000002
541.567 0.2599999999999998
541.868 0.23333000000000004
542.169 0.23999999999999977
542.47 0.23999999999999977
542.771 0.24332999999999982
543.072 0.25333000000000006
543.373 0.21999999999999975
543.674 0.23665999999999965
543.975 0.21333000000000002
544.276 0.22999999999999998
544.577 0.18665999999999983
544.878 0.24665999999999988
545.178 0.19999999999999973
545.479 0.2233299999999998
545.78 0.23333000000000004
546.081 0.19999999999999973
546.382 0.22999999999999998
546.685 0.20665999999999984
546.986 0.22665999999999986
547.287 0.18665999999999983
547.588 0.24332999999999982
547.888 0.22665999999999986
548.189 0.23665999999999965
548.49 0.21666000000000007
548.791 0.21666000000000007
549.092 0.2033299999999998
549.392 0.18332999999999977
549.693 0.19666000000000006
549.994 0.18665999999999983
550.295 0.22999999999999998
550.596 0.19999999999999973
550.896 0.16332999999999975
551.197 0.20665999999999984
551.498 0.19666000000000006
551.798 0.18665999999999983
552.099 0.18999999999999995
552.4 0.1499999999999999
552.701 0.2033299999999998
553.001 0.17666000000000004
553.302 0.16999999999999993
553.6 0.19666000000000006
553.901 0.16999999999999993
554.202 0.2033299999999998
554.502 0.1666599999999998
554.803 0.1666599999999998
555.104 0.11999999999999966
555.404 0.18332999999999977
555.705 0.16999999999999993
556.005 0.1499999999999999
556.306 0.1466599999999998
556.606 0.17999999999999972
556.907 0.15332999999999997
557.207 0.1599999999999997
557.508 0.1599999999999997
557.808 0.1599999999999997
558.109 0.16999999999999993
558.409 0.19333
558.71 0.17999999999999972
559.008 0.16332999999999975
559.309 0.15666000000000002
559.609 0.17332999999999998
559.91 0.13999999999999968
560.21 0.1466599999999998
560.511 0.16332999999999975
560.811 0.13999999999999968
561.111 0.1299999999999999
561.412 0.13666
561.712 0.13999999999999968
562.01 0.16332999999999975
562.311 0.19333
562.611 0.14332999999999974
562.912 0.15332999999999997
563.212 0.1666599999999998
563.512 0.13666
563.813 0.15332999999999997
564.113 0.13666
564.413 0.15666000000000002
564.711 0.1466599999999998
565.012 0.13666
565.312 0.15666000000000002
565.612 0.17332999999999998
565.912 0.16332999999999975
566.213 0.1499999999999999
566.513 0.14332999999999974
566.811 0.16332999999999975
567.111 0.13999999999999968
567.411 0.11999999999999966
567.712 0.1499999999999999
568.012 0.12665999999999977
568.312 0.12665999999999977
568.61 0.1599999999999997
568.91 0.1599999999999997
569.21 0.15332999999999997
569.51 0.1466599999999998
569.811 0.1299999999999999
570.111 0.15332999999999997
570.409 0.18332999999999977
570.709 0.1499999999999999
571.009 0.14332999999999974
571.309 0.16332999999999975
571.609 0.1299999999999999
571.907 0.1599999999999997
572.207 0.13666
572.507 0.17666000000000004
572.807 0.17332999999999998
573.107 0.1466599999999998
573.405 0.1599999999999997
573.705 0.10999999999999988
574.005 0.16999999999999993
574.305 0.13999999999999968
574.603 0.15666000000000002
574.903 0.17332999999999998
575.203 0.16332999999999975
575.503 0.12665999999999977
575.803 0.11999999999999966
576.101 0.11332999999999993
576.401 0.18665999999999983
576.7 0.16332999999999975
577.0 0.17999999999999972
577.298 0.13666
577.598 0.15666000000000002
577.898 0.17999999999999972
578.198 0.15666000000000002
578.495 0.1666599999999998
578.795 0.17332999999999998
579.095 0.1499999999999999
579.395 0.13999999999999968
579.693 0.18332999999999977
579.992 0.1599999999999997
580.292 0.12665999999999977
580.59 0.1599999999999997
580.89 0.14332999999999974
581.189 0.16999999999999993
581.489 0.13999999999999968
581.787 0.15666000000000002
582.087 0.17999999999999972
582.386 0.14332999999999974
582.684 0.13999999999999968
582.984 0.16332999999999975
583.283 0.15666000000000002
583.581 0.13332999999999995
583.881 0.1499999999999999
584.18 0.1666599999999998
584.48 0.13999999999999968
584.777 0.1499999999999999
585.077 0.18332999999999977
585.377 0.17666000000000004
585.674 0.16332999999999975
585.974 0.19333
586.273 0.19333
586.571 0.1599999999999997
586.871 0.1299999999999999
587.17 0.17666000000000004
587.468 0.18332999999999977
587.767 0.18665999999999983
588.067 0.12665999999999977
588.364 0.1499999999999999
588.664 0.17666000000000004
588.963 0.1666599999999998
589.261 0.20999999999999996
589.56 0.18665999999999983
589.857 0.15332999999999997
590.157 0.15666000000000002
590.456 0.17332999999999998
590.754 0.1466599999999998
591.053 0.18332999999999977
591.353 0.19666000000000006
591.65 0.18999999999999995
591.949 0.2033299999999998
592.247 0.1666599999999998
592.546 0.16999999999999993
592.845 0.1599999999999997
593.143 0.19999999999999973
593.442 0.17666000000000004
593.739 0.2033299999999998
594.039 0.19999999999999973
594.338 0.13999999999999968
594.635 0.18665999999999983
594.935 0.18999999999999995
595.232 0.16999999999999993
595.531 0.2033299999999998
595.83 0.17666000000000004
596.128 0.17332999999999998
596.427 0.2033299999999998
596.724 0.2033299999999998
597.023 0.17666000000000004
597.32 0.18665999999999983
597.62 0.16332999999999975
597.919 0.21666000000000007
598.216 0.22665999999999986
598.515 0.22665999999999986
598.812 0.19666000000000006
599.111 0.14332999999999974
599.409 0.17999999999999972
599.708 0.20999999999999996
600.005 0.18332999999999977
600.304 0.16999999999999993
600.603 0.19666000000000006
600.9 0.17999999999999972
601.199 0.17999999999999972
601.496 0.18332999999999977
601.795 0.20999999999999996
602.092 0.21333000000000002
602.391 0.18332999999999977
602.688 0.18999999999999995
602.987 0.19666000000000006
603.284 0.20665999999999984
603.583 0.18999999999999995
603.88 0.18665999999999983
604.179 0.1666599999999998
604.476 0.18999999999999995
604.775 0.18999999999999995
605.072 0.17666000000000004
605.371 0.16999999999999993
605.668 0.21999999999999975
605.967 0.19666000000000006
606.264 0.17332999999999998
606.563 0.23999999999999977
606.86 0.17332999999999998
607.159 0.17666000000000004
607.455 0.15332999999999997
607.754 0.17666000000000004
608.051 0.18665999999999983
608.35 0.18665999999999983
608.647 0.17332999999999998
608.944 0.13666
609.242 0.19666000000000006
609.539 0.17666000000000004
609.838 0.18332999999999977
610.135 0.1599999999999997
610.434 0.16332999999999975
610.73 0.17666000000000004
611.029 0.17332999999999998
611.326 0.13666
611.622 0.2033299999999998
611.921 0.1499999999999999
612.218 0.16999999999999993
612.517 0.17999999999999972
612.813 0.16332999999999975
613.112 0.15332999999999997
613.409 0.15666000000000002
613.705 0.16999999999999993
614.004 0.16332999999999975
614.301 0.15332999999999997
614.599 0.19666000000000006
614.896 0.16332999999999975
615.192 0.16332999999999975
615.491 0.16999999999999993
615.788 0.16332999999999975
616.086 0.15666000000000002
616.383 0.16332999999999975
616.679 0.16332999999999975
616.978 0.16332999999999975
617.274 0.1666599999999998
617.573 0.15666000000000002
617.87 0.13666
618.166 0.13666
618.465 0.15666000000000002
618.761 0.1666599999999998
619.057 0.15666000000000002
619.356 0.13999999999999968
619.652 0.1499999999999999
619.951 0.1299999999999999
620.247 0.1599999999999997
620.544 0.16332999999999975
620.842 0.15332999999999997
621.139 0.18332999999999977
621.435 0.13999999999999968
621.733 0.1466599999999998
622.03 0.1466599999999998
622.326 0.16332999999999975
622.625 0.1666599999999998
622.921 0.16332999999999975
623.217 0.14332999999999974
623.516 0.16332999999999975
623.812 0.15332999999999997
624.108 0.12665999999999977
624.407 0.16999999999999993
624.703 0.1299999999999999
624.999 0.1299999999999999
625.295 0.15332999999999997
625.594 0.13999999999999968
625.89 0.16999999999999993
626.186 0.17999999999999972
626.484 0.14332999999999974
626.781 0.17999999999999972
627.077 0.16332999999999975
627.375 0.1299999999999999
627.671 0.1599999999999997
627.968 0.13999999999999968
628.264 0.15666000000000002
628.562 0.1499999999999999
628.858 0.1599999999999997
629.154 0.1599999999999997
629.452 0.14332999999999974
629.748 0.13999999999999968
630.045 0.18999999999999995
630.341 0.18332999999999977
630.639 0.19333
630.935 0.1499999999999999
631.231 0.11332999999999993
631.527 0.1466599999999998
631.825 0.15332999999999997
632.121 0.1599999999999997
632.417 0.13332999999999995
632.713 0.15666000000000002
633.011 0.16999999999999993
633.307 0.18332999999999977
633.603 0.1299999999999999
633.899 0.17999999999999972
634.195 0.16999999999999993
634.493 0.16332999999999975
634.789 0.17332999999999998
635.085 0.17332999999999998
635.381 0.16999999999999993
635.679 0.15666000000000002
635.975 0.17999999999999972
636.271 0.18332999999999977
636.567 0.16332999999999975
636.863 0.17332999999999998
637.161 0.19666000000000006
637.457 0.19333
637.752 0.17332999999999998
638.048 0.15666000000000002
638.344 0.19333
638.64 0.16999999999999993
638.938 0.17666000000000004
639.234 0.17999999999999972
639.529 0.16999999999999993
639.825 0.1499999999999999
640.121 0.18999999999999995
640.419 0.17666000000000004
640.715 0.19666000000000006
641.01 0.17332999999999998
641.306 0.17332999999999998
641.602 0.19999999999999973
641.898 0.16999999999999993
642.193 0.22665999999999986
642.491 0.19666000000000006
642.787 0.19666000000000006
643.082 0.21333000000000002
643.378 0.2666599999999999
643.674 0.21666000000000007
643.969 0.23665999999999965
644.265 0.19333
644.563 0.18665999999999983
644.858 0.2033299999999998
645.154 0.1466599999999998
645.45 0.21666000000000007
645.745 0.1599999999999997
646.041 0.2033299999999998
646.336 0.19999999999999973
646.632 0.17332999999999998
646.928 0.22665999999999986
647.225 0.2033299999999998
647.521 0.18665999999999983
647.816 0.18332999999999977
648.112 0.17999999999999972
648.407 0.20665999999999984
648.703 0.19666000000000006
648.998 0.19666000000000006
649.294 0.2033299999999998
649.589 0.18665999999999983
649.885 0.18665999999999983
650.18 0.18665999999999983
650.478 0.16332999999999975
650.773 0.19999999999999973
651.069 0.20665999999999984
651.364 0.18665999999999983
651.659 0.1599999999999997
651.955 0.21999999999999975
652.25 0.15332999999999997
652.546 0.17999999999999972
652.841 0.19666000000000006
653.136 0.20665999999999984
653.432 0.1466599999999998
653.727 0.17666000000000004
654.022 0.19999999999999973
654.318 0.18665999999999983
654.613 0.1666599999999998
654.908 0.1599999999999997
655.204 0.15666000000000002
655.499 0.15332999999999997
655.794 0.19999999999999973
656.09 0.14332999999999974
656.385 0.16999999999999993
656.68 0.1599999999999997
656.975 0.1499999999999999
657.271 0.16999999999999993
657.566 0.13999999999999968
657.861 0.18332999999999977
658.156 0.17332999999999998
658.451 0.18665999999999983
658.747 0.13999999999999968
659.042 0.14332999999999974
659.337 0.15666000000000002
659.632 0.18665999999999983
659.927 0.16332999999999975
660.222 0.1466599999999998
660.518 0.13666
660.813 0.1499999999999999
661.108 0.15666000000000002
661.403 0.13999999999999968
661.698 0.1599999999999997
661.993 0.1599999999999997
662.288 0.13666
662.583 0.1299999999999999
662.878 0.12332999999999972
663.173 0.13666
663.468 0.13666
663.763 0.1599999999999997
664.058 0.1499999999999999
664.353 0.13666
664.648 0.14332999999999974
664.943 0.13666
665.238 0.16332999999999975
665.531 0.13666
665.826 0.13332999999999995
666.121 0.12665999999999977
666.416 0.12665999999999977
666.711 0.13666
667.006 0.12665999999999977
667.301 0.15332999999999997
667.596 0.11332999999999993
667.891 0.1299999999999999
668.185 0.13666
668.48 0.10999999999999988
668.773 0.1666599999999998
669.068 0.12332999999999972
669.363 0.13332999999999995
669.658 0.13332999999999995
669.953 0.13666
670.247 0.13666
670.542 0.1299999999999999
670.837 0.12332999999999972
671.132 0.17999999999999972
671.424 0.1299999999999999
671.719 0.11665999999999999
672.014 0.13332999999999995
672.309 0.15332999999999997
672.603 0.1466599999999998
672.898 0.11999999999999966
673.193 0.15666000000000002
673.486 0.08999999999999986
673.78 0.12665999999999977
674.075 0.1666599999999998
674.37 0.13666
674.664 0.15666000000000002
674.959 0.14332999999999974
675.254 0.11332999999999993
675.546 0.11999999999999966
675.841 0.1033299999999997
