# Created: 2019-11-28 11:43:38.467111
# rshift intensity
55.3072 0.1000000000000001
55.6331 0.11333000000000039
55.9568 0.11500000000000023
56.2826 0.08333000000000014
56.6085 0.1000000000000001
56.9343 0.12333000000000018
57.2601 0.09667000000000005
57.5859 0.10167000000000039
57.9117 0.12000000000000012
58.2374 0.09833000000000026
58.5632 0.10833000000000005
58.8889 0.105
59.2147 0.0650000000000004
59.5382 0.09833000000000026
59.864 0.08333000000000014
60.1897 0.105
60.5154 0.07333000000000035
60.841 0.0650000000000004
61.1667 0.08000000000000008
61.4924 0.09833000000000026
61.818 0.07833000000000025
62.1437 0.09167000000000015
62.4671 0.09833000000000026
62.7927 0.09167000000000015
63.1183 0.08833000000000003
63.4439 0.10667000000000028
63.7695 0.06833000000000002
64.0951 0.105
64.4206 0.06833000000000002
64.744 0.1000000000000001
65.0696 0.053330000000000335
65.3951 0.08833000000000003
65.7206 0.09500000000000021
66.0461 0.07333000000000035
66.3716 0.09000000000000032
66.6971 0.11500000000000023
67.0204 0.10667000000000028
67.3459 0.1000000000000001
67.6713 0.09333000000000037
67.9967 0.09500000000000021
68.3222 0.11333000000000039
68.6476 0.10333000000000016
68.9708 0.09333000000000037
69.2962 0.12667000000000028
69.6216 0.10667000000000028
69.9469 0.06333000000000012
70.2723 0.07833000000000025
70.5976 0.08000000000000008
70.9208 0.09667000000000005
71.2461 0.07667000000000003
71.5715 0.08833000000000003
71.8968 0.10667000000000028
72.222 0.10167000000000039
72.5452 0.08167000000000037
72.8704 0.07500000000000019
73.1957 0.11000000000000033
73.5209 0.10167000000000039
73.8462 0.09167000000000015
74.1692 0.10167000000000039
74.4944 0.09000000000000032
74.8196 0.12667000000000028
75.1448 0.12000000000000012
75.4678 0.12333000000000018
75.793 0.12667000000000028
76.1182 0.14333000000000018
76.4433 0.14000000000000012
76.7684 0.125
77.0914 0.1466700000000003
77.4165 0.13833000000000029
77.7416 0.14333000000000018
78.0667 0.13667000000000007
78.3896 0.12667000000000028
78.7147 0.17332999999999998
79.0397 0.1466700000000003
79.3648 0.14833000000000007
79.6876 0.16667000000000032
80.0127 0.1566700000000001
80.3377 0.11833000000000028
80.6627 0.11667000000000007
80.9855 0.14833000000000007
81.3105 0.125
81.6354 0.1216700000000004
81.9604 0.10833000000000005
82.2832 0.11167000000000017
82.6081 0.1216700000000004
82.933 0.09833000000000026
83.2558 0.0700000000000003
83.5807 0.10333000000000016
83.9055 0.09000000000000032
84.2304 0.07667000000000003
84.5531 0.08500000000000042
84.878 0.05667000000000001
85.2028 0.07500000000000019
85.5255 0.0700000000000003
85.8503 0.07500000000000019
86.1751 0.06667000000000024
86.4978 0.07667000000000003
86.8225 0.06167000000000035
87.1473 0.055000000000000174
87.4721 0.07167000000000014
87.7947 0.06167000000000035
88.1194 0.051670000000000105
88.4441 0.07167000000000014
88.7667 0.07167000000000014
89.0914 0.07667000000000003
89.4161 0.06000000000000007
89.7386 0.07833000000000025
90.0633 0.05833000000000023
90.3879 0.04167000000000032
90.7104 0.04667000000000021
91.0351 0.07500000000000019
91.3597 0.07167000000000014
91.6822 0.06667000000000024
92.0068 0.04333000000000009
92.3314 0.05833000000000023
92.6538 0.051670000000000105
92.9784 0.07167000000000014
93.3029 0.055000000000000174
93.6253 0.055000000000000174
93.9499 0.06667000000000024
94.2722 0.09000000000000032
94.5967 0.07500000000000019
94.9212 0.033330000000000304
95.2436 0.07500000000000019
95.5681 0.07500000000000019
95.8925 0.055000000000000174
96.2149 0.07167000000000014
96.5393 0.06333000000000012
96.8616 0.06167000000000035
97.186 0.05667000000000001
97.5104 0.05667000000000001
97.8327 0.0383300000000002
98.1571 0.055000000000000174
98.4814 0.04333000000000009
98.8037 0.0700000000000003
99.128 0.050000000000000266
99.4502 0.051670000000000105
99.7746 0.04667000000000021
100.099 0.05667000000000001
100.421 0.07167000000000014
100.745 0.04333000000000009
101.067 0.055000000000000174
101.392 0.050000000000000266
101.714 0.053330000000000335
102.038 0.055000000000000174
102.362 0.05833000000000023
102.684 0.06833000000000002
103.009 0.03167000000000009
103.331 0.03500000000000014
103.655 0.06000000000000007
103.977 0.0650000000000004
104.301 0.03666999999999998
104.625 0.053330000000000335
104.947 0.055000000000000174
105.271 0.06333000000000012
105.593 0.03167000000000009
105.918 0.0700000000000003
106.24 0.04167000000000032
106.564 0.06667000000000024
106.886 0.053330000000000335
107.21 0.02833000000000041
107.534 0.06833000000000002
107.856 0.0383300000000002
108.18 0.0700000000000003
108.502 0.051670000000000105
108.826 0.055000000000000174
109.147 0.04333000000000009
109.471 0.06167000000000035
109.793 0.07333000000000035
110.117 0.06833000000000002
110.439 0.055000000000000174
110.763 0.0700000000000003
111.085 0.053330000000000335
111.409 0.05833000000000023
111.731 0.07667000000000003
112.054 0.06167000000000035
112.376 0.050000000000000266
112.7 0.0650000000000004
113.022 0.07333000000000035
113.346 0.053330000000000335
113.667 0.06833000000000002
113.991 0.06167000000000035
114.313 0.06833000000000002
114.637 0.055000000000000174
114.958 0.06333000000000012
115.282 0.07667000000000003
115.604 0.053330000000000335
115.928 0.06667000000000024
116.249 0.07333000000000035
116.573 0.06667000000000024
116.895 0.08500000000000042
117.216 0.07333000000000035
117.54 0.06000000000000007
117.862 0.07667000000000003
118.185 0.07500000000000019
118.507 0.05667000000000001
118.83 0.04667000000000021
119.152 0.05833000000000023
119.476 0.055000000000000174
119.797 0.04167000000000032
120.121 0.06333000000000012
120.442 0.04167000000000032
120.764 0.053330000000000335
121.087 0.08500000000000042
121.409 0.0650000000000004
121.732 0.06167000000000035
122.054 0.06833000000000002
122.377 0.04500000000000037
122.699 0.06833000000000002
123.02 0.051670000000000105
123.344 0.05833000000000023
123.665 0.05667000000000001
123.988 0.07667000000000003
124.31 0.055000000000000174
124.631 0.04500000000000037
124.955 0.055000000000000174
125.276 0.051670000000000105
125.599 0.051670000000000105
125.921 0.06000000000000007
126.242 0.06167000000000035
126.565 0.05833000000000023
126.887 0.07833000000000025
127.21 0.05833000000000023
127.531 0.0216700000000003
127.852 0.051670000000000105
128.176 0.04333000000000009
128.497 0.048329999999999984
128.82 0.040000000000000036
129.141 0.055000000000000174
129.463 0.06167000000000035
129.786 0.048329999999999984
130.107 0.020000000000000018
130.428 0.053330000000000335
130.751 0.048329999999999984
131.073 0.03500000000000014
131.394 0.048329999999999984
131.717 0.02833000000000041
132.038 0.0383300000000002
132.361 0.01833000000000018
132.682 0.053330000000000335
133.003 0.040000000000000036
133.326 0.040000000000000036
133.647 0.048329999999999984
133.969 0.04667000000000021
134.292 0.04167000000000032
134.613 0.0383300000000002
134.934 0.04333000000000009
135.257 0.03167000000000009
135.578 0.051670000000000105
135.899 0.03000000000000025
136.22 0.06167000000000035
136.543 0.03666999999999998
136.864 0.03000000000000025
137.184 0.05833000000000023
137.507 0.048329999999999984
137.828 0.07333000000000035
138.149 0.026670000000000194
138.472 0.048329999999999984
138.793 0.0383300000000002
139.114 0.05833000000000023
139.437 0.04667000000000021
139.758 0.010000000000000231
140.078 0.04500000000000037
140.399 0.03500000000000014
140.722 0.023330000000000073
141.043 0.04333000000000009
141.364 0.040000000000000036
141.687 0.06167000000000035
142.007 0.03167000000000009
142.328 0.04500000000000037
142.649 0.03000000000000025
142.972 0.04167000000000032
143.292 0.026670000000000194
143.613 0.04167000000000032
143.934 0.0216700000000003
144.256 0.0383300000000002
144.577 0.0216700000000003
144.898 0.04167000000000032
145.218 0.03666999999999998
145.541 0.010000000000000231
145.862 0.053330000000000335
146.182 0.048329999999999984
146.503 0.0650000000000004
146.826 0.02833000000000041
147.146 0.053330000000000335
147.467 0.04167000000000032
147.787 0.0383300000000002
148.11 0.05833000000000023
148.43 0.025000000000000355
148.751 0.04333000000000009
149.071 0.020000000000000018
149.392 0.03167000000000009
149.715 0.026670000000000194
150.035 0.04667000000000021
150.355 0.015000000000000124
150.676 0.03167000000000009
150.996 0.025000000000000355
151.319 0.01833000000000018
151.639 0.03167000000000009
151.96 0.013330000000000286
152.28 0.06667000000000024
152.6 0.053330000000000335
152.923 0.033330000000000304
153.243 0.03167000000000009
153.564 0.03167000000000009
153.884 0.0383300000000002
154.204 0.05833000000000023
154.527 0.015000000000000124
154.847 0.05667000000000001
155.167 0.033330000000000304
155.488 0.051670000000000105
155.808 0.0383300000000002
156.128 0.04167000000000032
156.45 0.013330000000000286
156.771 0.04167000000000032
157.091 0.04667000000000021
157.411 0.048329999999999984
157.731 0.04500000000000037
158.052 0.01833000000000018
158.372 0.023330000000000073
158.694 0.02833000000000041
159.014 0.04333000000000009
159.334 0.013330000000000286
159.654 0.03167000000000009
159.975 0.04667000000000021
160.295 0.040000000000000036
160.615 0.04333000000000009
160.937 0.04500000000000037
161.257 0.02833000000000041
161.577 0.03666999999999998
161.897 0.04333000000000009
162.217 0.040000000000000036
162.537 0.026670000000000194
162.857 0.03500000000000014
163.177 0.040000000000000036
163.499 0.026670000000000194
163.819 0.05667000000000001
164.139 0.03167000000000009
164.459 0.051670000000000105
164.779 0.03000000000000025
165.099 0.026670000000000194
165.419 0.026670000000000194
165.739 0.015000000000000124
166.059 0.04333000000000009
166.379 0.0216700000000003
166.699 0.03500000000000014
167.021 0.053330000000000335
167.341 0.04333000000000009
167.661 0.04667000000000021
167.98 0.023330000000000073
168.3 0.0216700000000003
168.62 0.04333000000000009
168.94 0.03000000000000025
169.26 0.020000000000000018
169.58 0.01833000000000018
169.899 0.033330000000000304
170.219 0.026670000000000194
170.539 0.02833000000000041
170.859 0.0216700000000003
171.178 0.013330000000000286
171.498 0.0383300000000002
171.818 0.0216700000000003
172.137 0.05667000000000001
172.459 0.0383300000000002
172.779 0.026670000000000194
173.099 0.023330000000000073
173.418 0.03666999999999998
173.738 0.026670000000000194
174.058 0.03500000000000014
174.377 0.048329999999999984
174.697 0.026670000000000194
175.016 0.040000000000000036
175.336 0.03500000000000014
175.656 0.026670000000000194
175.975 0.04167000000000032
176.295 0.026670000000000194
176.614 0.02833000000000041
176.934 0.026670000000000194
177.253 0.03000000000000025
177.573 0.0216700000000003
177.892 0.013330000000000286
178.212 0.02833000000000041
178.531 0.04167000000000032
178.851 0.015000000000000124
179.17 0.026670000000000194
179.49 0.03500000000000014
179.809 0.04167000000000032
180.129 0.04333000000000009
180.448 0.026670000000000194
180.767 0.02833000000000041
181.087 0.04667000000000021
181.406 0.051670000000000105
181.726 0.03666999999999998
182.045 0.015000000000000124
182.362 0.026670000000000194
182.682 0.06000000000000007
183.001 0.04167000000000032
183.32 0.023330000000000073
183.64 0.003330000000000055
183.959 0.023330000000000073
184.278 0.020000000000000018
184.597 0.026670000000000194
184.917 0.051670000000000105
185.236 0.02833000000000041
185.555 0.055000000000000174
185.874 0.055000000000000174
186.194 0.03167000000000009
186.513 0.04333000000000009
186.832 0.03666999999999998
187.151 0.033330000000000304
187.47 0.020000000000000018
187.787 0.0
188.107 0.055000000000000174
188.426 0.051670000000000105
188.745 0.03666999999999998
189.064 0.015000000000000124
189.383 0.048329999999999984
189.702 0.040000000000000036
190.021 0.03500000000000014
190.34 0.02833000000000041
190.66 0.03500000000000014
190.976 0.025000000000000355
191.296 0.03666999999999998
191.615 0.03167000000000009
191.934 0.023330000000000073
192.253 0.03500000000000014
192.572 0.02833000000000041
192.891 0.04667000000000021
193.21 0.015000000000000124
193.529 0.03500000000000014
193.845 0.04167000000000032
194.164 0.02833000000000041
194.483 0.01833000000000018
194.802 0.01833000000000018
195.121 0.050000000000000266
195.44 0.03500000000000014
195.759 0.006670000000000176
196.076 0.025000000000000355
196.395 0.050000000000000266
196.713 0.02833000000000041
197.032 0.04167000000000032
197.351 0.04333000000000009
197.67 0.03000000000000025
197.987 0.03666999999999998
198.305 0.0383300000000002
198.624 0.04333000000000009
198.943 0.023330000000000073
199.262 0.033330000000000304
199.581 0.051670000000000105
199.897 0.03167000000000009
200.216 0.04500000000000037
200.535 0.03500000000000014
200.853 0.03666999999999998
201.172 0.04667000000000021
201.491 0.06333000000000012
201.807 0.03666999999999998
202.126 0.04667000000000021
202.445 0.0383300000000002
202.763 0.06000000000000007
203.082 0.04333000000000009
203.399 0.026670000000000194
203.717 0.040000000000000036
204.036 0.0383300000000002
204.354 0.0383300000000002
204.673 0.048329999999999984
204.989 0.033330000000000304
205.308 0.026670000000000194
205.627 0.026670000000000194
205.945 0.026670000000000194
206.262 0.0383300000000002
206.58 0.016670000000000407
206.899 0.04667000000000021
207.217 0.040000000000000036
207.533 0.04167000000000032
207.852 0.025000000000000355
208.17 0.03000000000000025
208.489 0.02833000000000041
208.805 0.03500000000000014
209.124 0.04500000000000037
209.442 0.0216700000000003
209.761 0.033330000000000304
210.077 0.023330000000000073
210.395 0.06000000000000007
210.714 0.025000000000000355
211.032 0.016670000000000407
211.348 0.03666999999999998
211.667 0.026670000000000194
211.985 0.06167000000000035
212.303 0.040000000000000036
212.619 0.05667000000000001
212.938 0.07500000000000019
213.256 0.04333000000000009
213.572 0.025000000000000355
213.89 0.03167000000000009
214.209 0.050000000000000266
214.527 0.07500000000000019
214.843 0.040000000000000036
215.161 0.033330000000000304
215.48 0.051670000000000105
215.796 0.06333000000000012
216.114 0.04167000000000032
216.432 0.05667000000000001
216.748 0.04667000000000021
217.066 0.06333000000000012
217.384 0.055000000000000174
217.703 0.06000000000000007
218.019 0.05833000000000023
218.337 0.04333000000000009
218.655 0.023330000000000073
218.971 0.06333000000000012
219.289 0.04500000000000037
219.607 0.055000000000000174
219.923 0.02833000000000041
220.241 0.053330000000000335
220.559 0.04500000000000037
220.875 0.06667000000000024
221.193 0.08500000000000042
221.511 0.050000000000000266
221.827 0.06833000000000002
222.145 0.048329999999999984
222.461 0.0383300000000002
222.779 0.0700000000000003
223.097 0.048329999999999984
223.413 0.0700000000000003
223.731 0.06167000000000035
224.048 0.07333000000000035
224.364 0.04333000000000009
224.682 0.055000000000000174
225.0 0.06833000000000002
225.316 0.06167000000000035
225.634 0.06167000000000035
225.949 0.06333000000000012
226.267 0.105
226.585 0.051670000000000105
226.901 0.051670000000000105
227.219 0.05833000000000023
227.534 0.05667000000000001
227.852 0.04333000000000009
228.17 0.051670000000000105
228.486 0.06833000000000002
228.803 0.06000000000000007
229.119 0.053330000000000335
229.437 0.06167000000000035
229.755 0.0650000000000004
230.07 0.09000000000000032
230.388 0.06667000000000024
230.703 0.050000000000000266
231.021 0.06000000000000007
231.337 0.08000000000000008
231.654 0.03666999999999998
231.972 0.055000000000000174
232.288 0.0650000000000004
232.605 0.06000000000000007
232.921 0.07500000000000019
233.238 0.0650000000000004
233.554 0.04167000000000032
233.871 0.07167000000000014
234.189 0.04667000000000021
234.504 0.02833000000000041
234.822 0.048329999999999984
235.137 0.06333000000000012
235.455 0.04167000000000032
235.77 0.04667000000000021
236.088 0.0650000000000004
236.403 0.07500000000000019
236.721 0.06333000000000012
237.036 0.04167000000000032
237.354 0.06000000000000007
237.669 0.03666999999999998
237.986 0.05667000000000001
238.302 0.05667000000000001
238.619 0.06333000000000012
238.935 0.053330000000000335
239.252 0.0700000000000003
239.567 0.07667000000000003
239.885 0.048329999999999984
240.202 0.040000000000000036
240.517 0.08667000000000026
240.833 0.07167000000000014
241.15 0.04333000000000009
241.465 0.03500000000000014
241.782 0.03167000000000009
242.098 0.05667000000000001
242.415 0.05667000000000001
242.73 0.05667000000000001
243.047 0.04667000000000021
243.363 0.04333000000000009
243.68 0.048329999999999984
243.995 0.04500000000000037
244.312 0.023330000000000073
244.627 0.04500000000000037
244.945 0.04500000000000037
245.26 0.053330000000000335
245.577 0.02833000000000041
245.892 0.033330000000000304
246.209 0.06333000000000012
246.524 0.05667000000000001
246.839 0.050000000000000266
247.156 0.040000000000000036
247.471 0.0383300000000002
247.788 0.04500000000000037
248.103 0.026670000000000194
248.421 0.053330000000000335
248.735 0.03000000000000025
249.053 0.023330000000000073
249.368 0.03500000000000014
249.682 0.06000000000000007
249.999 0.051670000000000105
250.314 0.026670000000000194
250.631 0.0383300000000002
250.946 0.03000000000000025
251.261 0.040000000000000036
251.578 0.048329999999999984
251.893 0.06000000000000007
252.21 0.03666999999999998
252.525 0.04667000000000021
252.842 0.04333000000000009
253.157 0.03000000000000025
253.472 0.04333000000000009
253.788 0.07500000000000019
254.103 0.055000000000000174
254.418 0.023330000000000073
254.735 0.04333000000000009
255.05 0.05833000000000023
255.367 0.03666999999999998
255.681 0.026670000000000194
255.996 0.05667000000000001
256.313 0.048329999999999984
256.628 0.03167000000000009
256.942 0.06667000000000024
257.259 0.04333000000000009
257.574 0.06333000000000012
257.89 0.05667000000000001
258.205 0.03500000000000014
258.52 0.04500000000000037
258.837 0.03000000000000025
259.151 0.04500000000000037
259.466 0.040000000000000036
259.782 0.03500000000000014
260.097 0.02833000000000041
260.412 0.04500000000000037
260.728 0.03000000000000025
261.043 0.0650000000000004
261.357 0.053330000000000335
261.674 0.06833000000000002
261.989 0.055000000000000174
262.303 0.04167000000000032
262.62 0.04667000000000021
262.934 0.06000000000000007
263.249 0.04500000000000037
263.565 0.04333000000000009
263.88 0.055000000000000174
264.194 0.06167000000000035
264.511 0.051670000000000105
264.825 0.06000000000000007
265.14 0.026670000000000194
265.454 0.06000000000000007
265.771 0.051670000000000105
266.085 0.07667000000000003
266.399 0.05833000000000023
266.716 0.07833000000000025
267.03 0.055000000000000174
267.344 0.0216700000000003
267.659 0.055000000000000174
267.975 0.07833000000000025
268.29 0.0650000000000004
268.604 0.048329999999999984
268.92 0.09000000000000032
269.235 0.040000000000000036
269.549 0.05667000000000001
269.863 0.04667000000000021
270.179 0.048329999999999984
270.494 0.05833000000000023
270.808 0.0383300000000002
271.122 0.0383300000000002
271.438 0.04333000000000009
271.753 0.050000000000000266
272.067 0.053330000000000335
272.381 0.05667000000000001
272.697 0.053330000000000335
273.011 0.050000000000000266
273.326 0.0700000000000003
273.64 0.0650000000000004
273.956 0.04667000000000021
274.27 0.06667000000000024
274.584 0.06000000000000007
274.898 0.07333000000000035
275.212 0.09000000000000032
275.528 0.0650000000000004
275.843 0.07333000000000035
276.157 0.055000000000000174
276.471 0.05667000000000001
276.787 0.0700000000000003
277.101 0.04500000000000037
277.415 0.048329999999999984
277.729 0.055000000000000174
278.043 0.06333000000000012
278.359 0.07167000000000014
278.673 0.05667000000000001
278.987 0.06333000000000012
279.301 0.06667000000000024
279.615 0.06000000000000007
279.929 0.0650000000000004
280.245 0.09000000000000032
280.558 0.0383300000000002
280.872 0.0650000000000004
281.186 0.0650000000000004
281.5 0.055000000000000174
281.814 0.048329999999999984
282.13 0.06167000000000035
282.444 0.06333000000000012
282.758 0.048329999999999984
283.071 0.05667000000000001
283.385 0.06167000000000035
283.699 0.051670000000000105
284.015 0.050000000000000266
284.329 0.0650000000000004
284.642 0.05833000000000023
284.956 0.07500000000000019
285.27 0.05833000000000023
285.584 0.0383300000000002
285.897 0.0650000000000004
286.213 0.06667000000000024
286.527 0.06333000000000012
286.841 0.05667000000000001
287.154 0.0700000000000003
287.468 0.048329999999999984
287.782 0.08667000000000026
288.095 0.09500000000000021
288.409 0.03500000000000014
288.722 0.09000000000000032
289.038 0.04667000000000021
289.352 0.03666999999999998
289.665 0.055000000000000174
289.979 0.07833000000000025
290.293 0.08667000000000026
290.606 0.0650000000000004
290.92 0.06000000000000007
291.233 0.0700000000000003
291.547 0.06667000000000024
291.86 0.06000000000000007
292.176 0.07500000000000019
292.489 0.08167000000000037
292.803 0.08500000000000042
293.116 0.06833000000000002
293.43 0.04667000000000021
293.743 0.08167000000000037
294.057 0.08167000000000037
294.37 0.08833000000000003
294.683 0.07667000000000003
294.997 0.09167000000000015
295.31 0.06833000000000002
295.624 0.07167000000000014
295.937 0.05833000000000023
296.25 0.06000000000000007
296.564 0.06000000000000007
296.877 0.053330000000000335
297.19 0.07167000000000014
297.504 0.08667000000000026
297.819 0.08833000000000003
298.133 0.051670000000000105
298.446 0.0650000000000004
298.759 0.0700000000000003
299.072 0.09833000000000026
299.386 0.07833000000000025
299.699 0.0650000000000004
300.012 0.05833000000000023
300.325 0.06333000000000012
300.639 0.1000000000000001
300.952 0.07333000000000035
301.265 0.053330000000000335
301.578 0.053330000000000335
301.891 0.08500000000000042
302.205 0.07667000000000003
302.518 0.07167000000000014
302.831 0.08833000000000003
303.144 0.08667000000000026
303.457 0.05667000000000001
303.77 0.07667000000000003
304.083 0.07500000000000019
304.396 0.07500000000000019
304.709 0.07167000000000014
305.023 0.033330000000000304
305.336 0.08167000000000037
305.649 0.07333000000000035
305.962 0.0650000000000004
306.273 0.055000000000000174
306.586 0.07500000000000019
306.899 0.0700000000000003
307.212 0.08167000000000037
307.525 0.05833000000000023
307.838 0.08333000000000014
308.151 0.06833000000000002
308.464 0.06833000000000002
308.777 0.08333000000000014
309.089 0.07333000000000035
309.402 0.0700000000000003
309.715 0.09333000000000037
310.028 0.07333000000000035
310.341 0.09667000000000005
310.654 0.07167000000000014
310.967 0.08333000000000014
311.28 0.09333000000000037
311.593 0.0650000000000004
311.903 0.09667000000000005
312.216 0.08667000000000026
312.529 0.08833000000000003
312.842 0.08500000000000042
313.155 0.09833000000000026
313.467 0.09167000000000015
313.78 0.12333000000000018
314.093 0.09000000000000032
314.406 0.09000000000000032
314.718 0.08000000000000008
315.029 0.07833000000000025
315.342 0.08667000000000026
315.654 0.08167000000000037
315.967 0.07833000000000025
316.28 0.08167000000000037
316.593 0.1000000000000001
316.905 0.08833000000000003
317.218 0.07833000000000025
317.531 0.09167000000000015
317.841 0.105
318.154 0.11333000000000039
318.466 0.08833000000000003
318.779 0.08833000000000003
319.092 0.10667000000000028
319.404 0.1000000000000001
319.717 0.11667000000000007
320.027 0.09833000000000026
320.34 0.1000000000000001
320.652 0.08667000000000026
320.965 0.11000000000000033
321.277 0.11000000000000033
321.59 0.09333000000000037
321.9 0.11167000000000017
322.213 0.105
322.525 0.11667000000000007
322.838 0.10833000000000005
323.15 0.10833000000000005
323.463 0.08833000000000003
323.773 0.10667000000000028
324.085 0.13167000000000018
324.398 0.105
324.71 0.11833000000000028
325.023 0.12000000000000012
325.333 0.125
325.645 0.10833000000000005
325.958 0.08833000000000003
326.27 0.09833000000000026
326.582 0.11833000000000028
326.893 0.12333000000000018
327.205 0.11000000000000033
327.517 0.12333000000000018
327.83 0.11500000000000023
328.142 0.11500000000000023
328.452 0.11167000000000017
328.764 0.1333300000000004
329.077 0.1000000000000001
329.389 0.11667000000000007
329.701 0.13833000000000029
330.011 0.14000000000000012
330.323 0.12000000000000012
330.636 0.13000000000000034
330.948 0.11167000000000017
331.258 0.10667000000000028
331.57 0.11500000000000023
331.882 0.11500000000000023
332.194 0.11000000000000033
332.504 0.11500000000000023
332.817 0.12333000000000018
333.129 0.1333300000000004
333.441 0.11667000000000007
333.751 0.12000000000000012
334.063 0.12667000000000028
334.375 0.125
334.685 0.1333300000000004
334.997 0.14833000000000007
335.309 0.13833000000000029
335.621 0.1333300000000004
335.931 0.125
336.243 0.1416700000000004
336.555 0.12667000000000028
336.867 0.12667000000000028
337.177 0.10833000000000005
337.489 0.16166999999999998
337.801 0.1216700000000004
338.111 0.1333300000000004
338.423 0.13000000000000034
338.735 0.12333000000000018
339.045 0.12667000000000028
339.356 0.1466700000000003
339.668 0.14500000000000002
339.978 0.14333000000000018
340.29 0.1416700000000004
340.602 0.13167000000000018
340.914 0.1333300000000004
341.224 0.11333000000000039
341.535 0.09667000000000005
341.847 0.1333300000000004
342.157 0.1516700000000002
342.469 0.14333000000000018
342.781 0.1416700000000004
343.09 0.1683300000000001
343.402 0.1466700000000003
343.714 0.1583300000000003
344.023 0.1583300000000003
344.335 0.1566700000000001
344.645 0.14333000000000018
344.957 0.1683300000000001
345.268 0.1633300000000002
345.578 0.16166999999999998
345.89 0.16166999999999998
346.201 0.1716700000000002
346.511 0.13667000000000007
346.823 0.14500000000000002
347.134 0.1683300000000001
347.444 0.1716700000000002
347.755 0.18333000000000022
348.065 0.14833000000000007
348.376 0.18333000000000022
348.688 0.1216700000000004
348.998 0.17500000000000027
349.309 0.1533300000000004
349.619 0.1633300000000002
349.93 0.1716700000000002
350.242 0.18167
350.551 0.18667000000000034
350.863 0.1516700000000002
351.172 0.17000000000000037
351.484 0.18000000000000016
351.795 0.17500000000000027
352.105 0.1683300000000001
352.416 0.20167000000000002
352.725 0.17000000000000037
353.037 0.17833000000000032
353.346 0.15500000000000025
353.658 0.16667000000000032
353.969 0.17000000000000037
354.278 0.1883300000000001
354.59 0.17833000000000032
354.899 0.19333
355.211 0.18000000000000016
355.52 0.1566700000000001
355.831 0.19333
356.142 0.1683300000000001
356.452 0.17332999999999998
356.763 0.18333000000000022
357.072 0.17500000000000027
357.384 0.19167000000000023
357.693 0.17332999999999998
358.004 0.17000000000000037
358.313 0.1766700000000001
358.625 0.13000000000000034
358.934 0.1716700000000002
359.245 0.1900000000000004
359.554 0.20167000000000002
359.865 0.19500000000000028
360.174 0.16166999999999998
360.486 0.19167000000000023
360.795 0.16000000000000014
361.106 0.18500000000000005
361.415 0.1883300000000001
361.726 0.20500000000000007
362.035 0.17833000000000032
362.346 0.18000000000000016
362.655 0.1883300000000001
362.967 0.18000000000000016
363.276 0.20500000000000007
363.587 0.19333
363.896 0.18500000000000005
364.207 0.18000000000000016
364.516 0.1683300000000001
364.827 0.17833000000000032
365.136 0.17833000000000032
365.447 0.1766700000000001
365.756 0.19667000000000012
366.067 0.16166999999999998
366.376 0.20333000000000023
366.687 0.1633300000000002
366.996 0.16667000000000032
367.307 0.18167
367.615 0.1683300000000001
367.924 0.18000000000000016
368.235 0.1683300000000001
368.544 0.20000000000000018
368.855 0.1716700000000002
369.164 0.17500000000000027
369.475 0.16166999999999998
369.784 0.13667000000000007
370.094 0.1900000000000004
370.403 0.1716700000000002
370.712 0.18167
371.023 0.1766700000000001
371.332 0.18500000000000005
371.642 0.17332999999999998
371.951 0.16667000000000032
372.262 0.17332999999999998
372.571 0.1716700000000002
372.879 0.1766700000000001
373.19 0.18000000000000016
373.499 0.1900000000000004
373.81 0.19667000000000012
374.118 0.18000000000000016
374.427 0.19167000000000023
374.738 0.1766700000000001
375.046 0.18167
375.357 0.1883300000000001
375.666 0.18333000000000022
375.974 0.19667000000000012
376.285 0.1883300000000001
376.593 0.1716700000000002
376.902 0.1683300000000001
377.213 0.1900000000000004
377.521 0.17500000000000027
377.832 0.19333
378.14 0.18167
378.449 0.19500000000000028
378.759 0.1883300000000001
379.068 0.1583300000000003
379.376 0.19333
379.687 0.19167000000000023
379.995 0.1883300000000001
380.304 0.18667000000000034
380.614 0.19500000000000028
380.923 0.19167000000000023
381.231 0.20500000000000007
381.542 0.18167
381.85 0.18500000000000005
382.159 0.19500000000000028
382.469 0.19833000000000034
382.777 0.19833000000000034
383.086 0.20500000000000007
383.396 0.20500000000000007
383.705 0.21667000000000014
384.013 0.2200000000000002
384.323 0.19167000000000023
384.632 0.18333000000000022
384.94 0.23333000000000004
385.25 0.19333
385.559 0.19167000000000023
385.867 0.19333
386.175 0.21167000000000025
386.485 0.2400000000000002
386.794 0.21667000000000014
387.102 0.2100000000000004
387.412 0.19833000000000034
387.72 0.23167000000000026
388.029 0.2150000000000003
388.337 0.22333000000000025
388.647 0.20167000000000002
388.955 0.2100000000000004
389.263 0.22833000000000014
389.571 0.22667000000000037
389.882 0.22667000000000037
390.19 0.24833000000000016
390.498 0.19833000000000034
390.808 0.22833000000000014
391.116 0.2150000000000003
391.424 0.22833000000000014
391.732 0.25500000000000034
392.042 0.2150000000000003
392.351 0.23667000000000016
392.659 0.2466700000000004
392.967 0.2516700000000003
393.275 0.2250000000000001
393.585 0.24167000000000005
393.893 0.22167000000000003
394.201 0.25
394.509 0.23667000000000016
394.819 0.2666700000000004
395.127 0.25
395.435 0.2766700000000002
395.743 0.20000000000000018
396.051 0.24167000000000005
396.361 0.26000000000000023
396.668 0.2716700000000003
396.976 0.22833000000000014
397.284 0.2516700000000003
397.592 0.25500000000000034
397.902 0.24333000000000027
398.21 0.25333000000000006
398.518 0.26000000000000023
398.826 0.22333000000000025
399.133 0.25
399.443 0.2716700000000003
399.751 0.24333000000000027
400.059 0.2516700000000003
400.367 0.26167000000000007
400.674 0.25
400.982 0.2783300000000004
401.292 0.2450000000000001
401.6 0.26000000000000023
401.908 0.23500000000000032
402.215 0.30000000000000027
402.523 0.27
402.831 0.32333000000000034
403.14 0.2683300000000002
403.448 0.23333000000000004
403.756 0.2466700000000004
404.063 0.28500000000000014
404.371 0.26167000000000007
404.679 0.2783300000000004
404.986 0.3016700000000001
405.296 0.2883300000000002
405.604 0.28000000000000025
405.911 0.2683300000000002
406.219 0.3033300000000003
406.526 0.26000000000000023
406.834 0.3033300000000003
407.142 0.31000000000000005
407.449 0.31667000000000023
407.759 0.2933300000000001
408.066 0.31000000000000005
408.374 0.2916700000000003
408.681 0.2816700000000001
408.989 0.2766700000000002
409.296 0.2916700000000003
409.604 0.2883300000000002
409.911 0.28500000000000014
410.219 0.3033300000000003
410.526 0.28667
410.834 0.2966700000000002
411.143 0.24833000000000016
411.45 0.2916700000000003
411.758 0.27500000000000036
412.065 0.2716700000000003
412.373 0.30000000000000027
412.68 0.3133300000000001
412.987 0.3133300000000001
413.295 0.31167000000000034
413.602 0.3016700000000001
413.909 0.2766700000000002
414.217 0.2816700000000001
414.524 0.3250000000000002
414.831 0.3200000000000003
415.139 0.28500000000000014
415.446 0.28667
415.753 0.31167000000000034
416.06 0.28667
416.37 0.3150000000000004
416.677 0.3083300000000002
416.984 0.28667
417.291 0.29000000000000004
417.599 0.28667
417.906 0.2816700000000001
418.213 0.2633300000000003
418.52 0.29833
418.827 0.28000000000000025
419.135 0.2783300000000004
419.442 0.28667
419.749 0.2966700000000002
420.056 0.2666700000000004
420.363 0.22833000000000014
420.67 0.2933300000000001
420.977 0.3150000000000004
421.284 0.25333000000000006
421.591 0.2883300000000002
421.899 0.2833300000000003
422.206 0.2966700000000002
422.513 0.2933300000000001
422.82 0.2816700000000001
423.127 0.2833300000000003
423.434 0.27500000000000036
423.741 0.2666700000000004
424.048 0.30500000000000016
424.355 0.30500000000000016
424.662 0.30667
424.967 0.30000000000000027
425.274 0.2933300000000001
425.58 0.2766700000000002
425.887 0.2783300000000004
426.194 0.30500000000000016
426.501 0.29000000000000004
426.808 0.2666700000000004
427.115 0.2833300000000003
427.422 0.2400000000000002
427.729 0.2566700000000002
428.036 0.26167000000000007
428.342 0.30500000000000016
428.649 0.2733300000000001
428.956 0.27
429.263 0.2733300000000001
429.57 0.2966700000000002
429.875 0.26000000000000023
430.181 0.2650000000000001
430.488 0.25
430.795 0.24833000000000016
431.102 0.2883300000000002
431.408 0.2916700000000003
431.715 0.2650000000000001
432.022 0.2650000000000001
432.329 0.2816700000000001
432.635 0.24167000000000005
432.942 0.2650000000000001
433.247 0.2450000000000001
433.553 0.21667000000000014
433.86 0.22999999999999998
434.167 0.25500000000000034
434.473 0.2516700000000003
434.78 0.2650000000000001
435.087 0.2733300000000001
435.393 0.24833000000000016
435.698 0.23500000000000032
436.004 0.23500000000000032
436.311 0.2683300000000002
436.617 0.24333000000000027
436.924 0.2516700000000003
437.231 0.23833000000000037
437.537 0.2816700000000001
437.842 0.25
438.148 0.25500000000000034
438.455 0.25500000000000034
438.761 0.25
439.068 0.2583300000000004
439.374 0.2450000000000001
439.681 0.2583300000000004
439.985 0.23667000000000016
440.291 0.2400000000000002
440.598 0.2450000000000001
440.904 0.2516700000000003
441.211 0.23500000000000032
441.515 0.2583300000000004
441.822 0.20333000000000023
442.128 0.21333000000000002
442.434 0.23667000000000016
442.741 0.24167000000000005
443.047 0.2250000000000001
443.351 0.22167000000000003
443.658 0.22833000000000014
443.964 0.22833000000000014
444.27 0.2100000000000004
444.575 0.21833000000000036
444.881 0.21333000000000002
445.187 0.2450000000000001
445.493 0.2250000000000001
445.8 0.21333000000000002
446.104 0.2450000000000001
446.41 0.2250000000000001
446.716 0.21333000000000002
447.023 0.23833000000000037
447.327 0.22999999999999998
447.633 0.18500000000000005
447.939 0.2250000000000001
448.245 0.2250000000000001
448.552 0.19667000000000012
448.856 0.22333000000000025
449.162 0.20833000000000013
449.468 0.22833000000000014
449.774 0.21167000000000025
450.078 0.19833000000000034
450.384 0.21833000000000036
450.69 0.2200000000000002
450.994 0.20667000000000035
451.3 0.23833000000000037
451.607 0.22833000000000014
451.913 0.22167000000000003
452.217 0.20000000000000018
452.523 0.20167000000000002
452.829 0.2100000000000004
453.135 0.22999999999999998
453.439 0.20167000000000002
453.745 0.21167000000000025
454.051 0.23500000000000032
454.355 0.2200000000000002
454.661 0.23333000000000004
454.967 0.2250000000000001
455.27 0.20000000000000018
455.576 0.23500000000000032
455.882 0.21667000000000014
456.188 0.19833000000000034
456.492 0.20667000000000035
456.798 0.22833000000000014
457.104 0.19500000000000028
457.408 0.2200000000000002
457.714 0.19167000000000023
458.019 0.21833000000000036
458.323 0.2200000000000002
458.629 0.22833000000000014
458.935 0.24333000000000027
459.239 0.21833000000000036
459.544 0.2200000000000002
459.85 0.21167000000000025
460.154 0.22667000000000037
460.46 0.21333000000000002
460.766 0.23333000000000004
461.069 0.21167000000000025
461.375 0.23167000000000026
461.681 0.20333000000000023
461.984 0.22167000000000003
462.29 0.2466700000000004
462.594 0.22167000000000003
462.9 0.19667000000000012
463.205 0.22167000000000003
463.509 0.23667000000000016
463.814 0.21833000000000036
464.12 0.2250000000000001
464.424 0.2200000000000002
464.729 0.22667000000000037
465.033 0.22999999999999998
465.339 0.24167000000000005
465.644 0.22833000000000014
465.948 0.24333000000000027
466.253 0.23667000000000016
466.557 0.23500000000000032
466.862 0.26000000000000023
467.168 0.23833000000000037
467.471 0.23667000000000016
467.777 0.2466700000000004
468.08 0.2450000000000001
468.386 0.2400000000000002
468.691 0.25333000000000006
468.995 0.22833000000000014
469.3 0.27500000000000036
469.604 0.2733300000000001
469.909 0.26167000000000007
470.213 0.2400000000000002
470.518 0.22333000000000025
470.824 0.2650000000000001
471.127 0.2633300000000003
471.432 0.24833000000000016
471.736 0.23333000000000004
472.041 0.25500000000000034
472.344 0.2566700000000002
472.65 0.2666700000000004
472.953 0.2650000000000001
473.258 0.25333000000000006
473.562 0.25500000000000034
473.867 0.2583300000000004
474.172 0.22167000000000003
474.476 0.2933300000000001
474.781 0.2466700000000004
475.084 0.2650000000000001
475.39 0.2650000000000001
475.693 0.27500000000000036
475.998 0.2583300000000004
476.301 0.2766700000000002
476.606 0.3350000000000004
476.91 0.43667000000000034
477.215 0.5100000000000002
477.518 0.47667000000000037
477.823 0.5216700000000003
478.126 0.5166700000000004
478.432 0.5316700000000001
478.735 0.5350000000000001
479.04 0.5
479.343 0.5300000000000002
479.648 0.5433300000000001
479.951 0.5433300000000001
480.256 0.5066700000000002
480.559 0.49833000000000016
480.864 0.5583300000000002
481.167 0.5016700000000003
481.47 0.47833000000000014
481.776 0.49167000000000005
482.079 0.5300000000000002
482.384 0.52
482.687 0.5216700000000003
482.992 0.5066700000000002
483.295 0.4600000000000004
483.6 0.49833000000000016
483.903 0.42333
484.208 0.34667000000000003
484.51 0.29833
484.813 0.26000000000000023
485.118 0.2666700000000004
485.421 0.23333000000000004
485.726 0.2683300000000002
486.029 0.23167000000000026
486.334 0.23667000000000016
486.637 0.2400000000000002
486.94 0.25
487.245 0.22999999999999998
487.547 0.24167000000000005
487.852 0.2150000000000003
488.155 0.2400000000000002
488.458 0.2516700000000003
488.763 0.2466700000000004
489.066 0.22333000000000025
489.37 0.24167000000000005
489.673 0.2250000000000001
489.976 0.22833000000000014
490.281 0.2200000000000002
490.583 0.23167000000000026
490.888 0.23500000000000032
491.191 0.2250000000000001
491.494 0.2583300000000004
491.798 0.2566700000000002
492.101 0.23500000000000032
492.404 0.2633300000000003
492.708 0.24833000000000016
493.011 0.2400000000000002
493.316 0.2250000000000001
493.56 0.2347925801361821
493.8645 0.21729258013618225
494.17150000000004 0.23812758013618218
494.476 0.2389575801361823
494.781 0.22229258013618236
495.087 0.24729258013618227
495.392 0.22812758013618217
495.697 0.2506225801361823
496.002 0.2331275801361823
496.308 0.25645758013618236
496.61249999999995 0.2589575801361823
496.918 0.25479258013618233
497.2235 0.24145758013618246
497.528 0.22812758013618217
497.83349999999996 0.22646258013618237
498.1385 0.2531275801361823
498.4435 0.25479258013618233
498.7495 0.2331275801361823
499.0535 0.23645758013618234
499.35850000000005 0.23229258013618237
499.6645 0.24396258013618244
499.9695 0.2356225801361822
500.2735 0.22812258013618236
500.578 0.2514625801361823
500.8845 0.24396258013618222
501.18899999999996 0.24646258013618216
501.49350000000004 0.22646258013618215
501.799 0.23979258013618243
502.104 0.23062758013618234
502.409 0.23062758013618234
502.71299999999997 0.27062258013618234
503.01800000000003 0.26145758013618225
503.32399999999996 0.26812758013618243
503.62800000000004 0.2672925801361825
503.9325 0.24062258013618232
504.238 0.2439575801361824
504.543 0.2622925801361824
504.84749999999997 0.22896258013618231
505.15250000000003 0.2522925801361824
505.457 0.25062758013618236
505.7615 0.25479258013618233
506.0665 0.2431275801361823
506.37149999999997 0.2631275801361823
506.67600000000004 0.25145758013618225
506.9805 0.25812258013618217
507.2845 0.24062258013618232
507.58950000000004 0.24562758013618224
507.895 0.2731275801361823
508.199 0.25645758013618236
508.50300000000004 0.25479258013618233
508.8075 0.2639575801361822
509.11400000000003 0.2597925801361822
509.418 0.2431275801361823
509.722 0.24479258013618233
510.026 0.27562758013618227
510.33000000000004 0.2806275801361824
510.635 0.25562758013618225
510.94050000000004 0.26062758013618237
511.2445 0.2581275801361824
511.5485 0.2831225801361825
511.8525 0.2789575801361823
512.1575 0.26062758013618237
512.4615 0.24979258013618222
512.7665 0.2531225801361823
513.0705 0.25645758013618236
513.3745 0.2489575801361823
513.6795 0.2631225801361825
513.9835 0.28312758013618233
514.1345 0.28479258013618236
514.4385 0.27479258013618213
514.7425000000001 0.24146258013618227
515.0475 0.2631275801361823
515.3525 0.2772925801361823
515.6565 0.27479258013618235
515.9605 0.28479258013618236
516.2645 0.26562258013618245
516.5685000000001 0.27979258013618225
516.8725 0.28479258013618236
517.1769999999999 0.2822925801361824
517.482 0.2731275801361821
517.7860000000001 0.3047925801361824
518.09 0.2972925801361823
518.394 0.30229258013618243
518.6975 0.27812758013618244
519.0015 0.29979258013618226
519.3054999999999 0.2931225801361823
519.61 0.27562258013618246
519.914 0.27645758013618216
520.2175 0.2906275801361822
520.5225 0.28812758013618245
520.8265 0.29396258013618226
521.1305 0.3022925801361822
521.4335000000001 0.2789575801361823
521.7375 0.2772925801361823
522.0425 0.28979258013618225
522.346 0.2922925801361822
522.6495 0.28479258013618236
522.9535000000001 0.2772925801361823
523.2570000000001 0.27396258013618247
523.5605 0.27396258013618247
523.8644999999999 0.29812758013618224
524.168 0.2922925801361824
524.472 0.30895758013618235
524.7760000000001 0.26896258013618235
525.0799999999999 0.2814575801361823
525.384 0.2964575801361822
525.688 0.2722925801361822
525.992 0.29979258013618226
526.2955 0.2681225801361822
526.5989999999999 0.29479258013618237
526.9025 0.3014625801361821
527.206 0.3056275801361823
527.5095 0.2914575801361825
527.813 0.2872925801361823
528.1165000000001 0.3122925801361822
528.4205 0.2822925801361824
528.7235000000001 0.26062758013618237
529.0275 0.2839625801361825
529.3305 0.29062258013618236
529.6345 0.30062258013618237
529.9375 0.29479258013618237
530.2415000000001 0.31895758013618236
530.5445 0.2631275801361823
530.848 0.30395758013618246
531.1514999999999 0.2872925801361823
531.4549999999999 0.2989625801361824
531.7584999999999 0.2864575801361824
532.0615 0.2956275801361823
532.365 0.29812758013618224
532.6685 0.26979258013618246
532.972 0.27479258013618235
533.275 0.27979258013618225
533.5785 0.27562258013618246
533.8820000000001 0.2706275801361824
534.185 0.2681275801361822
534.4884999999999 0.2731275801361821
534.792 0.2764575801361824
535.095 0.2731225801361823
535.3985 0.2622925801361824
535.7015 0.28062758013618216
536.005 0.27396258013618224
536.308 0.2781275801361822
536.6115 0.27645758013618216
536.762 0.2722925801361822
537.0654999999999 0.25145758013618225
537.3685 0.25479258013618233
537.672 0.27562758013618227
537.975 0.2572925801361823
538.278 0.2631225801361825
538.5799999999999 0.2622925801361822
538.883 0.2772925801361823
539.1865 0.24562758013618224
539.49 0.2639575801361824
539.793 0.25396258013618245
540.096 0.2622925801361822
540.399 0.2572925801361823
540.702 0.22812258013618236
541.005 0.24979258013618222
541.3074999999999 0.22062758013618233
541.6105 0.24062758013618235
541.9135 0.23979258013618243
542.2165 0.23062758013618234
542.5195 0.24145758013618224
542.8215 0.24979258013618222
543.1245 0.2631225801361825
543.4275 0.2281275801361824
543.7305 0.22562758013618245
544.0335 0.22146258013618247
544.3365 0.24229258013618216
544.6395 0.23395758013618217
544.9414999999999 0.2531225801361825
545.2445 0.2164575801361821
545.5465 0.2356225801361822
545.8495 0.2197925801361822
546.1525 0.19479258013618228
546.4549999999999 0.2097925801361824
546.758 0.21479258013618252
547.0609999999999 0.2189625801361823
547.363 0.23062758013618234
547.6659999999999 0.21645758013618233
547.9680000000001 0.20062758013618232
548.271 0.20812758013618238
548.5730000000001 0.2206225801361823
548.876 0.2139625801361824
549.179 0.21062758013618232
549.482 0.2156225801361824
549.784 0.1997925801361824
550.0854999999999 0.20645758013618232
550.388 0.19729258013618223
550.691 0.1947925801361825
550.9939999999999 0.19145758013618241
551.2964999999999 0.21229258013618235
551.5985000000001 0.16979258013618237
551.9010000000001 0.2114575801361822
552.2025000000001 0.18396258013618239
552.5055 0.19479258013618228
552.8085000000001 0.17395758013618212
553.1105 0.18729258013618222
553.4124999999999 0.1864575801361823
553.7145 0.18562258013618238
554.0165 0.17979258013618238
554.3195000000001 0.19812758013618237
554.622 0.18812758013618214
554.9235000000001 0.19312258013618222
555.2265 0.1481225801361823
555.528 0.1531225801361824
555.8305 0.1906275801361823
556.133 0.17145758013618217
556.435 0.16979258013618215
556.7375 0.16145758013618217
557.039 0.14812758013618232
557.3415 0.16312258013618242
557.644 0.14395758013618232
557.9459999999999 0.1581225801361823
558.247 0.1614575801361824
558.55 0.16145758013618217
558.852 0.16312758013618223
559.1534999999999 0.16646258013618231
559.304 0.16062758013618228
559.606 0.17896258013618227
559.908 0.1614625801361822
560.2090000000001 0.16729258013618242
560.512 0.1672925801361822
560.8140000000001 0.15979258013618236
561.1155 0.14979258013618235
561.417 0.1522925801361823
561.719 0.14979258013618235
562.022 0.1431275801361822
562.323 0.14562258013618234
562.6245 0.1522925801361823
562.927 0.1622925801361823
563.229 0.13062758013618225
563.5305 0.13812758013618232
563.832 0.16479258013618248
564.1345 0.16812758013618212
564.4365 0.11312758013618218
564.7375 0.12645758013618225
565.0395 0.13812758013618232
565.3415 0.14062758013618226
565.6424999999999 0.1572925801361822
565.9435000000001 0.13229258013618228
566.2465 0.15395758013618233
566.5485 0.13062758013618248
566.8485000000001 0.13396258013618234
567.1510000000001 0.15145758013618216
567.453 0.1614575801361824
567.7545 0.14562758013618238
568.0554999999999 0.13979258013618234
568.3575000000001 0.14479258013618246
568.6600000000001 0.15479258013618225
568.96 0.15562758013618216
569.262 0.13479258013618223
569.5640000000001 0.14396258013618235
569.864 0.1314625801361824
570.1665 0.14562758013618238
570.469 0.13979258013618212
570.769 0.12562258013618233
571.0709999999999 0.13812758013618232
571.373 0.1481225801361823
571.673 0.14812758013618232
571.975 0.15979258013618236
572.2760000000001 0.13645758013618225
572.577 0.13812258013618228
572.879 0.13645758013618225
573.1800000000001 0.13062758013618248
573.481 0.11562758013618235
573.7835 0.14145758013618215
574.0844999999999 0.12729258013618217
574.3855 0.12145758013618235
574.687 0.14062758013618226
574.988 0.1281275801361823
575.289 0.13562258013618234
575.59 0.1372925801361824
575.8905 0.13979258013618234
576.1925 0.12896258013618223
576.4935 0.12729258013618217
576.7945 0.14812758013618232
577.0955 0.13645758013618225
577.3975 0.1489575801361822
577.6985 0.14979258013618213
577.999 0.13396258013618234
578.3 0.13062758013618225
578.601 0.15896258013618225
578.9024999999999 0.14062758013618226
579.2035 0.14395758013618232
579.5045 0.13062758013618225
579.806 0.15562258013618213
580.106 0.13562258013618234
580.408 0.14062758013618226
580.7075 0.14645758013618226
581.009 0.15062758013618227
581.311 0.12312758013618219
581.611 0.15395758013618233
581.761 0.13812258013618228
582.061 0.1422925801361823
582.3620000000001 0.15562258013618235
582.663 0.1572925801361824
582.9635000000001 0.1514625801361824
583.264 0.13895758013618242
583.566 0.13812758013618232
583.8665000000001 0.17479258013618226
584.167 0.1672925801361822
584.4675 0.15479258013618247
584.7685 0.1622925801361823
585.069 0.16645758013618228
585.3695 0.15312758013618222
585.6715 0.1472925801361824
585.9704999999999 0.1681225801361823
586.2725 0.14395758013618232
586.572 0.14896258013618247
586.8734999999999 0.17312758013618224
587.1735 0.12646258013618228
587.4745 0.14895758013618243
587.7745 0.12979258013618233
588.0754999999999 0.1614575801361824
588.3755 0.13896258013618223
588.6765 0.16979258013618215
588.9765 0.15812758013618233
589.2775 0.16145758013618217
589.577 0.1681225801361823
589.8785 0.14562258013618234
590.1790000000001 0.16812758013618234
590.4795 0.14312758013618243
590.78 0.16645758013618228
591.0805 0.15979258013618236
591.3810000000001 0.1622925801361823
591.681 0.1431275801361822
591.982 0.18146258013618222
592.2819999999999 0.15895758013618222
592.582 0.1622925801361823
592.8820000000001 0.16395758013618233
593.183 0.18229258013618233
593.4825000000001 0.14645758013618226
593.784 0.15979258013618214
594.083 0.1764575801361823
594.3845 0.1806275801361823
594.684 0.16395758013618233
594.984 0.16896258013618226
595.2845 0.15895758013618222
595.5835 0.1764575801361823
595.885 0.17229258013618232
596.184 0.1614625801361822
596.4855 0.15395758013618233
596.7845 0.1564625801361823
597.086 0.19479258013618228
597.385 0.17312758013618224
597.6855 0.17395758013618234
597.9855 0.18729258013618244
598.2855 0.1764575801361823
598.5854999999999 0.16729258013618242
598.885 0.1764575801361825
599.1855 0.1581275801361821
599.4855 0.17479258013618226
599.7855 0.1772925801361822
600.0854999999999 0.16062258013618225
600.3855 0.1772925801361822
600.6845000000001 0.18229258013618233
600.985 0.18312758013618224
601.2850000000001 0.1656275801361824
601.5840000000001 0.16979258013618237
601.8855 0.18979258013618217
602.1845000000001 0.17062258013618226
602.4855 0.1681225801361823
602.7845 0.15145758013618238
603.0835 0.16896258013618226
603.3845 0.1681225801361823
603.5329999999999 0.1764575801361823
603.832 0.17812758013618235
604.133 0.1581225801361823
604.4315 0.16396258013618215
604.7305 0.1772925801361822
605.0315 0.17312258013618242
605.3305 0.1764575801361823
605.6305 0.1847925801361825
605.9304999999999 0.16895758013618223
606.2294999999999 0.17229258013618232
606.5295 0.1472925801361824
606.8295 0.1622925801361823
607.1285 0.16312758013618245
607.4285 0.17395758013618234
607.7280000000001 0.16729258013618242
608.0275 0.18562258013618238
608.3265 0.15645758013618227
608.6265000000001 0.17229258013618232
608.9265 0.15145758013618238
609.2255 0.1531225801361824
609.525 0.18646258013618233
609.825 0.17062258013618226
610.1235 0.18145758013618218
610.4225 0.14979258013618213
610.723 0.14396258013618235
611.0219999999999 0.17895758013618224
611.3205 0.16979258013618237
611.6215 0.1731225801361822
611.9200000000001 0.15812758013618233
612.219 0.15895758013618244
612.519 0.15479258013618247
612.818 0.1572925801361822
613.117 0.16896258013618226
613.4169999999999 0.16062258013618247
613.715 0.1581275801361821
614.015 0.15312758013618244
614.315 0.15396258013618236
614.613 0.15645758013618227
614.912 0.15562258013618235
615.213 0.16312758013618223
615.511 0.15562758013618216
615.81 0.1614625801361822
616.1095 0.14645758013618226
616.409 0.13979258013618234
616.7075 0.13896258013618223
617.0060000000001 0.16062258013618225
617.306 0.13812258013618228
617.6055 0.14562758013618216
617.904 0.1431225801361824
618.2035000000001 0.13062258013618222
618.502 0.14729258013618218
618.8005 0.16145758013618217
619.0999999999999 0.15145758013618238
619.3995 0.1572925801361822
619.698 0.1422925801361823
619.9965 0.1389575801361822
620.2945 0.14979258013618235
620.5955 0.13229258013618228
620.8934999999999 0.1472925801361824
621.1925 0.1572925801361822
621.4905 0.14062758013618226
621.7895 0.1372925801361824
622.0895 0.13562758013618237
622.3875 0.14562758013618216
622.6865 0.1556275801361824
622.9855 0.1414625801361824
623.2835 0.13396258013618234
623.5825 0.14312758013618243
623.8815 0.1581225801361823
624.1804999999999 0.13479258013618223
624.4794999999999 0.14562758013618238
624.7775 0.1572925801361824
625.0754999999999 0.1422925801361825
625.2235000000001 0.1272925801361824
625.5245 0.13812258013618228
625.8225 0.1322925801361825
626.1205 0.12145758013618235
626.4190000000001 0.1272925801361824
626.7175 0.14145758013618237
627.0165 0.1339575801361823
627.3145 0.1372925801361824
627.614 0.14145758013618237
627.9124999999999 0.1339575801361823
628.2105 0.13479258013618223
628.5094999999999 0.13062758013618225
628.8075 0.12479258013618222
629.106 0.15062758013618227
629.404 0.12895758013618241
629.702 0.1372925801361824
630.0025 0.1106225801361822
630.3005 0.13229258013618228
630.5985000000001 0.1481275801361821
630.8965000000001 0.12645758013618247
631.1949999999999 0.12645758013618225
631.4929999999999 0.12479258013618222
631.7919999999999 0.14812758013618232
632.09 0.13145758013618236
632.3879999999999 0.14562758013618238
632.6859999999999 0.12062258013618243
632.984 0.13229258013618228
633.283 0.1556275801361824
633.582 0.13145758013618236
633.88 0.14062258013618223
634.178 0.13062758013618248
634.476 0.12479258013618244
634.774 0.13562758013618237
635.072 0.1272925801361824
635.37 0.13062258013618244
635.669 0.1389575801361822
635.9670000000001 0.11562258013618232
636.265 0.13479258013618223
636.563 0.11979258013618233
636.861 0.12979258013618233
637.159 0.12979258013618233
637.4570000000001 0.12979258013618233
637.7545 0.1181275801361823
638.0519999999999 0.12562258013618233
638.351 0.12645758013618225
638.649 0.1372925801361824
638.947 0.15312758013618222
639.245 0.11979258013618233
639.5425 0.14395758013618232
639.8415 0.1581225801361823
640.139 0.14312758013618243
640.437 0.13895758013618242
640.735 0.13645758013618225
641.0325 0.1422925801361823
641.3315 0.13312758013618242
641.6289999999999 0.14562758013618238
641.927 0.12645758013618225
642.2245 0.1464625801361823
642.5225 0.15396258013618236
642.8199999999999 0.1522925801361823
643.1175000000001 0.1364625801361823
643.4145000000001 0.14562758013618216
643.712 0.15562258013618235
644.0095 0.1422925801361823
644.3075 0.15896258013618225
644.605 0.1572925801361824
644.9024999999999 0.13229258013618228
645.2005 0.16479258013618225
645.498 0.1472925801361824
645.7965 0.1372925801361824
646.0944999999999 0.16562758013618217
646.242 0.1581275801361821
646.5395 0.14479258013618224
646.8375000000001 0.1706275801361823
647.1345 0.14312258013618218
647.4325 0.1706275801361823
647.73 0.14979258013618235
648.0275 0.1572925801361822
648.325 0.1481225801361823
648.6225 0.13229258013618228
648.9200000000001 0.15062258013618224
649.2175 0.1522925801361823
649.514 0.13562758013618237
649.8115 0.16062758013618228
650.1089999999999 0.15312758013618244
650.4065 0.14562758013618238
650.704 0.14729258013618218
651.0015000000001 0.15312758013618222
651.299 0.14312758013618243
651.596 0.16312758013618223
651.8934999999999 0.1639575801361821
652.191 0.14479258013618224
652.4884999999999 0.15396258013618236
652.785 0.16312258013618242
653.082 0.16312758013618223
653.3795 0.1372925801361824
653.6769999999999 0.1514625801361824
653.9739999999999 0.13812758013618232
654.2715000000001 0.1581275801361821
654.569 0.13562758013618237
654.866 0.14479258013618246
655.1624999999999 0.14062258013618223
655.46 0.13812758013618232
655.7570000000001 0.14479258013618246
656.054 0.14145758013618237
656.3520000000001 0.13562758013618215
656.6479999999999 0.13979258013618234
656.945 0.1422925801361823
657.241 0.13062258013618244
657.539 0.14562258013618234
657.836 0.13479258013618223
658.133 0.1564625801361823
658.4300000000001 0.1364625801361823
658.7275 0.15312758013618244
659.025 0.1272925801361824
659.321 0.12645758013618225
659.6179999999999 0.1339575801361823
659.915 0.1239575801361823
660.212 0.1489575801361822
660.5094999999999 0.14312758013618243
660.8054999999999 0.12312758013618241
661.102 0.15396258013618236
661.399 0.14562258013618234
661.696 0.1422925801361823
661.9929999999999 0.13645758013618225
662.29 0.13312758013618242
662.586 0.1189575801361824
662.883 0.13479258013618223
663.1800000000001 0.13812258013618228
663.477 0.13229258013618228
663.7729999999999 0.10229258013618225
664.069 0.1181275801361823
664.366 0.13562758013618237
664.6635 0.12729258013618217
664.9605 0.13895758013618242
665.2560000000001 0.1106225801361822
665.553 0.1372925801361824
665.8499999999999 0.13145758013618236
666.1469999999999 0.12645758013618225
666.443 0.12562758013618236
666.739 0.11979258013618233
667.0360000000001 0.11729258013618238
667.3330000000001 0.11229258013618248
667.4795 0.1181275801361823
667.7760000000001 0.12479258013618222
668.073 0.1181275801361823
668.37 0.11062758013618224
668.6659999999999 0.1264625801361825
668.962 0.10812258013618226
669.2584999999999 0.10979258013618232
669.5554999999999 0.1297925801361821
669.851 0.13229258013618228
670.148 0.11562758013618235
670.4449999999999 0.13229258013618228
670.741 0.13145758013618214
671.0364999999999 0.12896258013618245
671.3330000000001 0.11312258013618215
671.63 0.0847925801361824
671.9259999999999 0.12645758013618247
672.2225 0.12062758013618224
672.518 0.11395758013618229
672.815 0.1181275801361823
673.111 0.11396258013618232
673.4075 0.09729258013618236
673.704 0.11729258013618238
673.999 0.11895758013618218
674.2955 0.11979258013618233
674.5920000000001 0.09895758013618239
674.888 0.08479258013618218
675.1845000000001 0.10979258013618232
675.48 0.09812258013618247
675.7760000000001 0.11062758013618224
676.072 0.10645758013618245
676.369 0.10979258013618232
676.665 0.10229258013618225
676.96 0.11396258013618232
677.2570000000001 0.11979258013618233
677.552 0.11562758013618213
677.8489999999999 0.11145758013618234
678.1445 0.10645758013618223
678.44 0.11145758013618234
678.7370000000001 0.11229258013618248
679.033 0.10229258013618225
679.328 0.11145758013618234
679.624 0.11645758013618246
679.921 0.08146258013618235
680.216 0.09395758013618227
680.512 0.12645758013618225
680.807 0.10979258013618232
681.1034999999999 0.10979258013618232
681.4000000000001 0.09895758013618217
681.694 0.10646258013618226
681.991 0.09479258013618241
682.2860000000001 0.10312758013618217
682.5830000000001 0.09062758013618244
682.8779999999999 0.09979258013618231
683.1735000000001 0.11062758013618224
683.47 0.10062758013618223
683.764 0.12479258013618244
684.0609999999999 0.1106225801361822
684.357 0.10145758013618233
684.652 0.10479258013618242
684.948 0.11479258013618221
685.2429999999999 0.11229258013618226
685.539 0.09979258013618231
685.835 0.08479258013618218
686.13 0.0989625801361822
686.426 0.09645758013618222
686.7215 0.10396258013618231
687.017 0.09729258013618236
687.3119999999999 0.10729258013618237
687.608 0.09729258013618236
687.9035 0.09229258013618247
688.05 0.09645758013618244
687.977 0.09458516027236462
688.275 0.08791516027236444
688.573 0.12125516027236437
688.869 0.09458516027236462
689.167 0.07791516027236421
689.466 0.09625516027236446
689.762 0.08791516027236444
690.06 0.09958516027236451
690.358 0.1095851602723643
690.654 0.09291516027236434
690.952 0.09125516027236456
691.25 0.1045851602723644
691.547 0.06291516027236453
691.845 0.08458516027236439
692.143 0.10791516027236446
692.439 0.09958516027236451
692.737 0.09625516027236446
693.033 0.11625516027236447
693.331 0.11958516027236453
693.629 0.0745851602723646
693.925 0.07791516027236421
694.223 0.11291516027236435
694.521 0.08791516027236444
694.817 0.09458516027236462
695.115 0.07625516027236444
695.413 0.07791516027236421
695.709 0.09291516027236434
696.007 0.08625516027236423
696.303 0.0745851602723646
696.601 0.08125516027236433
696.899 0.08958516027236428
697.195 0.11125516027236458
697.493 0.09291516027236434
697.789 0.08125516027236433
698.087 0.07291516027236432
698.385 0.08958516027236428
698.681 0.09958516027236451
698.978 0.09958516027236451
699.274 0.11791516027236425
699.572 0.11458516027236419
699.868 0.09958516027236451
700.166 0.0745851602723646
700.464 0.09625516027236446
700.759 0.09291516027236434
701.057 0.09958516027236451
701.353 0.08291516027236455
701.651 0.10125516027236435
701.947 0.09291516027236434
702.244 0.11458516027236419
702.542 0.08625516027236423
702.838 0.0795851602723645
703.136 0.09125516027236456
703.431 0.08458516027236439
703.729 0.09625516027236446
704.025 0.0745851602723646
704.323 0.11125516027236458
704.618 0.10291516027236457
704.916 0.10625516027236424
705.212 0.08791516027236444
705.509 0.05125516027236454
705.805 0.10291516027236457
706.103 0.07791516027236421
706.4 0.11458516027236419
706.696 0.10791516027236446
706.993 0.06458516027236437
707.289 0.0795851602723645
707.587 0.08458516027236439
707.882 0.061255160272364315
708.18 0.09958516027236451
708.475 0.09125516027236456
708.773 0.10291516027236457
709.068 0.08625516027236423
709.366 0.08458516027236439
709.661 0.0745851602723646
709.959 0.1045851602723644
710.255 0.09625516027236446
710.552 0.0795851602723645
710.847 0.07291516027236432
711.145 0.10791516027236446
711.44 0.11458516027236419
711.736 0.10625516027236424
712.033 0.09291516027236434
712.329 0.1045851602723644
712.626 0.09625516027236446
712.922 0.08125516027236433
713.219 0.07791516027236421
713.514 0.059585160272364476
713.812 0.10625516027236424
714.107 0.09625516027236446
714.405 0.08958516027236428
714.7 0.09791516027236423
714.997 0.08958516027236428
715.293 0.10791516027236446
715.588 0.10125516027236435
715.885 0.09958516027236451
716.181 0.06458516027236437
716.478 0.1045851602723644
716.773 0.10291516027236457
717.07 0.09625516027236446
717.366 0.07791516027236421
717.661 0.09125516027236456
717.958 0.08625516027236423
718.254 0.09458516027236462
718.551 0.1045851602723644
718.846 0.11791516027236425
719.141 0.12958516027236433
719.438 0.09958516027236451
719.734 0.1045851602723644
720.031 0.09291516027236434
720.326 0.12291516027236458
720.621 0.09958516027236451
720.918 0.1095851602723643
721.213 0.09125516027236456
721.511 0.09958516027236451
721.806 0.06791516027236442
722.101 0.11291516027236435
722.398 0.0745851602723646
722.693 0.06458516027236437
722.99 0.08958516027236428
723.285 0.07125516027236455
723.58 0.10125516027236435
723.877 0.1095851602723643
724.172 0.1095851602723643
724.467 0.0795851602723645
724.764 0.08791516027236444
725.06 0.10125516027236435
725.354 0.08458516027236439
725.651 0.0795851602723645
725.946 0.06791516027236442
726.243 0.09958516027236451
726.538 0.0745851602723646
726.833 0.09958516027236451
727.13 0.08958516027236428
727.425 0.06791516027236442
727.72 0.07291516027236432
728.017 0.07791516027236421
728.312 0.08791516027236444
728.607 0.09791516027236423
728.904 0.08625516027236423
729.199 0.08791516027236444
729.494 0.0745851602723646
729.789 0.07791516027236421
730.085 0.09791516027236423
730.38 0.0745851602723646
730.675 0.10125516027236435
730.972 0.07791516027236421
731.267 0.11958516027236453
731.562 0.10125516027236435
731.858 0.08625516027236423
732.153 0.09625516027236446
732.448 0.0795851602723645
732.743 0.08291516027236455
733.039 0.09625516027236446
733.334 0.06791516027236442
733.629 0.10291516027236457
733.926 0.09958516027236451
734.22 0.09791516027236423
734.515 0.08291516027236455
734.81 0.11125516027236458
735.107 0.09458516027236462
735.401 0.08791516027236444
735.696 0.10125516027236435
735.991 0.11625516027236447
736.287 0.08791516027236444
736.582 0.10125516027236435
736.876 0.08291516027236455
737.171 0.0745851602723646
737.468 0.09625516027236446
737.762 0.08791516027236444
738.057 0.08125516027236433
738.352 0.10291516027236457
738.648 0.0795851602723645
738.943 0.08791516027236444
739.237 0.09125516027236456
739.532 0.11625516027236447
739.828 0.09958516027236451
740.123 0.10625516027236424
740.417 0.09791516027236423
740.712 0.09125516027236456
741.006 0.08958516027236428
741.303 0.10291516027236457
741.597 0.05625516027236442
741.892 0.07291516027236432
742.186 0.07625516027236444
742.483 0.08291516027236455
742.777 0.11791516027236425
743.072 0.10291516027236457
743.366 0.08458516027236439
743.66 0.08791516027236444
743.955 0.09625516027236446
744.251 0.08791516027236444
744.546 0.09791516027236423
744.84 0.10291516027236457
745.134 0.09458516027236462
745.429 0.08791516027236444
745.725 0.09791516027236423
746.019 0.08958516027236428
746.314 0.08125516027236433
746.608 0.09791516027236423
746.902 0.08958516027236428
747.197 0.09625516027236446
747.493 0.09291516027236434
747.787 0.12125516027236437
748.082 0.09625516027236446
748.376 0.08791516027236444
748.67 0.09458516027236462
748.964 0.06958516027236426
749.259 0.09291516027236434
749.555 0.09625516027236446
749.849 0.09791516027236423
750.143 0.08791516027236444
750.437 0.10125516027236435
750.732 0.09958516027236451
751.026 0.1095851602723643
751.32 0.1095851602723643
751.614 0.09791516027236423
751.91 0.09625516027236446
752.204 0.07625516027236444
752.498 0.09458516027236462
752.793 0.08625516027236423
753.087 0.08625516027236423
753.381 0.10791516027236446
753.675 0.07125516027236455
753.969 0.0795851602723645
754.263 0.08458516027236439
754.559 0.09291516027236434
754.853 0.08125516027236433
755.147 0.09958516027236451
755.441 0.10791516027236446
755.735 0.09625516027236446
756.029 0.08458516027236439
756.323 0.0795851602723645
756.617 0.09458516027236462
756.911 0.10291516027236457
757.205 0.10291516027236457
757.499 0.09625516027236446
757.793 0.09791516027236423
758.087 0.09625516027236446
758.381 0.08291516027236455
758.677 0.12958516027236433
758.971 0.08291516027236455
759.265 0.09458516027236462
759.559 0.07125516027236455
759.853 0.11791516027236425
760.146 0.10125516027236435
760.44 0.10791516027236446
760.734 0.10291516027236457
761.028 0.08958516027236428
761.322 0.06958516027236426
761.616 0.09291516027236434
761.909 0.1095851602723643
762.203 0.09958516027236451
762.497 0.10791516027236446
762.791 0.09791516027236423
763.085 0.06791516027236442
763.378 0.07125516027236455
763.672 0.10625516027236424
763.966 0.08458516027236439
764.26 0.09791516027236423
764.553 0.09958516027236451
764.847 0.09291516027236434
765.141 0.09458516027236462
765.435 0.09458516027236462
765.728 0.09958516027236451
766.022 0.08625516027236423
766.316 0.1045851602723644
766.609 0.12125516027236437
766.903 0.08625516027236423
767.197 0.08458516027236439
767.49 0.09791516027236423
767.784 0.09625516027236446
768.078 0.1045851602723644
768.371 0.09958516027236451
768.665 0.12125516027236437
768.958 0.09458516027236462
769.252 0.1045851602723644
769.546 0.08958516027236428
769.839 0.1095851602723643
770.133 0.09458516027236462
770.426 0.09958516027236451
770.72 0.05625516027236442
771.013 0.09291516027236434
771.305 0.08458516027236439
771.598 0.1095851602723643
771.892 0.09458516027236462
772.185 0.09458516027236462
772.479 0.10625516027236424
772.772 0.07625516027236444
773.066 0.11458516027236419
773.359 0.09291516027236434
773.653 0.10791516027236446
773.946 0.10791516027236446
774.239 0.09458516027236462
774.533 0.08291516027236455
774.826 0.08291516027236455
775.12 0.1095851602723643
775.411 0.0795851602723645
775.704 0.0745851602723646
775.998 0.0745851602723646
776.291 0.09791516027236423
776.584 0.0745851602723646
776.878 0.05458516027236458
777.171 0.1095851602723643
777.464 0.08958516027236428
777.758 0.08291516027236455
778.049 0.07125516027236455
778.342 0.09125516027236456
778.636 0.09791516027236423
778.929 0.09458516027236462
779.222 0.09625516027236446
779.515 0.08625516027236423
779.809 0.12291516027236458
780.102 0.06791516027236442
780.393 0.11458516027236419
780.686 0.09958516027236451
780.979 0.07791516027236421
781.273 0.11291516027236435
781.566 0.07125516027236455
781.859 0.09791516027236423
782.152 0.09958516027236451
782.443 0.07291516027236432
782.737 0.10125516027236435
783.03 0.10791516027236446
783.323 0.10791516027236446
783.616 0.08458516027236439
783.909 0.10625516027236424
784.2 0.09291516027236434
784.493 0.1462551602723643
784.786 0.11958516027236453
785.079 0.09958516027236451
785.372 0.07125516027236455
785.664 0.0745851602723646
785.957 0.09291516027236434
786.25 0.09291516027236434
786.543 0.11291516027236435
786.836 0.05125516027236454
787.127 0.10125516027236435
787.42 0.09958516027236451
787.713 0.09791516027236423
788.006 0.1045851602723644
788.299 0.1095851602723643
788.59 0.11625516027236447
788.882 0.09625516027236446
789.175 0.10125516027236435
789.468 0.10291516027236457
789.761 0.10791516027236446
790.052 0.08291516027236455
790.345 0.09291516027236434
790.638 0.08791516027236444
790.931 0.10291516027236457
791.222 0.06625516027236421
791.515 0.10625516027236424
791.807 0.09458516027236462
792.1 0.08125516027236433
792.391 0.07291516027236432
792.684 0.1095851602723643
792.977 0.09791516027236423
793.27 0.08458516027236439
793.56 0.0795851602723645
793.853 0.1045851602723644
794.146 0.07291516027236432
794.439 0.0795851602723645
794.729 0.0795851602723645
795.022 0.11291516027236435
795.315 0.11625516027236447
795.606 0.08125516027236433
795.898 0.11291516027236435
796.191 0.10625516027236424
796.484 0.11625516027236447
796.775 0.10791516027236446
797.067 0.10625516027236424
797.36 0.09791516027236423
797.651 0.10125516027236435
797.943 0.08125516027236433
798.236 0.10125516027236435
798.528 0.10291516027236457
798.819 0.09291516027236434
799.112 0.09458516027236462
799.404 0.08125516027236433
799.695 0.07791516027236421
799.987 0.10625516027236424
800.28 0.10291516027236457
800.571 0.07125516027236455
800.863 0.09125516027236456
801.156 0.11458516027236419
801.446 0.07291516027236432
801.739 0.10125516027236435
802.031 0.10291516027236457
802.322 0.08791516027236444
802.614 0.08791516027236444
802.907 0.11291516027236435
803.197 0.0795851602723645
803.49 0.09458516027236462
803.782 0.10791516027236446
804.073 0.09291516027236434
804.365 0.12458516027236442
804.658 0.10291516027236457
804.948 0.10625516027236424
805.241 0.09791516027236423
805.531 0.08125516027236433
805.823 0.06625516027236421
806.116 0.1045851602723644
806.406 0.10625516027236424
806.698 0.10791516027236446
806.991 0.08791516027236444
807.281 0.10625516027236424
807.574 0.10125516027236435
807.864 0.08625516027236423
808.156 0.08625516027236423
808.449 0.10625516027236424
808.739 0.08958516027236428
809.031 0.09958516027236451
809.321 0.09791516027236423
809.614 0.09958516027236451
809.906 0.09791516027236423
810.196 0.09791516027236423
810.489 0.09125516027236456
810.779 0.09791516027236423
811.071 0.10125516027236435
811.363 0.11625516027236447
811.653 0.11791516027236425
811.946 0.10125516027236435
812.236 0.1045851602723644
812.528 0.08958516027236428
812.818 0.09791516027236423
813.11 0.1045851602723644
813.401 0.09625516027236446
813.693 0.08125516027236433
813.985 0.09958516027236451
814.275 0.09791516027236423
814.567 0.09458516027236462
814.857 0.08125516027236433
815.149 0.11791516027236425
815.439 0.11791516027236425
815.731 0.09125516027236456
816.022 0.09625516027236446
816.314 0.09125516027236456
816.604 0.07791516027236421
816.896 0.08625516027236423
817.188 0.0795851602723645
817.478 0.11458516027236419
817.77 0.11458516027236419
818.06 0.09791516027236423
818.352 0.1279151602723645
818.642 0.1279151602723645
818.934 0.11625516027236447
819.224 0.1095851602723643
819.516 0.10291516027236457
819.806 0.09791516027236423
820.098 0.10625516027236424
820.388 0.1045851602723644
820.679 0.11291516027236435
820.969 0.08125516027236433
821.261 0.08125516027236433
821.551 0.10791516027236446
821.843 0.08958516027236428
822.133 0.09458516027236462
822.423 0.11291516027236435
822.715 0.09458516027236462
823.005 0.11291516027236435
823.296 0.1095851602723643
823.586 0.11458516027236419
823.878 0.12458516027236442
824.168 0.11458516027236419
824.46 0.11625516027236447
824.749 0.10625516027236424
825.041 0.09958516027236451
825.331 0.09125516027236456
825.623 0.11125516027236458
825.912 0.10291516027236457
826.202 0.12291516027236458
826.494 0.11625516027236447
826.784 0.11291516027236435
827.075 0.10125516027236435
827.365 0.10791516027236446
827.657 0.11791516027236425
827.947 0.10125516027236435
828.236 0.1045851602723644
828.528 0.11291516027236435
828.818 0.12291516027236458
829.109 0.11625516027236447
829.399 0.06625516027236421
829.69 0.11125516027236458
829.98 0.11458516027236419
830.27 0.11291516027236435
830.561 0.09625516027236446
830.851 0.1312551602723646
831.143 0.08791516027236444
831.432 0.10125516027236435
831.722 0.09458516027236462
832.013 0.09791516027236423
832.303 0.09791516027236423
832.592 0.1045851602723644
832.884 0.11958516027236453
833.173 0.09625516027236446
833.465 0.0795851602723645
833.754 0.11458516027236419
834.044 0.09458516027236462
834.335 0.11791516027236425
834.625 0.07791516027236421
834.914 0.14291516027236462
835.206 0.09291516027236434
835.495 0.11625516027236447
835.785 0.09458516027236462
836.076 0.12958516027236433
836.366 0.08625516027236423
836.657 0.1095851602723643
836.946 0.12958516027236433
837.236 0.12291516027236458
837.527 0.10625516027236424
837.817 0.10291516027236457
838.106 0.10125516027236435
838.397 0.11625516027236447
838.687 0.11958516027236453
838.976 0.09958516027236451
839.265 0.11791516027236425
839.557 0.11958516027236453
839.846 0.12291516027236458
840.135 0.09791516027236423
840.426 0.13291516027236439
840.716 0.11458516027236419
841.005 0.12458516027236442
841.296 0.09291516027236434
841.586 0.12125516027236437
841.875 0.1045851602723644
842.166 0.12291516027236458
842.455 0.11458516027236419
842.744 0.09458516027236462
843.034 0.11125516027236458
843.325 0.08291516027236455
843.614 0.1412551602723644
843.903 0.13291516027236439
844.194 0.09958516027236451
844.484 0.12458516027236442
844.773 0.11125516027236458
845.062 0.08291516027236455
845.353 0.10625516027236424
845.642 0.13958516027236456
845.931 0.09791516027236423
846.22 0.09125516027236456
846.511 0.12125516027236437
846.801 0.11458516027236419
847.09 0.09791516027236423
847.379 0.1045851602723644
847.67 0.11625516027236447
847.959 0.10125516027236435
848.248 0.13958516027236456
848.537 0.12125516027236437
848.828 0.12458516027236442
849.117 0.12958516027236433
849.406 0.12125516027236437
849.695 0.09625516027236446
849.984 0.09791516027236423
850.275 0.1362551602723645
850.564 0.12458516027236442
850.853 0.11458516027236419
851.142 0.11291516027236435
851.431 0.1362551602723645
851.722 0.11125516027236458
852.011 0.11291516027236435
852.299 0.12458516027236442
852.588 0.12625516027236428
852.877 0.13291516027236439
853.168 0.11625516027236447
853.457 0.1279151602723645
853.746 0.09625516027236446
854.035 0.11291516027236435
854.324 0.08625516027236423
854.614 0.09125516027236456
854.903 0.10291516027236457
855.192 0.10291516027236457
855.481 0.11291516027236435
855.77 0.10625516027236424
856.058 0.12958516027236433
856.349 0.1095851602723643
856.638 0.11958516027236453
856.927 0.1279151602723645
857.216 0.11458516027236419
857.504 0.11625516027236447
857.793 0.11791516027236425
858.082 0.10291516027236457
858.372 0.11958516027236453
858.661 0.09625516027236446
858.95 0.1312551602723646
859.239 0.11291516027236435
859.527 0.10125516027236435
859.816 0.10291516027236457
860.105 0.12625516027236428
860.395 0.11291516027236435
860.684 0.10791516027236446
860.973 0.13791516027236428
861.261 0.11625516027236447
861.55 0.13291516027236439
861.838 0.17625516027236454
862.127 0.12958516027236433
862.416 0.15625516027236452
862.704 0.1312551602723646
862.993 0.13458516027236422
863.283 0.09458516027236462
863.572 0.09791516027236423
863.86 0.12958516027236433
864.149 0.11791516027236425
864.437 0.11125516027236458
864.726 0.1095851602723643
865.014 0.10791516027236446
865.303 0.12458516027236442
865.591 0.12291516027236458
865.88 0.11458516027236419
866.168 0.09125516027236456
866.457 0.10625516027236424
866.747 0.12291516027236458
867.036 0.11458516027236419
867.324 0.10625516027236424
867.613 0.10625516027236424
867.901 0.10125516027236435
868.189 0.08458516027236439
868.478 0.1412551602723644
868.766 0.11458516027236419
869.055 0.1412551602723644
869.343 0.11958516027236453
869.631 0.13291516027236439
869.92 0.13791516027236428
870.208 0.1312551602723646
870.496 0.11458516027236419
870.785 0.11958516027236453
871.073 0.1362551602723645
871.361 0.1095851602723643
871.65 0.11625516027236447
871.938 0.1462551602723643
872.226 0.12291516027236458
872.514 0.1312551602723646
872.803 0.12125516027236437
873.091 0.14958516027236435
873.379 0.10291516027236457
873.667 0.13291516027236439
873.956 0.11958516027236453
874.244 0.11958516027236453
874.532 0.13291516027236439
874.82 0.13791516027236428
875.108 0.1479151602723645
875.397 0.11291516027236435
875.685 0.1095851602723643
875.973 0.11791516027236425
876.261 0.1312551602723646
876.549 0.10625516027236424
876.837 0.11291516027236435
877.125 0.12625516027236428
877.414 0.11625516027236447
877.702 0.12125516027236437
877.99 0.10791516027236446
878.278 0.14291516027236462
878.566 0.11291516027236435
878.854 0.12125516027236437
879.142 0.11125516027236458
879.43 0.11625516027236447
879.718 0.11958516027236453
880.004 0.11625516027236447
880.292 0.12458516027236442
880.58 0.11291516027236435
880.868 0.13291516027236439
881.156 0.1279151602723645
881.444 0.11791516027236425
881.732 0.14458516027236445
882.02 0.1279151602723645
882.308 0.11458516027236419
882.596 0.11458516027236419
882.884 0.14458516027236445
883.172 0.12291516027236458
883.458 0.09958516027236451
883.746 0.13291516027236439
884.034 0.12125516027236437
884.322 0.12458516027236442
884.609 0.11625516027236447
884.897 0.1095851602723643
885.185 0.12125516027236437
885.473 0.1279151602723645
885.761 0.1362551602723645
886.049 0.11958516027236453
886.335 0.12958516027236433
886.622 0.12958516027236433
886.91 0.12458516027236442
887.198 0.13291516027236439
887.486 0.13958516027236456
887.774 0.10625516027236424
888.061 0.11958516027236453
888.347 0.11791516027236425
888.635 0.12958516027236433
888.923 0.13791516027236428
889.21 0.09958516027236451
889.498 0.11291516027236435
889.786 0.1279151602723645
890.073 0.13291516027236439
890.359 0.08791516027236444
890.647 0.12625516027236428
890.935 0.12625516027236428
891.222 0.13958516027236456
891.51 0.1479151602723645
891.798 0.1312551602723646
892.083 0.1312551602723646
892.371 0.12125516027236437
892.659 0.12625516027236428
892.946 0.1462551602723643
893.234 0.12958516027236433
893.519 0.1279151602723645
893.807 0.14958516027236435
894.094 0.0795851602723645
894.382 0.12625516027236428
894.67 0.13791516027236428
894.955 0.11791516027236425
895.243 0.1095851602723643
895.53 0.13291516027236439
895.818 0.13958516027236456
896.105 0.13958516027236456
896.391 0.15458516027236424
896.678 0.1095851602723643
896.966 0.1362551602723645
897.253 0.12291516027236458
897.539 0.13791516027236428
897.826 0.13458516027236422
898.114 0.1412551602723644
898.401 0.12625516027236428
898.689 0.10791516027236446
898.974 0.13958516027236456
899.261 0.1362551602723645
899.549 0.11791516027236425
899.836 0.12125516027236437
900.122 0.1479151602723645
900.409 0.14291516027236462
900.696 0.11291516027236435
900.982 0.10125516027236435
901.269 0.1462551602723643
901.556 0.13458516027236422
901.844 0.14958516027236435
902.129 0.13458516027236422
902.417 0.12125516027236437
902.704 0.13458516027236422
902.991 0.1279151602723645
903.276 0.1279151602723645
903.564 0.13791516027236428
903.851 0.11125516027236458
904.136 0.1412551602723644
904.423 0.12291516027236458
904.711 0.1412551602723644
904.998 0.14458516027236445
905.283 0.1312551602723646
905.57 0.11291516027236435
905.858 0.15625516027236452
906.143 0.12958516027236433
906.43 0.13458516027236422
906.717 0.14958516027236435
907.002 0.11791516027236425
907.29 0.1479151602723645
907.577 0.11458516027236419
907.862 0.11958516027236453
908.149 0.1279151602723645
908.436 0.1312551602723646
908.721 0.11958516027236453
909.008 0.12291516027236458
909.295 0.12958516027236433
909.581 0.13958516027236456
909.868 0.1479151602723645
910.155 0.13791516027236428
910.44 0.1529151602723644
910.727 0.11458516027236419
911.014 0.12291516027236458
911.299 0.1479151602723645
911.586 0.12458516027236442
911.871 0.12125516027236437
912.158 0.12625516027236428
912.445 0.12625516027236428
912.73 0.12958516027236433
913.017 0.1312551602723646
913.304 0.12125516027236437
913.589 0.1462551602723643
913.876 0.1279151602723645
914.161 0.11791516027236425
914.448 0.1279151602723645
914.735 0.12625516027236428
915.02 0.1312551602723646
915.307 0.11125516027236458
915.591 0.1462551602723643
915.878 0.1479151602723645
916.165 0.1279151602723645
916.45 0.14958516027236435
916.737 0.1362551602723645
917.022 0.1412551602723644
917.309 0.12125516027236437
917.595 0.12458516027236442
917.88 0.1045851602723644
918.167 0.15125516027236463
918.452 0.12625516027236428
918.739 0.11625516027236447
919.024 0.1479151602723645
919.31 0.09625516027236446
919.597 0.13291516027236439
919.882 0.1412551602723644
920.169 0.12458516027236442
920.453 0.11291516027236435
920.74 0.13958516027236456
921.025 0.14458516027236445
921.312 0.13791516027236428
921.596 0.1479151602723645
921.883 0.13458516027236422
922.168 0.1279151602723645
922.454 0.1279151602723645
922.741 0.12625516027236428
923.026 0.11791516027236425
923.312 0.12625516027236428
923.597 0.1279151602723645
923.884 0.14958516027236435
924.168 0.14291516027236462
924.455 0.13458516027236422
924.74 0.1412551602723644
925.026 0.1479151602723645
925.311 0.14291516027236462
925.597 0.1662551602723643
925.882 0.1479151602723645
926.169 0.12458516027236442
926.453 0.17458516027236426
926.74 0.11791516027236425
927.024 0.13791516027236428
927.311 0.12458516027236442
927.595 0.12958516027236433
927.882 0.12625516027236428
928.166 0.13791516027236428
928.453 0.19125516027236422
928.737 0.1412551602723644
929.022 0.1462551602723643
929.308 0.13791516027236428
929.593 0.16291516027236463
929.879 0.1362551602723645
930.164 0.13291516027236439
930.45 0.1479151602723645
930.734 0.1412551602723644
931.021 0.15125516027236463
931.305 0.13791516027236428
931.592 0.1412551602723644
931.876 0.13291516027236439
932.16 0.15125516027236463
932.447 0.1412551602723644
932.731 0.13291516027236439
933.018 0.15125516027236463
933.302 0.11291516027236435
933.588 0.14958516027236435
933.873 0.13458516027236422
934.157 0.11958516027236453
934.443 0.11458516027236419
934.727 0.13291516027236439
935.014 0.14291516027236462
935.298 0.13291516027236439
935.582 0.16125516027236442
935.869 0.12291516027236458
936.153 0.16125516027236442
936.439 0.1462551602723643
936.723 0.1462551602723643
937.008 0.12625516027236428
937.294 0.14291516027236462
937.578 0.1412551602723644
937.864 0.1362551602723645
938.148 0.13458516027236422
938.433 0.1412551602723644
938.719 0.11458516027236419
939.003 0.12958516027236433
939.287 0.15958516027236458
939.573 0.15458516027236424
939.857 0.14458516027236445
940.143 0.16125516027236442
940.428 0.13791516027236428
940.712 0.16458516027236447
940.998 0.1479151602723645
941.282 0.1579151602723643
941.566 0.1479151602723645
941.852 0.1462551602723643
942.136 0.16125516027236442
942.42 0.1412551602723644
942.706 0.13958516027236456
942.99 0.1412551602723644
943.274 0.16125516027236442
943.56 0.10625516027236424
943.844 0.13958516027236456
944.128 0.1529151602723644
944.414 0.15625516027236452
944.698 0.15125516027236463
944.982 0.1412551602723644
945.268 0.12625516027236428
945.552 0.1579151602723643
945.836 0.1479151602723645
946.12 0.15625516027236452
946.406 0.13791516027236428
946.69 0.16791516027236453
946.974 0.15125516027236463
947.26 0.14958516027236435
947.544 0.1529151602723644
947.828 0.16291516027236463
948.114 0.1412551602723644
948.397 0.15958516027236458
948.681 0.15125516027236463
948.965 0.16791516027236453
949.251 0.15458516027236424
949.535 0.14291516027236462
949.819 0.1845851602723645
950.103 0.1479151602723645
950.388 0.16458516027236447
950.672 0.16791516027236453
950.956 0.1412551602723644
951.24 0.17291516027236442
951.525 0.1579151602723643
951.809 0.1529151602723644
952.093 0.1412551602723644
952.377 0.15625516027236452
952.662 0.14458516027236445
952.946 0.14291516027236462
953.23 0.16291516027236463
953.514 0.1362551602723645
953.799 0.16458516027236447
954.083 0.12625516027236428
954.367 0.1479151602723645
954.65 0.15958516027236458
954.934 0.15125516027236463
955.22 0.15958516027236458
955.503 0.1662551602723643
955.787 0.16458516027236447
956.071 0.18125516027236444
956.356 0.16458516027236447
956.64 0.1829151602723642
956.924 0.1479151602723645
957.207 0.14458516027236445
957.491 0.15625516027236452
957.774 0.15458516027236424
958.06 0.16125516027236442
958.343 0.1362551602723645
958.627 0.13291516027236439
958.911 0.17625516027236454
959.194 0.16291516027236463
959.48 0.14458516027236445
959.763 0.16958516027236437
960.047 0.1312551602723646
960.33 0.17791516027236431
960.614 0.1529151602723644
960.897 0.17291516027236442
961.182 0.15625516027236452
961.466 0.16791516027236453
961.749 0.1662551602723643
962.033 0.18791516027236455
962.316 0.17458516027236426
962.6 0.1579151602723643
962.883 0.1362551602723645
963.169 0.18125516027236444
963.452 0.15958516027236458
963.735 0.15958516027236458
964.019 0.16291516027236463
964.302 0.14958516027236435
964.586 0.15958516027236458
964.869 0.15625516027236452
965.152 0.15958516027236458
965.438 0.15625516027236452
965.721 0.15625516027236452
966.004 0.1712551602723642
966.288 0.16958516027236437
966.571 0.16958516027236437
966.854 0.16291516027236463
967.137 0.1529151602723644
967.421 0.1662551602723643
967.704 0.18625516027236433
967.987 0.17291516027236442
968.272 0.1579151602723643
968.556 0.14458516027236445
968.839 0.13958516027236456
969.122 0.15125516027236463
969.405 0.19291516027236444
969.689 0.14291516027236462
969.972 0.16291516027236463
970.255 0.15625516027236452
970.538 0.16458516027236447
970.821 0.1662551602723643
971.105 0.15625516027236452
971.388 0.16458516027236447
971.671 0.1662551602723643
971.954 0.1579151602723643
972.237 0.15958516027236458
972.52 0.15958516027236458
972.805 0.15958516027236458
973.088 0.1462551602723643
973.371 0.1662551602723643
973.655 0.16791516027236453
973.938 0.17291516027236442
974.221 0.17625516027236454
974.504 0.1529151602723644
974.787 0.1279151602723645
975.07 0.17791516027236431
975.353 0.1662551602723643
975.636 0.15625516027236452
975.919 0.15458516027236424
976.202 0.1829151602723642
976.485 0.1712551602723642
976.768 0.15958516027236458
977.051 0.14958516027236435
977.334 0.18958516027236438
977.617 0.15125516027236463
977.9 0.17625516027236454
978.183 0.17458516027236426
978.466 0.17458516027236426
978.749 0.1479151602723645
979.031 0.17291516027236442
979.314 0.1662551602723643
979.597 0.17458516027236426
979.88 0.15625516027236452
980.163 0.15958516027236458
980.446 0.17291516027236442
980.729 0.1529151602723644
981.01 0.16125516027236442
981.293 0.16125516027236442
981.575 0.16291516027236463
981.858 0.15458516027236424
982.141 0.1579151602723643
982.424 0.19458516027236428
982.707 0.17791516027236431
982.989 0.18958516027236438
983.272 0.18958516027236438
983.555 0.1829151602723642
983.838 0.17458516027236426
984.12 0.1712551602723642
984.403 0.16291516027236463
984.686 0.15458516027236424
984.969 0.1412551602723644
985.251 0.1579151602723643
985.532 0.19791516027236433
985.815 0.15625516027236452
986.098 0.16958516027236437
986.38 0.1662551602723643
986.663 0.20291516027236423
986.946 0.19291516027236444
987.228 0.1412551602723644
987.511 0.16291516027236463
987.794 0.15458516027236424
988.076 0.17291516027236442
988.357 0.15625516027236452
988.639 0.16458516027236447
988.922 0.15958516027236458
989.205 0.16791516027236453
989.487 0.17791516027236431
989.77 0.16958516027236437
990.052 0.19458516027236428
990.335 0.16958516027236437
990.616 0.18958516027236438
990.898 0.1362551602723645
991.181 0.17291516027236442
991.463 0.16791516027236453
991.746 0.16458516027236447
992.028 0.15458516027236424
992.311 0.16791516027236453
992.591 0.1662551602723643
992.874 0.17625516027236454
993.156 0.16958516027236437
993.439 0.1845851602723645
993.721 0.1712551602723642
994.003 0.16125516027236442
994.284 0.1662551602723643
994.566 0.16291516027236463
994.849 0.19791516027236433
995.131 0.17625516027236454
995.414 0.17625516027236454
995.696 0.19791516027236433
995.976 0.19458516027236428
996.259 0.17625516027236454
996.541 0.17791516027236431
996.823 0.16791516027236453
997.106 0.17291516027236442
997.386 0.18125516027236444
997.669 0.1845851602723645
997.951 0.17625516027236454
998.233 0.1795851602723646
998.516 0.1829151602723642
998.796 0.17791516027236431
999.078 0.17458516027236426
999.36 0.18958516027236438
999.643 0.14291516027236462
999.923 0.15958516027236458
1000.21 0.18625516027236433
1000.49 0.17458516027236426
1000.77 0.17791516027236431
1001.05 0.14458516027236445
1001.33 0.18791516027236455
1001.61 0.16791516027236453
1001.9 0.16458516027236447
1002.18 0.1579151602723643
1002.46 0.1795851602723646
1002.74 0.17458516027236426
1003.02 0.18625516027236433
1003.3 0.1662551602723643
1003.59 0.18791516027236455
1003.87 0.18958516027236438
1004.15 0.1829151602723642
1004.43 0.1712551602723642
1004.71 0.15625516027236452
1004.99 0.17625516027236454
1005.28 0.19458516027236428
1005.56 0.17625516027236454
1005.84 0.19125516027236422
1006.12 0.17291516027236442
1006.4 0.17291516027236442
1006.68 0.18625516027236433
1006.96 0.1845851602723645
1007.24 0.19791516027236433
1007.53 0.1845851602723645
1007.81 0.15625516027236452
1008.09 0.1829151602723642
1008.37 0.1712551602723642
1008.65 0.1712551602723642
1008.93 0.1479151602723645
1009.21 0.17458516027236426
1009.5 0.18125516027236444
1009.78 0.1662551602723643
1010.06 0.19458516027236428
1010.34 0.16791516027236453
1010.62 0.19458516027236428
1010.9 0.15958516027236458
1011.18 0.17791516027236431
1011.47 0.19291516027236444
1011.75 0.16791516027236453
1012.03 0.15625516027236452
1012.31 0.19791516027236433
1012.59 0.18958516027236438
1012.87 0.17291516027236442
1013.15 0.1712551602723642
1013.43 0.1662551602723643
1013.72 0.19125516027236422
1014.0 0.17291516027236442
1014.28 0.1829151602723642
1014.56 0.18125516027236444
1014.84 0.19958516027236461
1015.12 0.17291516027236442
1015.4 0.19125516027236422
1015.68 0.16791516027236453
1015.96 0.17458516027236426
1016.24 0.17791516027236431
1016.53 0.18125516027236444
1016.81 0.18791516027236455
1017.09 0.19291516027236444
1017.37 0.20625516027236435
1017.65 0.20625516027236435
1017.93 0.18791516027236455
1018.21 0.1795851602723646
1018.49 0.16125516027236442
1018.77 0.19125516027236422
1019.05 0.1845851602723645
1019.33 0.19625516027236456
1019.61 0.18958516027236438
1019.9 0.17291516027236442
1020.18 0.1829151602723642
1020.46 0.18125516027236444
1020.74 0.1829151602723642
1021.02 0.18791516027236455
1021.3 0.1579151602723643
1021.58 0.18958516027236438
1021.86 0.18125516027236444
1022.14 0.1662551602723643
1022.42 0.2045851602723645
1022.7 0.16791516027236453
1022.98 0.17791516027236431
1023.26 0.2095851602723644
1023.54 0.1845851602723645
1023.83 0.18125516027236444
1024.11 0.20791516027236456
1024.39 0.1795851602723646
1024.67 0.2095851602723644
1024.95 0.19125516027236422
1025.23 0.1845851602723645
1025.51 0.1712551602723642
1025.79 0.19958516027236461
1026.07 0.20625516027236435
1026.35 0.18625516027236433
1026.63 0.18625516027236433
1026.91 0.18791516027236455
1027.19 0.1829151602723642
1027.47 0.18625516027236433
1027.75 0.21125516027236424
1028.03 0.18625516027236433
1028.31 0.19291516027236444
1028.59 0.2095851602723644
1028.87 0.2045851602723645
1029.15 0.19625516027236456
1029.43 0.1845851602723645
1029.71 0.18125516027236444
1030.0 0.15625516027236452
1030.27 0.17791516027236431
1030.56 0.18958516027236438
1030.84 0.1795851602723646
1031.12 0.20291516027236423
1031.4 0.21125516027236424
1031.68 0.19958516027236461
1031.96 0.2045851602723645
1032.24 0.16791516027236453
1032.52 0.22625516027236436
1032.8 0.18958516027236438
1033.08 0.1795851602723646
1033.36 0.18958516027236438
1033.64 0.18791516027236455
1033.92 0.19625516027236456
1034.2 0.19291516027236444
1034.48 0.19625516027236456
1034.76 0.1829151602723642
1035.04 0.21125516027236424
1035.32 0.19625516027236456
1035.6 0.1795851602723646
1035.88 0.18125516027236444
1036.16 0.22791516027236458
1036.44 0.19125516027236422
1036.72 0.1712551602723642
1037.0 0.19125516027236422
1037.28 0.19458516027236428
1037.56 0.17625516027236454
1037.84 0.20791516027236456
1038.12 0.18625516027236433
1038.4 0.16958516027236437
1038.68 0.17625516027236454
1038.96 0.21958516027236463
1039.24 0.1579151602723643
1039.52 0.20125516027236445
1039.79 0.1829151602723642
1040.08 0.19291516027236444
1040.35 0.1712551602723642
1040.64 0.21791516027236435
1040.91 0.18625516027236433
1041.19 0.18125516027236444
1041.47 0.19791516027236433
1041.75 0.19291516027236444
1042.03 0.18791516027236455
1042.31 0.19791516027236433
1042.59 0.1829151602723642
1042.87 0.16458516027236447
1043.15 0.20291516027236423
1043.43 0.22791516027236458
1043.71 0.18958516027236438
1043.99 0.17791516027236431
1044.27 0.19125516027236422
1044.55 0.19125516027236422
1044.83 0.19291516027236444
1045.11 0.20125516027236445
1045.39 0.19625516027236456
1045.67 0.20291516027236423
1045.95 0.19125516027236422
1046.23 0.21958516027236463
1046.51 0.18791516027236455
1046.79 0.18958516027236438
1047.06 0.2095851602723644
1047.34 0.2095851602723644
1047.62 0.20125516027236445
1047.9 0.18125516027236444
1048.18 0.2045851602723645
1048.46 0.20125516027236445
1048.74 0.21625516027236458
1049.02 0.20125516027236445
1049.3 0.21125516027236424
1049.58 0.18125516027236444
1049.86 0.20625516027236435
1050.14 0.18958516027236438
1050.42 0.20125516027236445
1050.7 0.18958516027236438
1050.97 0.18125516027236444
1051.25 0.1845851602723645
1051.53 0.19458516027236428
1051.81 0.2095851602723644
1052.09 0.18125516027236444
1052.37 0.16958516027236437
1052.65 0.19625516027236456
1052.93 0.20625516027236435
1053.21 0.19458516027236428
1053.49 0.2045851602723645
1053.77 0.20291516027236423
1054.05 0.1829151602723642
1054.32 0.18625516027236433
1054.6 0.18958516027236438
1054.88 0.17458516027236426
1055.16 0.16291516027236463
1055.44 0.19958516027236461
1055.72 0.2045851602723645
1056.0 0.18625516027236433
1056.28 0.2095851602723644
1056.56 0.18125516027236444
1056.84 0.2045851602723645
1057.11 0.16958516027236437
1057.39 0.20125516027236445
1057.67 0.16458516027236447
1057.95 0.21291516027236446
1058.23 0.19958516027236461
1058.51 0.2095851602723644
1058.79 0.18958516027236438
1059.07 0.2095851602723644
1059.34 0.20125516027236445
1059.62 0.20125516027236445
1059.9 0.19291516027236444
1060.18 0.19791516027236433
1060.46 0.2145851602723643
1060.74 0.19958516027236461
1061.02 0.23791516027236437
1061.3 0.2045851602723645
1061.57 0.17791516027236431
1061.85 0.22458516027236453
1062.13 0.20125516027236445
1062.41 0.21958516027236463
1062.69 0.19458516027236428
1062.97 0.20125516027236445
1063.25 0.19458516027236428
1063.53 0.20791516027236456
1063.8 0.2045851602723645
1064.08 0.16958516027236437
1064.36 0.16458516027236447
1064.64 0.20791516027236456
1064.92 0.21291516027236446
1065.2 0.19625516027236456
1065.47 0.2345851602723643
1065.75 0.18958516027236438
1066.03 0.2045851602723645
1066.31 0.2045851602723645
1066.59 0.19291516027236444
1066.87 0.1829151602723642
1067.14 0.21125516027236424
1067.42 0.19458516027236428
1067.7 0.21291516027236446
1067.98 0.21291516027236446
1068.26 0.19791516027236433
1068.54 0.19958516027236461
1068.82 0.18791516027236455
1069.09 0.1795851602723646
1069.37 0.1845851602723645
1069.65 0.20291516027236423
1069.93 0.20791516027236456
1070.21 0.1845851602723645
1070.48 0.19458516027236428
1070.76 0.2395851602723642
1071.04 0.19291516027236444
1071.32 0.19958516027236461
1071.6 0.19625516027236456
1071.87 0.21625516027236458
1072.15 0.20625516027236435
1072.43 0.19458516027236428
1072.71 0.22958516027236442
1072.99 0.19625516027236456
1073.26 0.2145851602723643
1073.54 0.2345851602723643
1073.82 0.20291516027236423
1074.1 0.18625516027236433
1074.38 0.19625516027236456
1074.65 0.22125516027236447
1074.93 0.22125516027236447
1075.21 0.17791516027236431
1075.49 0.19791516027236433
1075.77 0.1795851602723646
1076.05 0.22791516027236458
1076.32 0.19458516027236428
1076.6 0.21291516027236446
1076.88 0.22791516027236458
1077.16 0.18791516027236455
1077.43 0.2145851602723643
1077.71 0.17625516027236454
1077.99 0.20125516027236445
1078.27 0.21291516027236446
1078.55 0.19791516027236433
1078.82 0.20791516027236456
1079.1 0.19125516027236422
1079.38 0.21291516027236446
1079.66 0.19125516027236422
1079.93 0.2095851602723644
1080.21 0.19291516027236444
1080.49 0.22125516027236447
1080.77 0.20791516027236456
1081.05 0.21791516027236435
1081.32 0.21958516027236463
1081.6 0.19125516027236422
1081.88 0.2562551602723646
1082.16 0.19458516027236428
1082.43 0.22458516027236453
1082.71 0.21625516027236458
1082.99 0.20791516027236456
1083.27 0.20125516027236445
1083.54 0.2145851602723643
1083.82 0.19125516027236422
1084.1 0.22958516027236442
1084.38 0.20625516027236435
1084.65 0.2145851602723643
1084.93 0.19625516027236456
1085.21 0.20291516027236423
1085.49 0.21125516027236424
1085.76 0.18791516027236455
1086.04 0.20625516027236435
1086.32 0.18958516027236438
1086.6 0.2145851602723643
1086.87 0.20125516027236445
1087.15 0.21791516027236435
1087.43 0.18125516027236444
1087.71 0.21625516027236458
1087.98 0.2145851602723643
1088.26 0.19958516027236461
1088.54 0.20125516027236445
1088.81 0.1829151602723642
1089.09 0.2045851602723645
1089.37 0.19791516027236433
1089.65 0.21291516027236446
1089.92 0.17291516027236442
1090.2 0.18125516027236444
1090.48 0.2045851602723645
1090.75 0.21958516027236463
1091.03 0.21791516027236435
