# Created: 2019-11-28 11:43:39.176069
# rshift intensity
55.3072 0.39019643595738013
55.6331 0.3535364359573802
55.9568 0.3918664359573804
56.2826 0.3768664359573803
56.6085 0.38519643595738023
56.9343 0.3718664359573804
57.2601 0.3768664359573803
57.5859 0.3718664359573804
57.9117 0.3601964359573803
58.2374 0.4018664359573802
58.5632 0.3868664359573805
58.8889 0.36853643595738034
59.2147 0.3451964359573802
59.5382 0.38853643595738035
59.864 0.35853643595738055
60.1897 0.3668664359573805
60.5154 0.3535364359573802
60.841 0.3868664359573805
61.1667 0.35019643595738054
61.4924 0.3668664359573805
61.818 0.38019643595738034
62.1437 0.3601964359573803
62.4671 0.3468664359573805
62.7927 0.3768664359573803
63.1183 0.38019643595738034
63.4439 0.3818664359573802
63.7695 0.41019643595738015
64.0951 0.3768664359573803
64.4206 0.3518664359573804
64.744 0.36353643595738044
65.0696 0.37353643595738023
65.3951 0.37353643595738023
65.7206 0.36853643595738034
66.0461 0.3435364359573804
66.3716 0.37019643595738055
66.6971 0.37519643595738045
67.0204 0.37019643595738055
67.3459 0.36186643595738016
67.6713 0.3668664359573805
67.9967 0.37353643595738023
68.3222 0.38853643595738035
68.6476 0.37019643595738055
68.9708 0.38853643595738035
69.2962 0.3535364359573802
69.6216 0.37519643595738045
69.9469 0.3651964359573802
70.2723 0.36353643595738044
70.5976 0.3768664359573803
70.9208 0.3668664359573805
71.2461 0.3668664359573805
71.5715 0.39519643595738047
71.8968 0.37519643595738045
72.222 0.37019643595738055
72.5452 0.37519643595738045
72.8704 0.3668664359573805
73.1957 0.3668664359573805
73.5209 0.3868664359573805
73.8462 0.37353643595738023
74.1692 0.37353643595738023
74.4944 0.38519643595738023
74.8196 0.37519643595738045
75.1448 0.38519643595738023
75.4678 0.3868664359573805
75.793 0.3918664359573804
76.1182 0.38353643595738046
76.4433 0.37353643595738023
76.7684 0.39853643595738014
77.0914 0.39019643595738013
77.4165 0.40686643595738053
77.7416 0.40519643595738025
78.0667 0.4018664359573802
78.3896 0.4335364359573803
78.7147 0.3868664359573805
79.0397 0.43186643595738045
79.3648 0.3968664359573803
79.6876 0.42519643595738027
80.0127 0.41353643595738027
80.3377 0.40019643595738036
80.6627 0.4085364359573804
80.9855 0.40019643595738036
81.3105 0.4218664359573802
81.6354 0.43686643595738034
81.9604 0.3868664359573805
82.2832 0.4035364359573805
82.6081 0.39853643595738014
82.933 0.38853643595738035
83.2558 0.38853643595738035
83.5807 0.38353643595738046
83.9055 0.37019643595738055
84.2304 0.35853643595738055
84.5531 0.3651964359573802
84.878 0.3651964359573802
85.2028 0.36853643595738034
85.5255 0.3435364359573804
85.8503 0.35519643595738043
86.1751 0.37019643595738055
86.4978 0.3668664359573805
86.8225 0.33186643595738036
87.1473 0.3335364359573802
87.4721 0.3451964359573802
87.7947 0.35686643595738027
88.1194 0.3401964359573803
88.4441 0.32686643595738046
88.7667 0.3518664359573804
89.0914 0.32686643595738046
89.4161 0.3218664359573801
89.7386 0.3201964359573803
90.0633 0.3201964359573803
90.3879 0.32686643595738046
90.7104 0.3301964359573805
91.0351 0.3435364359573804
91.3597 0.3285364359573803
91.6822 0.3435364359573804
92.0068 0.34186643595738014
92.3314 0.3285364359573803
92.6538 0.3335364359573802
92.9784 0.31519643595738045
93.3029 0.3401964359573803
93.6253 0.3518664359573804
93.9499 0.3218664359573801
94.2722 0.33186643595738036
94.5967 0.35019643595738054
94.9212 0.3351964359573804
95.2436 0.3435364359573804
95.5681 0.3518664359573804
95.8925 0.3018664359573806
96.2149 0.31519643595738045
96.5393 0.33186643595738036
96.8616 0.31353643595738023
97.186 0.3401964359573803
97.5104 0.3168664359573803
97.8327 0.3401964359573803
98.1571 0.3285364359573803
98.4814 0.3518664359573804
98.8037 0.3451964359573802
99.128 0.3285364359573803
99.4502 0.33853643595738053
99.7746 0.3251964359573802
100.099 0.3235364359573804
100.421 0.33686643595738025
100.745 0.3235364359573804
101.067 0.33186643595738036
101.392 0.3168664359573803
101.714 0.3118664359573804
102.038 0.3285364359573803
102.362 0.3218664359573801
102.684 0.34186643595738014
103.009 0.31853643595738057
103.331 0.33686643595738025
103.655 0.3051964359573802
103.977 0.3351964359573804
104.301 0.33186643595738036
104.625 0.3285364359573803
104.947 0.3435364359573804
105.271 0.3285364359573803
105.593 0.31853643595738057
105.918 0.3435364359573804
106.24 0.33853643595738053
106.564 0.3251964359573802
106.886 0.3018664359573806
107.21 0.3251964359573802
107.534 0.35019643595738054
107.856 0.30353643595738045
108.18 0.3251964359573802
108.502 0.3535364359573802
108.826 0.3201964359573803
109.147 0.3451964359573802
109.471 0.33686643595738025
109.793 0.3668664359573805
110.117 0.3251964359573802
110.439 0.3518664359573804
110.763 0.3335364359573802
111.085 0.3518664359573804
111.409 0.3285364359573803
111.731 0.34186643595738014
112.054 0.3335364359573802
112.376 0.34186643595738014
112.7 0.33853643595738053
113.022 0.3218664359573801
113.346 0.33186643595738036
113.667 0.3285364359573803
113.991 0.36186643595738016
114.313 0.32686643595738046
114.637 0.35519643595738043
114.958 0.3201964359573803
115.282 0.3451964359573802
115.604 0.3201964359573803
115.928 0.33686643595738025
116.249 0.3518664359573804
116.573 0.3068664359573805
116.895 0.3351964359573804
117.216 0.3401964359573803
117.54 0.3235364359573804
117.862 0.3351964359573804
118.185 0.3351964359573804
118.507 0.32686643595738046
118.83 0.3335364359573802
119.152 0.33686643595738025
119.476 0.3518664359573804
119.797 0.3335364359573802
120.121 0.3401964359573803
120.442 0.3401964359573803
120.764 0.3518664359573804
121.087 0.35853643595738055
121.409 0.32686643595738046
121.732 0.36186643595738016
122.054 0.34186643595738014
122.377 0.3601964359573803
122.699 0.35019643595738054
123.02 0.3285364359573803
123.344 0.33853643595738053
123.665 0.31853643595738057
123.988 0.3251964359573802
124.31 0.3301964359573805
124.631 0.32686643595738046
124.955 0.33186643595738036
125.276 0.33186643595738036
125.599 0.3518664359573804
125.921 0.3201964359573803
126.242 0.3518664359573804
126.565 0.35019643595738054
126.887 0.33853643595738053
127.21 0.31519643595738045
127.531 0.3068664359573805
127.852 0.3251964359573802
128.176 0.31853643595738057
128.497 0.34186643595738014
128.82 0.3301964359573805
129.141 0.3201964359573803
129.463 0.36186643595738016
129.786 0.3351964359573804
130.107 0.3235364359573804
130.428 0.3168664359573803
130.751 0.3285364359573803
131.073 0.3235364359573804
131.394 0.31353643595738023
131.717 0.3435364359573804
132.038 0.30853643595738034
132.361 0.3401964359573803
132.682 0.33186643595738036
133.003 0.3301964359573805
133.326 0.36186643595738016
133.647 0.3235364359573804
133.969 0.3168664359573803
134.292 0.3218664359573801
134.613 0.3301964359573805
134.934 0.3351964359573804
135.257 0.3235364359573804
135.578 0.3235364359573804
135.899 0.3218664359573801
136.22 0.3251964359573802
136.543 0.29853643595738055
136.864 0.29519643595738043
137.184 0.3118664359573804
137.507 0.29019643595738054
137.828 0.31519643595738045
138.149 0.30353643595738045
138.472 0.32686643595738046
138.793 0.3051964359573802
139.114 0.3235364359573804
139.437 0.3285364359573803
139.758 0.3118664359573804
140.078 0.3068664359573805
140.399 0.31853643595738057
140.722 0.3201964359573803
141.043 0.3168664359573803
141.364 0.3051964359573802
141.687 0.3251964359573802
142.007 0.33186643595738036
142.328 0.3435364359573804
142.649 0.31519643595738045
142.972 0.3068664359573805
143.292 0.3235364359573804
143.613 0.2885364359573803
143.934 0.3235364359573804
144.256 0.3218664359573801
144.577 0.30853643595738034
144.898 0.3168664359573803
145.218 0.31519643595738045
145.541 0.30353643595738045
145.862 0.3001964359573803
146.182 0.32686643595738046
146.503 0.3068664359573805
146.826 0.3201964359573803
147.146 0.3118664359573804
147.467 0.3335364359573802
147.787 0.31019643595738056
148.11 0.31353643595738023
148.43 0.30353643595738045
148.751 0.29519643595738043
149.071 0.3451964359573802
149.392 0.31519643595738045
149.715 0.31519643595738045
150.035 0.3235364359573804
150.355 0.3485364359573803
150.676 0.3168664359573803
150.996 0.3351964359573804
151.319 0.3051964359573802
151.639 0.3235364359573804
151.96 0.31519643595738045
152.28 0.31019643595738056
152.6 0.31853643595738057
152.923 0.3201964359573803
153.243 0.31019643595738056
153.564 0.31353643595738023
153.884 0.3201964359573803
154.204 0.3068664359573805
154.527 0.3118664359573804
154.847 0.3468664359573805
155.167 0.3301964359573805
155.488 0.30353643595738045
155.808 0.31353643595738023
156.128 0.2918664359573804
156.45 0.30353643595738045
156.771 0.2918664359573804
157.091 0.31519643595738045
157.411 0.2918664359573804
157.731 0.3201964359573803
158.052 0.31019643595738056
158.372 0.2701964359573805
158.694 0.31519643595738045
159.014 0.29686643595738027
159.334 0.34186643595738014
159.654 0.2885364359573803
159.975 0.32686643595738046
160.295 0.3051964359573802
160.615 0.3201964359573803
160.937 0.31353643595738023
161.257 0.3201964359573803
161.577 0.2885364359573803
161.897 0.3218664359573801
162.217 0.3068664359573805
162.537 0.31353643595738023
162.857 0.32686643595738046
163.177 0.3201964359573803
163.499 0.31519643595738045
163.819 0.3251964359573802
164.139 0.31019643595738056
164.459 0.32686643595738046
164.779 0.3068664359573805
165.099 0.3018664359573806
165.419 0.3235364359573804
165.739 0.28353643595738043
166.059 0.32686643595738046
166.379 0.31353643595738023
166.699 0.2818664359573806
167.021 0.3051964359573802
167.341 0.29519643595738043
167.661 0.3218664359573801
167.98 0.3001964359573803
168.3 0.31519643595738045
168.62 0.3001964359573803
168.94 0.29686643595738027
169.26 0.31519643595738045
169.58 0.31353643595738023
169.899 0.31353643595738023
170.219 0.30353643595738045
170.539 0.31019643595738056
170.859 0.31853643595738057
171.178 0.3401964359573803
171.498 0.31019643595738056
171.818 0.3218664359573801
172.137 0.30353643595738045
172.459 0.29019643595738054
172.779 0.3118664359573804
173.099 0.3068664359573805
173.418 0.31019643595738056
173.738 0.30353643595738045
174.058 0.3401964359573803
174.377 0.31853643595738057
174.697 0.3201964359573803
175.016 0.3068664359573805
175.336 0.29519643595738043
175.656 0.34186643595738014
175.975 0.3201964359573803
176.295 0.3235364359573804
176.614 0.3018664359573806
176.934 0.3068664359573805
177.253 0.3051964359573802
177.573 0.31853643595738057
177.892 0.3118664359573804
178.212 0.3201964359573803
178.531 0.3168664359573803
178.851 0.3218664359573801
179.17 0.30353643595738045
179.49 0.3018664359573806
179.809 0.33853643595738053
180.129 0.32686643595738046
180.448 0.31019643595738056
180.767 0.3018664359573806
181.087 0.31353643595738023
181.406 0.32686643595738046
181.726 0.3068664359573805
182.045 0.3301964359573805
182.362 0.3235364359573804
182.682 0.3201964359573803
183.001 0.3118664359573804
183.32 0.31019643595738056
183.64 0.3235364359573804
183.959 0.3168664359573803
184.278 0.3051964359573802
184.597 0.2851964359573802
184.917 0.31019643595738056
185.236 0.3068664359573805
185.555 0.3051964359573802
185.874 0.3068664359573805
186.194 0.33853643595738053
186.513 0.3168664359573803
186.832 0.3068664359573805
187.151 0.3235364359573804
187.47 0.3235364359573804
187.787 0.30853643595738034
188.107 0.2885364359573803
188.426 0.32686643595738046
188.745 0.30353643595738045
189.064 0.31853643595738057
189.383 0.3218664359573801
189.702 0.3168664359573803
190.021 0.30853643595738034
190.34 0.3301964359573805
190.66 0.2935364359573802
190.976 0.3218664359573801
191.296 0.31853643595738057
191.615 0.29686643595738027
191.934 0.3201964359573803
192.253 0.31019643595738056
192.572 0.2918664359573804
192.891 0.31853643595738057
193.21 0.3051964359573802
193.529 0.3168664359573803
193.845 0.31519643595738045
194.164 0.31519643595738045
194.483 0.31019643595738056
194.802 0.3285364359573803
195.121 0.3201964359573803
195.44 0.3251964359573802
195.759 0.2935364359573802
196.076 0.3251964359573802
196.395 0.3168664359573803
196.713 0.3068664359573805
197.032 0.3001964359573803
197.351 0.3285364359573803
197.67 0.3301964359573805
197.987 0.3235364359573804
198.305 0.3301964359573805
198.624 0.3201964359573803
198.943 0.31019643595738056
199.262 0.3118664359573804
199.581 0.33686643595738025
199.897 0.27686643595738025
200.216 0.3068664359573805
200.535 0.31853643595738057
200.853 0.3201964359573803
201.172 0.3235364359573804
201.491 0.27686643595738025
201.807 0.3068664359573805
202.126 0.33853643595738053
202.445 0.3018664359573806
202.763 0.29686643595738027
203.082 0.3235364359573804
203.399 0.29519643595738043
203.717 0.32686643595738046
204.036 0.29853643595738055
204.354 0.3285364359573803
204.673 0.3168664359573803
204.989 0.3051964359573802
205.308 0.3251964359573802
205.627 0.29686643595738027
205.945 0.3335364359573802
206.262 0.3435364359573804
206.58 0.3235364359573804
206.899 0.3051964359573802
207.217 0.3285364359573803
207.533 0.3351964359573804
207.852 0.3235364359573804
208.17 0.31853643595738057
208.489 0.31519643595738045
208.805 0.31853643595738057
209.124 0.3168664359573803
209.442 0.31519643595738045
209.761 0.3235364359573804
210.077 0.3335364359573802
210.395 0.3201964359573803
210.714 0.2885364359573803
211.032 0.3401964359573803
211.348 0.34186643595738014
211.667 0.31019643595738056
211.985 0.3251964359573802
212.303 0.30853643595738034
212.619 0.31019643595738056
212.938 0.34186643595738014
213.256 0.3235364359573804
213.572 0.33186643595738036
213.89 0.3435364359573804
214.209 0.3068664359573805
214.527 0.3201964359573803
214.843 0.3201964359573803
215.161 0.3118664359573804
215.48 0.3168664359573803
215.796 0.32686643595738046
216.114 0.3235364359573804
216.432 0.31519643595738045
216.748 0.31853643595738057
217.066 0.31019643595738056
217.384 0.3018664359573806
217.703 0.33853643595738053
218.019 0.3301964359573805
218.337 0.32686643595738046
218.655 0.3118664359573804
218.971 0.3351964359573804
219.289 0.32686643595738046
219.607 0.3351964359573804
219.923 0.35019643595738054
220.241 0.3068664359573805
220.559 0.3285364359573803
220.875 0.33186643595738036
221.193 0.3301964359573805
221.511 0.3301964359573805
221.827 0.3435364359573804
222.145 0.33186643595738036
222.461 0.31019643595738056
222.779 0.33186643595738036
223.097 0.3468664359573805
223.413 0.3285364359573803
223.731 0.3218664359573801
224.048 0.3018664359573806
224.364 0.33686643595738025
224.682 0.3301964359573805
225.0 0.3335364359573802
225.316 0.35853643595738055
225.634 0.3435364359573804
225.949 0.3401964359573803
226.267 0.31353643595738023
226.585 0.33853643595738053
226.901 0.3435364359573804
227.219 0.3535364359573802
227.534 0.3235364359573804
227.852 0.3051964359573802
228.17 0.32686643595738046
228.486 0.3168664359573803
228.803 0.3485364359573803
229.119 0.3435364359573804
229.437 0.3118664359573804
229.755 0.3401964359573803
230.07 0.34186643595738014
230.388 0.3335364359573802
230.703 0.3301964359573805
231.021 0.3535364359573802
231.337 0.3435364359573804
231.654 0.3201964359573803
231.972 0.33853643595738053
232.288 0.3218664359573801
232.605 0.3351964359573804
232.921 0.3451964359573802
233.238 0.33186643595738036
233.554 0.3435364359573804
233.871 0.3485364359573803
234.189 0.3485364359573803
234.504 0.3335364359573802
234.822 0.3201964359573803
235.137 0.31853643595738057
235.455 0.3235364359573804
235.77 0.33853643595738053
236.088 0.3201964359573803
236.403 0.33186643595738036
236.721 0.3468664359573805
237.036 0.3201964359573803
237.354 0.3301964359573805
237.669 0.3285364359573803
237.986 0.33686643595738025
238.302 0.3285364359573803
238.619 0.3118664359573804
238.935 0.3351964359573804
239.252 0.30353643595738045
239.567 0.33853643595738053
239.885 0.33186643595738036
240.202 0.3118664359573804
240.517 0.33853643595738053
240.833 0.3301964359573805
241.15 0.3401964359573803
241.465 0.3168664359573803
241.782 0.3401964359573803
242.098 0.33686643595738025
242.415 0.3118664359573804
242.73 0.3351964359573804
243.047 0.3335364359573802
243.363 0.31519643595738045
243.68 0.3251964359573802
243.995 0.31853643595738057
244.312 0.3285364359573803
244.627 0.3235364359573804
244.945 0.3335364359573802
245.26 0.3235364359573804
245.577 0.3201964359573803
245.892 0.3335364359573802
246.209 0.31519643595738045
246.524 0.30853643595738034
246.839 0.3285364359573803
247.156 0.31519643595738045
247.471 0.3201964359573803
247.788 0.2935364359573802
248.103 0.3285364359573803
248.421 0.3118664359573804
248.735 0.33853643595738053
249.053 0.3251964359573802
249.368 0.32686643595738046
249.682 0.3051964359573802
249.999 0.33853643595738053
250.314 0.31353643595738023
250.631 0.3218664359573801
250.946 0.3218664359573801
251.261 0.3235364359573804
251.578 0.3118664359573804
251.893 0.31853643595738057
252.21 0.33853643595738053
252.525 0.31519643595738045
252.842 0.31353643595738023
253.157 0.3218664359573801
253.472 0.31353643595738023
253.788 0.31853643595738057
254.103 0.3435364359573804
254.418 0.31353643595738023
254.735 0.33186643595738036
255.05 0.3118664359573804
255.367 0.2885364359573803
255.681 0.3235364359573804
255.996 0.3168664359573803
256.313 0.35853643595738055
256.628 0.3235364359573804
256.942 0.32686643595738046
257.259 0.2885364359573803
257.574 0.31353643595738023
257.89 0.30353643595738045
258.205 0.3118664359573804
258.52 0.31019643595738056
258.837 0.3235364359573804
259.151 0.3351964359573804
259.466 0.31519643595738045
259.782 0.3235364359573804
260.097 0.3235364359573804
260.412 0.31353643595738023
260.728 0.31519643595738045
261.043 0.33853643595738053
261.357 0.3201964359573803
261.674 0.3068664359573805
261.989 0.3051964359573802
262.303 0.33186643595738036
262.62 0.3235364359573804
262.934 0.31353643595738023
263.249 0.3285364359573803
263.565 0.31519643595738045
263.88 0.3018664359573806
264.194 0.31519643595738045
264.511 0.3218664359573801
264.825 0.3218664359573801
265.14 0.3068664359573805
265.454 0.3018664359573806
265.771 0.31019643595738056
266.085 0.3285364359573803
266.399 0.3285364359573803
266.716 0.33186643595738036
267.03 0.3401964359573803
267.344 0.2885364359573803
267.659 0.30853643595738034
267.975 0.3435364359573804
268.29 0.33686643595738025
268.604 0.33686643595738025
268.92 0.3401964359573803
269.235 0.31853643595738057
269.549 0.33686643595738025
269.863 0.31853643595738057
270.179 0.33186643595738036
270.494 0.3301964359573805
270.808 0.3451964359573802
271.122 0.3435364359573804
271.438 0.32686643595738046
271.753 0.33686643595738025
272.067 0.36353643595738044
272.381 0.3401964359573803
272.697 0.35519643595738043
273.011 0.3285364359573803
273.326 0.3201964359573803
273.64 0.33686643595738025
273.956 0.31353643595738023
274.27 0.3401964359573803
274.584 0.29519643595738043
274.898 0.31019643595738056
275.212 0.3251964359573802
275.528 0.3518664359573804
275.843 0.3518664359573804
276.157 0.33686643595738025
276.471 0.3485364359573803
276.787 0.33686643595738025
277.101 0.31853643595738057
277.415 0.3201964359573803
277.729 0.3485364359573803
278.043 0.31019643595738056
278.359 0.3251964359573802
278.673 0.3218664359573801
278.987 0.34186643595738014
279.301 0.3235364359573804
279.615 0.3485364359573803
279.929 0.3351964359573804
280.245 0.35686643595738027
280.558 0.3435364359573804
280.872 0.3401964359573803
281.186 0.3351964359573804
281.5 0.3435364359573804
281.814 0.3351964359573804
282.13 0.3435364359573804
282.444 0.3285364359573803
282.758 0.3401964359573803
283.071 0.3235364359573804
283.385 0.35853643595738055
283.699 0.3535364359573802
284.015 0.3301964359573805
284.329 0.34186643595738014
284.642 0.3451964359573802
284.956 0.35853643595738055
285.27 0.33853643595738053
285.584 0.35853643595738055
285.897 0.3251964359573802
286.213 0.33686643595738025
286.527 0.35853643595738055
286.841 0.33686643595738025
287.154 0.33686643595738025
287.468 0.3301964359573805
287.782 0.3451964359573802
288.095 0.35519643595738043
288.409 0.3201964359573803
288.722 0.3168664359573803
289.038 0.3468664359573805
289.352 0.33686643595738025
289.665 0.3351964359573804
289.979 0.3168664359573803
290.293 0.35686643595738027
290.606 0.3451964359573802
290.92 0.33853643595738053
291.233 0.3335364359573802
291.547 0.33186643595738036
291.86 0.33686643595738025
292.176 0.3401964359573803
292.489 0.3518664359573804
292.803 0.3601964359573803
293.116 0.3201964359573803
293.43 0.33853643595738053
293.743 0.3535364359573802
294.057 0.34186643595738014
294.37 0.33686643595738025
294.683 0.3718664359573804
294.997 0.3351964359573804
295.31 0.3251964359573802
295.624 0.3435364359573804
295.937 0.3351964359573804
296.25 0.3351964359573804
296.564 0.33686643595738025
296.877 0.3535364359573802
297.19 0.3451964359573802
297.504 0.33186643595738036
297.819 0.3535364359573802
298.133 0.38019643595738034
298.446 0.3468664359573805
298.759 0.3285364359573803
299.072 0.33853643595738053
299.386 0.3351964359573804
299.699 0.34186643595738014
300.012 0.35853643595738055
300.325 0.3451964359573802
300.639 0.3535364359573802
300.952 0.3401964359573803
301.265 0.3785364359573801
301.578 0.3435364359573804
301.891 0.3535364359573802
302.205 0.33186643595738036
302.518 0.35853643595738055
302.831 0.3401964359573803
303.144 0.3718664359573804
303.457 0.3535364359573802
303.77 0.3451964359573802
304.083 0.3468664359573805
304.396 0.3768664359573803
304.709 0.36353643595738044
305.023 0.3351964359573804
305.336 0.35853643595738055
305.649 0.3518664359573804
305.962 0.35519643595738043
306.273 0.34186643595738014
306.586 0.36186643595738016
306.899 0.35019643595738054
307.212 0.3285364359573803
307.525 0.35686643595738027
307.838 0.37519643595738045
308.151 0.35519643595738043
308.464 0.3601964359573803
308.777 0.36853643595738034
309.089 0.35686643595738027
309.402 0.36186643595738016
309.715 0.37019643595738055
310.028 0.36186643595738016
310.341 0.35686643595738027
310.654 0.3601964359573803
310.967 0.35519643595738043
311.28 0.35019643595738054
311.593 0.38353643595738046
311.903 0.3668664359573805
312.216 0.3535364359573802
312.529 0.3785364359573801
312.842 0.3918664359573804
313.155 0.33853643595738053
313.467 0.37019643595738055
313.78 0.35686643595738027
314.093 0.35519643595738043
314.406 0.37019643595738055
314.718 0.3451964359573802
315.029 0.38019643595738034
315.342 0.3868664359573805
315.654 0.3668664359573805
315.967 0.36186643595738016
316.28 0.38019643595738034
316.593 0.3651964359573802
316.905 0.36353643595738044
317.218 0.36853643595738034
317.531 0.37353643595738023
317.841 0.3868664359573805
318.154 0.35019643595738054
318.466 0.3718664359573804
318.779 0.37519643595738045
319.092 0.38019643595738034
319.404 0.3601964359573803
319.717 0.35853643595738055
320.027 0.3768664359573803
320.34 0.37519643595738045
320.652 0.3918664359573804
320.965 0.4018664359573802
321.277 0.36353643595738044
321.59 0.3601964359573803
321.9 0.37353643595738023
322.213 0.38019643595738034
322.525 0.3918664359573804
322.838 0.40686643595738053
323.15 0.39019643595738013
323.463 0.3818664359573802
323.773 0.3668664359573805
324.085 0.3668664359573805
324.398 0.38353643595738046
324.71 0.3818664359573802
325.023 0.38019643595738034
325.333 0.37019643595738055
325.645 0.37519643595738045
325.958 0.38019643595738034
326.27 0.38353643595738046
326.582 0.38019643595738034
326.893 0.40019643595738036
327.205 0.36353643595738044
327.517 0.4035364359573805
327.83 0.36186643595738016
328.142 0.3968664359573803
328.452 0.39519643595738047
328.764 0.3868664359573805
329.077 0.38019643595738034
329.389 0.40519643595738025
329.701 0.40686643595738053
330.011 0.37519643595738045
330.323 0.3601964359573803
330.636 0.3601964359573803
330.948 0.38353643595738046
331.258 0.39853643595738014
331.57 0.39853643595738014
331.882 0.38853643595738035
332.194 0.38853643595738035
332.504 0.4035364359573805
332.817 0.4035364359573805
333.129 0.3868664359573805
333.441 0.3868664359573805
333.751 0.4168664359573803
334.063 0.41353643595738027
334.375 0.43019643595738016
334.685 0.4035364359573805
334.997 0.40686643595738053
335.309 0.39853643595738014
335.621 0.40519643595738025
335.931 0.45186643595738046
336.243 0.39853643595738014
336.555 0.40019643595738036
336.867 0.3868664359573805
337.177 0.4151964359573805
337.489 0.37353643595738023
337.801 0.39353643595738025
338.111 0.41019643595738015
338.423 0.4218664359573802
338.735 0.4168664359573803
339.045 0.42519643595738027
339.356 0.41853643595738016
339.668 0.41019643595738015
339.978 0.4151964359573805
340.29 0.39019643595738013
340.602 0.40519643595738025
340.914 0.39853643595738014
341.224 0.43019643595738016
341.535 0.43186643595738045
341.847 0.42686643595738055
342.157 0.4218664359573802
342.469 0.39519643595738047
342.781 0.45186643595738046
343.09 0.40519643595738025
343.402 0.4651964359573803
343.714 0.4235364359573805
344.023 0.43686643595738034
344.335 0.43686643595738034
344.645 0.4385364359573802
344.957 0.4235364359573805
345.268 0.39853643595738014
345.578 0.4435364359573805
345.89 0.4401964359573804
346.201 0.46186643595738025
346.511 0.4151964359573805
346.823 0.4451964359573803
347.134 0.42519643595738027
347.444 0.4401964359573804
347.755 0.43686643595738034
348.065 0.4401964359573804
348.376 0.4401964359573804
348.688 0.45186643595738046
348.998 0.4401964359573804
349.309 0.4468664359573801
349.619 0.4535364359573803
349.93 0.45186643595738046
350.242 0.4385364359573802
350.551 0.4401964359573804
350.863 0.4468664359573801
351.172 0.45686643595738036
351.484 0.4451964359573803
351.795 0.4468664359573801
352.105 0.46686643595738014
352.416 0.4551964359573805
352.725 0.4468664359573801
353.037 0.4435364359573805
353.346 0.4435364359573805
353.658 0.45186643595738046
353.969 0.45186643595738046
354.278 0.4551964359573805
354.59 0.4501964359573802
354.899 0.4651964359573803
355.211 0.44186643595738023
355.52 0.4501964359573802
355.831 0.4601964359573804
356.142 0.4351964359573805
356.452 0.4485364359573804
356.763 0.4735364359573803
357.072 0.43019643595738016
357.384 0.4385364359573802
357.693 0.45686643595738036
358.004 0.46686643595738014
358.313 0.4485364359573804
358.625 0.4551964359573805
358.934 0.4585364359573802
359.245 0.46186643595738025
359.554 0.4218664359573802
359.865 0.46186643595738025
360.174 0.4485364359573804
360.486 0.4468664359573801
360.795 0.4785364359573802
361.106 0.48853643595738044
361.415 0.4735364359573803
361.726 0.4285364359573804
362.035 0.4485364359573804
362.346 0.4535364359573803
362.655 0.4335364359573803
362.967 0.4535364359573803
363.276 0.4601964359573804
363.587 0.4468664359573801
363.896 0.4535364359573803
364.207 0.4585364359573802
364.516 0.4335364359573803
364.827 0.44186643595738023
365.136 0.42686643595738055
365.447 0.4585364359573802
365.756 0.45186643595738046
366.067 0.4351964359573805
366.376 0.4285364359573804
366.687 0.4535364359573803
366.996 0.46186643595738025
367.307 0.40686643595738053
367.615 0.43686643595738034
367.924 0.47519643595738054
368.235 0.4501964359573802
368.544 0.4701964359573802
368.855 0.4468664359573801
369.164 0.4535364359573803
369.475 0.4218664359573802
369.784 0.46186643595738025
370.094 0.46186643595738025
370.403 0.4085364359573804
370.712 0.4435364359573805
371.023 0.4351964359573805
371.332 0.4401964359573804
371.642 0.46686643595738014
371.951 0.46186643595738025
372.262 0.46186643595738025
372.571 0.45186643595738046
372.879 0.4501964359573802
373.19 0.4535364359573803
373.499 0.4651964359573803
373.81 0.4685364359573804
374.118 0.4718664359573805
374.427 0.4551964359573805
374.738 0.4685364359573804
375.046 0.46186643595738025
375.357 0.46353643595738053
375.666 0.46186643595738025
375.974 0.45686643595738036
376.285 0.4385364359573802
376.593 0.46686643595738014
376.902 0.4535364359573803
377.213 0.4768664359573804
377.521 0.4651964359573803
377.832 0.4701964359573802
378.14 0.46686643595738014
378.449 0.4601964359573804
378.759 0.46686643595738014
379.068 0.4601964359573804
379.376 0.4685364359573804
379.687 0.44186643595738023
379.995 0.4918664359573805
380.304 0.46686643595738014
380.614 0.4501964359573802
380.923 0.4718664359573805
381.231 0.46353643595738053
381.542 0.46686643595738014
381.85 0.49853643595738023
382.159 0.4785364359573802
382.469 0.46353643595738053
382.777 0.4535364359573803
383.086 0.4718664359573805
383.396 0.48019643595738043
383.705 0.4551964359573805
384.013 0.4735364359573803
384.323 0.48853643595738044
384.632 0.4735364359573803
384.94 0.48019643595738043
385.25 0.4685364359573804
385.559 0.4851964359573803
385.867 0.45686643595738036
386.175 0.5051964359573804
386.485 0.49853643595738023
386.794 0.5151964359573802
387.102 0.49353643595738034
387.412 0.48353643595738055
387.72 0.4785364359573802
388.029 0.5051964359573804
388.337 0.4785364359573802
388.647 0.4918664359573805
388.955 0.5001964359573805
389.263 0.5068664359573802
389.571 0.5251964359573804
389.882 0.5285364359573805
390.19 0.4718664359573805
390.498 0.5135364359573804
390.808 0.5001964359573805
391.116 0.5185364359573803
391.424 0.5318664359573806
391.732 0.5135364359573804
392.042 0.5068664359573802
392.351 0.5001964359573805
392.659 0.5301964359573803
392.967 0.5535364359573804
393.275 0.4968664359573804
393.585 0.5351964359573802
393.893 0.5218664359573804
394.201 0.5035364359573802
394.509 0.49353643595738034
394.819 0.5101964359573803
395.127 0.5135364359573804
395.435 0.5235364359573802
395.743 0.5251964359573804
396.051 0.5268664359573803
396.361 0.5185364359573803
396.668 0.5351964359573802
396.976 0.5235364359573802
397.284 0.5418664359573804
397.592 0.5018664359573803
397.902 0.5335364359573804
398.21 0.5335364359573804
398.518 0.5585364359573803
398.826 0.5068664359573802
399.133 0.5285364359573805
399.443 0.5018664359573803
399.751 0.5135364359573804
400.059 0.5435364359573802
400.367 0.5485364359573806
400.674 0.5268664359573803
400.982 0.5201964359573805
401.292 0.5368664359573805
401.6 0.5618664359573804
401.908 0.5301964359573803
402.215 0.5251964359573804
402.523 0.5218664359573804
402.831 0.5368664359573805
403.14 0.5501964359573803
403.448 0.5235364359573802
403.756 0.5535364359573804
404.063 0.5251964359573804
404.371 0.5351964359573802
404.679 0.5701964359573803
404.986 0.5201964359573805
405.296 0.5135364359573804
405.604 0.5501964359573803
405.911 0.5468664359573803
406.219 0.5551964359573802
406.526 0.5318664359573806
406.834 0.5568664359573805
407.142 0.5585364359573803
407.449 0.5535364359573804
407.759 0.5535364359573804
408.066 0.5551964359573802
408.374 0.5568664359573805
408.681 0.5651964359573804
408.989 0.5968664359573805
409.296 0.5351964359573802
409.604 0.5585364359573803
409.911 0.5535364359573804
410.219 0.5518664359573806
410.526 0.5551964359573802
410.834 0.5718664359573802
411.143 0.5401964359573805
411.45 0.5418664359573804
411.758 0.5868664359573803
412.065 0.5701964359573803
412.373 0.5485364359573806
412.68 0.5551964359573802
412.987 0.5701964359573803
413.295 0.5435364359573802
413.602 0.5485364359573806
413.909 0.5418664359573804
414.217 0.5585364359573803
414.524 0.5518664359573806
414.831 0.5385364359573803
415.139 0.5835364359573803
415.446 0.5701964359573803
415.753 0.5468664359573803
416.06 0.5485364359573806
416.37 0.5718664359573802
416.677 0.5601964359573806
416.984 0.5368664359573805
417.291 0.5585364359573803
417.599 0.5601964359573806
417.906 0.5535364359573804
418.213 0.5668664359573803
418.52 0.5368664359573805
418.827 0.5601964359573806
419.135 0.5635364359573802
419.442 0.5585364359573803
419.749 0.5418664359573804
420.056 0.5618664359573804
420.363 0.5601964359573806
420.67 0.5318664359573806
420.977 0.5701964359573803
421.284 0.5585364359573803
421.591 0.5501964359573803
421.899 0.5968664359573805
422.206 0.5801964359573806
422.513 0.5585364359573803
422.82 0.5601964359573806
423.127 0.5701964359573803
423.434 0.5551964359573802
423.741 0.5601964359573806
424.048 0.5785364359573804
424.355 0.5518664359573806
424.662 0.5518664359573806
424.967 0.5351964359573802
425.274 0.5485364359573806
425.58 0.5401964359573805
425.887 0.5618664359573804
426.194 0.5635364359573802
426.501 0.5551964359573802
426.808 0.5385364359573803
427.115 0.5618664359573804
427.422 0.5468664359573803
427.729 0.5285364359573805
428.036 0.5601964359573806
428.342 0.5368664359573805
428.649 0.5335364359573804
428.956 0.5485364359573806
429.263 0.5351964359573802
429.57 0.5368664359573805
429.875 0.5568664359573805
430.181 0.5418664359573804
430.488 0.5518664359573806
430.795 0.5451964359573804
431.102 0.5301964359573803
431.408 0.5568664359573805
431.715 0.5318664359573806
432.022 0.5485364359573806
432.329 0.5235364359573802
432.635 0.5068664359573802
432.942 0.5185364359573803
433.247 0.5235364359573802
433.553 0.5518664359573806
433.86 0.5185364359573803
434.167 0.5418664359573804
434.473 0.5168664359573805
434.78 0.5218664359573804
435.087 0.5251964359573804
435.393 0.5185364359573803
435.698 0.5085364359573805
436.004 0.5301964359573803
436.311 0.5285364359573805
436.617 0.5051964359573804
436.924 0.5235364359573802
437.231 0.5018664359573803
437.537 0.5368664359573805
437.842 0.5135364359573804
438.148 0.5385364359573803
438.455 0.5385364359573803
438.761 0.5185364359573803
439.068 0.5001964359573805
439.374 0.5101964359573803
439.681 0.48853643595738044
439.985 0.5185364359573803
440.291 0.5368664359573805
440.598 0.48853643595738044
440.904 0.5035364359573802
441.211 0.5218664359573804
441.515 0.49519643595738055
441.822 0.5151964359573802
442.128 0.5101964359573803
442.434 0.5285364359573805
442.741 0.5068664359573802
443.047 0.5018664359573803
443.351 0.5168664359573805
443.658 0.5085364359573805
443.964 0.4718664359573805
444.27 0.49353643595738034
444.575 0.5401964359573805
444.881 0.5068664359573802
445.187 0.5185364359573803
445.493 0.5001964359573805
445.8 0.4718664359573805
446.104 0.5235364359573802
446.41 0.4901964359573802
446.716 0.4785364359573802
447.023 0.48019643595738043
447.327 0.5268664359573803
447.633 0.5118664359573806
447.939 0.5218664359573804
448.245 0.48019643595738043
448.552 0.4968664359573804
448.856 0.45186643595738046
449.162 0.5001964359573805
449.468 0.49353643595738034
449.774 0.5018664359573803
450.078 0.48186643595738027
450.384 0.4851964359573803
450.69 0.49353643595738034
450.994 0.5018664359573803
451.3 0.48853643595738044
451.607 0.5185364359573803
451.913 0.49519643595738055
452.217 0.4651964359573803
452.523 0.5001964359573805
452.829 0.49519643595738055
453.135 0.5101964359573803
453.439 0.48186643595738027
453.745 0.47519643595738054
454.051 0.5085364359573805
454.355 0.48853643595738044
454.661 0.4918664359573805
454.967 0.4901964359573802
455.27 0.5035364359573802
455.576 0.5118664359573806
455.882 0.48686643595738016
456.188 0.47519643595738054
456.492 0.5085364359573805
456.798 0.49519643595738055
457.104 0.4918664359573805
457.408 0.4851964359573803
457.714 0.48353643595738055
458.019 0.49353643595738034
458.323 0.5168664359573805
458.629 0.4351964359573805
458.935 0.5051964359573804
459.239 0.48853643595738044
459.544 0.48186643595738027
459.85 0.49519643595738055
460.154 0.48353643595738055
460.46 0.5185364359573803
460.766 0.49353643595738034
461.069 0.4785364359573802
461.375 0.46353643595738053
461.681 0.49853643595738023
461.984 0.5018664359573803
462.29 0.49353643595738034
462.594 0.48353643595738055
462.9 0.5018664359573803
463.205 0.46686643595738014
463.509 0.4901964359573802
463.814 0.5085364359573805
464.12 0.5251964359573804
464.424 0.5335364359573804
464.729 0.5068664359573802
465.033 0.5168664359573805
465.339 0.5151964359573802
465.644 0.5101964359573803
465.948 0.5135364359573804
466.253 0.5168664359573805
466.557 0.49853643595738023
466.862 0.5351964359573802
467.168 0.5118664359573806
467.471 0.4901964359573802
467.777 0.5168664359573805
468.08 0.5168664359573805
468.386 0.5235364359573802
468.691 0.5001964359573805
468.995 0.5401964359573805
469.3 0.4851964359573803
469.604 0.5285364359573805
469.909 0.5485364359573806
470.213 0.5151964359573802
470.518 0.5135364359573804
470.824 0.5151964359573802
471.127 0.5085364359573805
471.432 0.5101964359573803
471.736 0.5368664359573805
472.041 0.5285364359573805
472.344 0.5035364359573802
472.65 0.5251964359573804
472.953 0.5468664359573803
473.258 0.5285364359573805
473.562 0.49353643595738034
473.867 0.5185364359573803
474.172 0.5351964359573802
474.476 0.5501964359573803
474.781 0.5418664359573804
475.084 0.5335364359573804
475.39 0.5001964359573805
475.693 0.4968664359573804
475.998 0.5235364359573802
476.301 0.5301964359573803
476.606 0.5518664359573806
476.91 0.5985364359573804
477.215 0.7151964359573804
477.518 0.7185364359573805
477.823 0.7718664359573804
478.126 0.8051964359573802
478.432 0.8085364359573803
478.735 0.7518664359573803
479.04 0.8101964359573806
479.343 0.7735364359573802
479.648 0.8185364359573806
479.951 0.7918664359573804
480.256 0.7851964359573802
480.559 0.8051964359573802
480.864 0.8018664359573806
481.167 0.8151964359573804
481.47 0.8251964359573802
481.776 0.7935364359573802
482.079 0.8051964359573802
482.384 0.7601964359573803
482.687 0.7968664359573803
482.992 0.8001964359573803
483.295 0.7851964359573802
483.6 0.7751964359573804
483.903 0.7635364359573804
484.208 0.7018664359573805
484.51 0.6685364359573802
484.813 0.5651964359573804
485.118 0.5451964359573804
485.421 0.5285364359573805
485.726 0.5318664359573806
486.029 0.5468664359573803
486.334 0.5318664359573806
486.637 0.5401964359573805
486.94 0.5285364359573805
487.245 0.5101964359573803
487.547 0.5051964359573804
487.852 0.5118664359573806
488.155 0.5151964359573802
488.458 0.5251964359573804
488.763 0.5051964359573804
489.066 0.5451964359573804
489.37 0.5168664359573805
489.673 0.49853643595738023
489.976 0.5235364359573802
490.281 0.5235364359573802
490.583 0.5268664359573803
490.888 0.5251964359573804
491.191 0.4968664359573804
491.494 0.5085364359573805
491.798 0.49519643595738055
492.101 0.5251964359573804
492.404 0.5151964359573802
492.708 0.5201964359573805
493.011 0.5101964359573803
493.316 0.5318664359573806
493.618 0.5285364359573805
493.921 0.5085364359573805
494.226 0.5385364359573803
494.528 0.5085364359573805
494.831 0.49853643595738023
495.135 0.5001964359573805
495.438 0.5435364359573802
495.741 0.5051964359573804
496.045 0.5235364359573802
496.348 0.4901964359573802
496.65 0.5218664359573804
496.955 0.49519643595738055
497.257 0.5235364359573802
497.56 0.5268664359573803
497.864 0.5035364359573802
498.167 0.5285364359573805
498.469 0.4901964359573802
498.774 0.5268664359573803
499.076 0.5218664359573804
499.379 0.5235364359573802
499.683 0.4968664359573804
499.986 0.5051964359573804
500.288 0.5268664359573803
500.59 0.5168664359573805
500.895 0.5368664359573805
501.197 0.5068664359573802
501.5 0.5351964359573802
501.804 0.5251964359573804
502.106 0.5468664359573803
502.409 0.5401964359573805
502.711 0.5135364359573804
503.015 0.5335364359573804
503.318 0.5135364359573804
503.62 0.5601964359573806
503.922 0.5385364359573803
504.227 0.5501964359573803
504.529 0.5335364359573804
504.831 0.5318664359573806
505.135 0.5568664359573805
505.438 0.5235364359573802
505.74 0.5451964359573804
506.042 0.5401964359573805
506.346 0.5251964359573804
506.648 0.5118664359573806
506.951 0.5251964359573804
507.253 0.5185364359573803
507.555 0.5151964359573802
507.859 0.5001964359573805
508.161 0.5368664359573805
508.463 0.5401964359573805
508.766 0.5335364359573804
509.07 0.5551964359573802
509.372 0.5168664359573805
509.674 0.5168664359573805
509.976 0.5351964359573802
510.278 0.5351964359573802
510.582 0.5568664359573805
510.884 0.5135364359573804
511.186 0.5585364359573803
511.488 0.5568664359573805
511.8525 0.540937074255582
512.1575 0.5474232071512498
512.4615 0.5512055286978704
512.7665 0.5379369224993039
513.0705 0.5408393861158697
513.3745 0.5792682179786902
513.6795 0.5517682179786904
513.9835 0.5417682179786903
514.1345 0.5692682179786902
514.4385 0.5351032179786902
514.7425000000001 0.5392682179786904
515.0475 0.5184332179786902
515.3525 0.5626032179786901
515.6565 0.5617682179786904
515.9605 0.5684332179786901
516.2645 0.5684332179786903
516.5685000000001 0.5776032179786902
516.8725 0.5350982179786902
517.1769999999999 0.5684332179786903
517.482 0.5642682179786903
517.7860000000001 0.5426032179786903
518.09 0.5401032179786903
518.394 0.5626032179786903
518.6975 0.5792682179786902
519.0015 0.5651032179786902
519.3054999999999 0.5376032179786904
519.61 0.5559382179786901
519.914 0.5709332179786902
520.2175 0.5425982179786902
520.5225 0.5526032179786903
520.8265 0.5809332179786902
521.1305 0.5909332179786903
521.4335000000001 0.5484332179786903
521.7375 0.5717682179786902
522.0425 0.5592682179786902
522.346 0.5959332179786901
522.6495 0.5526032179786903
522.9535000000001 0.5817682179786904
523.2570000000001 0.5617682179786904
523.5605 0.5842682179786903
523.8644999999999 0.5784382179786901
524.168 0.5859332179786904
524.472 0.5876032179786902
524.7760000000001 0.5526032179786903
525.0799999999999 0.5567682179786902
525.384 0.5934382179786905
525.688 0.5675982179786901
525.992 0.5217682179786903
526.2955 0.5167682179786902
526.5989999999999 0.5601032179786903
526.9025 0.5759332179786901
527.206 0.5751032179786902
527.5095 0.5684382179786901
527.813 0.5817682179786902
528.1165000000001 0.5617682179786904
528.4205 0.5375982179786901
528.7235000000001 0.5617682179786901
529.0275 0.5817682179786904
529.3305 0.5676032179786904
529.6345 0.5834332179786904
529.9375 0.5442682179786903
530.2415000000001 0.5692682179786904
530.5445 0.5509332179786902
530.848 0.5134382179786902
531.1514999999999 0.5576032179786904
531.4549999999999 0.5417682179786903
531.7584999999999 0.5592682179786902
532.0615 0.5592682179786904
532.365 0.5501032179786901
532.6685 0.5584332179786903
532.972 0.5551032179786902
533.275 0.5500982179786903
533.5785 0.5626032179786903
533.8820000000001 0.5201032179786903
534.185 0.5642682179786903
534.4884999999999 0.5459332179786903
534.792 0.5484332179786903
535.095 0.5426032179786903
535.3985 0.5184332179786902
535.7015 0.5292682179786904
536.005 0.5451032179786902
536.308 0.5517682179786904
536.6115 0.5734332179786902
536.762 0.5634332179786902
537.0654999999999 0.5601032179786903
537.3685 0.5442682179786903
537.672 0.5601032179786901
537.975 0.5384332179786903
538.278 0.5467682179786902
538.5799999999999 0.5259332179786903
538.883 0.5600982179786903
539.1865 0.5259332179786903
539.49 0.5059332179786901
539.793 0.5392682179786904
540.096 0.5159332179786903
540.399 0.5509332179786902
540.702 0.4834332179786903
541.005 0.5201032179786903
541.3074999999999 0.5167682179786902
541.6105 0.5284332179786903
541.9135 0.5434382179786902
542.2165 0.5267682179786902
542.5195 0.4959332179786903
542.8215 0.5184332179786902
543.1245 0.5159382179786901
543.4275 0.5092682179786902
543.7305 0.5050982179786904
544.0335 0.5117682179786901
544.3365 0.5026032179786902
544.6395 0.5117682179786903
544.9414999999999 0.49426821797869047
545.2445 0.4909332179786904
545.5465 0.5151032179786904
545.8495 0.4825982179786902
546.1525 0.4492682179786901
546.4549999999999 0.49009821797869024
546.758 0.4967682179786902
547.0609999999999 0.47843821797869024
547.363 0.4876032179786901
547.6659999999999 0.47510321797869015
547.9680000000001 0.4867682179786902
548.271 0.5125982179786902
548.5730000000001 0.4792682179786901
548.876 0.4676032179786903
549.179 0.47593321797869026
549.482 0.46593321797869025
549.784 0.4925982179786904
550.0854999999999 0.47426821797869023
550.388 0.4617682179786903
550.691 0.48509821797869035
550.9939999999999 0.4617682179786903
551.2964999999999 0.48009821797869023
551.5985000000001 0.46510321797869036
551.9010000000001 0.47426821797869023
552.2025000000001 0.4662964777889328
552.5055 0.46225881380057177
552.8085000000001 0.46881144617476156
553.1105 0.4637868921220448
553.4124999999999 0.47307909791725444
553.7145 0.4634332179786903
554.0165 0.46676821797869017
554.3195000000001 0.4584332179786902
554.622 0.45676821797869016
554.9235000000001 0.46843821797869045
555.2265 0.45176821797869027
555.528 0.44259821797869014
555.8305 0.45593321797869024
556.133 0.4200982179786902
556.435 0.44843821797869043
556.7375 0.4542682179786902
557.039 0.4884332179786902
557.3415 0.46676821797869017
557.644 0.45426821797869044
557.9459999999999 0.4226032179786904
558.247 0.4159332179786902
558.55 0.4426032179786902
558.852 0.4034382179786903
559.1534999999999 0.4342682179786902
559.304 0.4359332179786902
559.606 0.44093321797869034
559.908 0.44176821797869026
560.2090000000001 0.4426032179786902
560.512 0.4150982179786903
560.8140000000001 0.4167682179786901
561.1155 0.44093821797869037
561.417 0.44176821797869026
561.719 0.41176821797869045
562.022 0.4101032179786902
562.323 0.4376032179786903
562.6245 0.4442682179786904
562.927 0.4409332179786901
563.229 0.43260321797869017
563.5305 0.4201032179786902
563.832 0.4242682179786902
564.1345 0.4334332179786903
564.4365 0.43760321797869006
564.7375 0.4392682179786901
565.0395 0.4151032179786903
565.3415 0.4134382179786903
565.6424999999999 0.4067682179786901
565.9435000000001 0.4017682179786902
566.2465 0.42676821797869036
566.5485 0.4342682179786902
566.8485000000001 0.4292682179786903
567.1510000000001 0.4334332179786903
567.453 0.4400982179786902
567.7545 0.43676821797869014
568.0554999999999 0.41343321797869026
568.3575000000001 0.4059332179786902
568.6600000000001 0.4350982179786903
568.96 0.40676821797869034
569.262 0.4276032179786903
569.5640000000001 0.4709382179786902
569.864 0.4434332179786903
570.1665 0.43593821797869026
570.469 0.40260321797869014
570.769 0.41260321797869015
571.0709999999999 0.3909332179786901
571.373 0.4209332179786903
571.673 0.42676821797869036
571.975 0.44010321797869023
572.2760000000001 0.4025982179786901
572.577 0.42759821797869024
572.879 0.42176821797869024
573.1800000000001 0.38760321797869024
573.481 0.42176821797869024
573.7835 0.44093321797869034
574.0844999999999 0.47510321797869015
574.3855 0.44093821797869015
574.687 0.44176821797869026
574.988 0.3951032179786903
575.289 0.4134382179786903
575.59 0.4334332179786903
575.8905 0.4301032179786902
576.1925 0.41343321797869026
576.4935 0.4050982179786903
576.7945 0.4092682179786903
577.0955 0.4276032179786903
577.3975 0.4209332179786901
577.6985 0.40843321797869014
577.999 0.4334332179786903
578.3 0.4300982179786902
578.601 0.4092682179786903
578.9024999999999 0.44259821797869014
579.2035 0.42093821797869035
579.5045 0.42593821797869025
579.806 0.41760321797869027
580.106 0.42343321797869027
580.408 0.4167682179786901
580.7075 0.42343321797869027
581.009 0.41343321797869026
581.311 0.4359332179786902
581.611 0.4075982179786902
581.761 0.40426821797869017
582.061 0.41260321797869015
582.3620000000001 0.4309332179786901
582.663 0.4259332179786902
582.9635000000001 0.43843321797869017
583.264 0.44093821797869015
583.566 0.4259332179786902
583.8665000000001 0.42176821797869024
584.167 0.43759821797869025
584.4675 0.43259821797869036
584.7685 0.4376032179786903
585.069 0.41843321797869015
585.3695 0.4201032179786902
585.6715 0.4209332179786903
585.9704999999999 0.38926821797869027
586.2725 0.4342682179786904
586.572 0.4067682179786901
586.8734999999999 0.41676821797869035
587.1735 0.4250982179786903
587.4745 0.4242682179786904
587.7745 0.45593321797869024
588.0754999999999 0.41259821797869034
588.3755 0.4242682179786904
588.6765 0.43759821797869025
588.9765 0.4301032179786902
589.2775 0.43176821797869025
589.577 0.43176821797869025
589.8785 0.42593821797869025
590.1790000000001 0.4292682179786903
590.4795 0.4376032179786903
590.78 0.4509332179786901
591.0805 0.44676821797869015
591.3810000000001 0.4276032179786903
591.681 0.4350982179786903
591.982 0.4334332179786903
592.2819999999999 0.44010321797869023
592.582 0.41760321797869027
592.8820000000001 0.43676821797869014
593.183 0.4550982179786903
593.4825000000001 0.4559382179786903
593.784 0.42843321797869016
594.083 0.43843321797869017
594.3845 0.4542682179786902
594.684 0.4409332179786901
594.984 0.4484332179786904
595.2845 0.4192682179786903
595.5835 0.4509332179786901
595.885 0.43093321797869033
596.184 0.4426032179786904
596.4855 0.4167682179786901
596.7845 0.43260321797869017
597.086 0.46926821797869034
597.385 0.4284332179786904
597.6855 0.4342682179786902
597.9855 0.4442682179786902
598.2855 0.43093321797869033
598.5854999999999 0.4442682179786902
598.885 0.44176821797869026
599.1855 0.4509332179786901
599.4855 0.4359332179786902
599.7855 0.45926821797869033
600.0854999999999 0.4376032179786903
600.3855 0.45593321797869024
600.6845000000001 0.4484332179786902
600.985 0.44759821797869026
601.2850000000001 0.4167682179786901
601.5840000000001 0.4250982179786903
601.8855 0.4484382179786902
602.1845000000001 0.4584332179786902
602.4855 0.4434332179786903
602.7845 0.44093321797869034
603.0835 0.45010321797869024
603.3845 0.42676821797869036
603.5329999999999 0.44510321797869035
603.832 0.4634332179786901
604.133 0.43676821797869037
604.4315 0.43760321797869006
604.7305 0.4359332179786902
605.0315 0.4192682179786903
605.3305 0.4534332179786903
605.6305 0.42759821797869024
605.9304999999999 0.4526032179786902
606.2294999999999 0.4384382179786902
606.5295 0.4376032179786903
606.8295 0.43843321797869017
607.1285 0.44593821797869027
607.4285 0.4259332179786902
607.7280000000001 0.44176821797869026
608.0275 0.4526032179786904
608.3265 0.44759821797869026
608.6265000000001 0.45176821797869027
608.9265 0.44093321797869034
609.2255 0.4392682179786903
609.525 0.4384382179786904
609.825 0.4542682179786902
610.1235 0.4392682179786903
610.4225 0.42343321797869027
610.723 0.4434382179786901
611.0219999999999 0.4326032179786904
611.3205 0.4359332179786902
611.6215 0.4284382179786902
611.9200000000001 0.4434382179786901
612.219 0.42676821797869036
612.519 0.44010321797869023
612.818 0.4350982179786903
613.117 0.4234382179786903
613.4169999999999 0.4350982179786903
613.715 0.45093321797869035
614.015 0.4542682179786902
614.315 0.4276032179786903
614.613 0.45093821797869016
614.912 0.4209332179786901
615.213 0.43510321797869034
615.511 0.4242682179786904
615.81 0.44759821797869026
616.1095 0.43259821797869036
616.409 0.41260321797869015
616.7075 0.40009821797869016
617.0060000000001 0.43510321797869034
617.306 0.4409332179786901
617.6055 0.4201032179786902
617.904 0.4392682179786903
618.2035000000001 0.42343321797869027
618.502 0.4242682179786904
618.8005 0.4200982179786902
619.0999999999999 0.4184332179786904
619.3995 0.4167682179786901
619.698 0.42676821797869013
619.9965 0.3909332179786903
620.2945 0.3959332179786904
620.5955 0.42176821797869024
620.8934999999999 0.4092682179786903
621.1925 0.4059332179786902
621.4905 0.4201032179786902
621.7895 0.39843321797869014
622.0895 0.4376032179786903
622.3875 0.42343321797869027
622.6865 0.41176821797869023
622.9855 0.40259821797869033
623.2835 0.41676821797869035
623.5825 0.4017682179786902
623.8815 0.41676821797869035
624.1804999999999 0.4050982179786903
624.4794999999999 0.4234382179786901
624.7775 0.41760321797869027
625.0754999999999 0.4101032179786902
625.2235000000001 0.41176821797869023
625.5245 0.41593821797869024
625.8225 0.40843321797869014
626.1205 0.3951032179786903
626.4190000000001 0.4167682179786901
626.7175 0.4009332179786901
627.0165 0.4101032179786902
627.3145 0.40093821797869034
627.614 0.3951032179786903
627.9124999999999 0.39760321797869025
628.2105 0.39843321797869036
628.5094999999999 0.4001032179786902
628.8075 0.41260321797869015
629.106 0.3917682179786902
629.404 0.40593821797869023
629.702 0.4017682179786902
630.0025 0.42593821797869025
630.3005 0.40259821797869033
630.5985000000001 0.4017682179786902
630.8965000000001 0.4042682179786904
631.1949999999999 0.3859332179786902
631.4929999999999 0.4209332179786903
631.7919999999999 0.4059332179786904
632.09 0.4059332179786902
632.3879999999999 0.4001032179786902
632.6859999999999 0.3992682179786903
632.984 0.3942682179786904
633.283 0.3959332179786902
633.582 0.3817682179786902
633.88 0.3951032179786903
634.178 0.41176821797869023
634.476 0.4109332179786903
634.774 0.39260321797869013
635.072 0.4276032179786903
635.37 0.43843321797869017
635.669 0.41343321797869026
635.9670000000001 0.4092682179786903
636.265 0.3984382179786904
636.563 0.4192682179786903
636.861 0.41343821797869007
637.159 0.3975982179786902
637.4570000000001 0.41926821797869007
637.7545 0.4084382179786904
638.0519999999999 0.4326032179786904
638.351 0.3859332179786902
638.649 0.40260321797869014
638.947 0.42010321797869044
639.245 0.42343321797869027
639.5425 0.4017682179786902
639.8415 0.4209332179786901
640.139 0.40760321797869026
640.437 0.4151032179786903
640.735 0.4075982179786902
641.0325 0.4042682179786904
641.3315 0.4075982179786902
641.6289999999999 0.40676821797869034
641.927 0.40426821797869017
642.2245 0.4467682179786904
642.5225 0.4301032179786902
642.8199999999999 0.41259821797869034
643.1175000000001 0.3959332179786902
643.4145000000001 0.4092682179786903
643.712 0.43676821797869014
644.0095 0.43343321797869006
644.3075 0.4009332179786903
644.605 0.42593821797869025
644.9024999999999 0.42676821797869013
645.2005 0.4301032179786902
645.498 0.41093821797869035
645.7965 0.41260321797869015
646.0944999999999 0.41176821797869023
646.242 0.4142682179786902
646.5395 0.44010321797869023
646.8375000000001 0.4350982179786901
647.1345 0.44176821797869026
647.4325 0.43259821797869036
647.73 0.4126032179786904
648.0275 0.43593821797869026
648.325 0.4342682179786902
648.6225 0.4142682179786904
648.9200000000001 0.4292682179786903
649.2175 0.42843321797869016
649.514 0.4500982179786902
649.8115 0.37426821797869037
650.1089999999999 0.41009821797869017
650.4065 0.41343321797869026
650.704 0.4301032179786902
651.0015000000001 0.42843321797869016
651.299 0.4092682179786903
651.596 0.4084382179786902
651.8934999999999 0.43176821797869025
652.191 0.4259332179786902
652.4884999999999 0.39176821797869044
652.785 0.41759821797869023
653.082 0.40843321797869037
653.3795 0.4051032179786903
653.6769999999999 0.42093821797869013
653.9739999999999 0.4142682179786904
654.2715000000001 0.4109332179786903
654.569 0.42176821797869024
654.866 0.40509821797869006
655.1624999999999 0.4051032179786903
655.46 0.3992682179786903
655.7570000000001 0.4334382179786903
656.054 0.40760321797869026
656.3520000000001 0.41176821797869023
656.6479999999999 0.4142682179786904
656.945 0.4101032179786902
657.241 0.4242682179786902
657.539 0.4184382179786902
657.836 0.39426821797869016
658.133 0.4284382179786902
658.4300000000001 0.42176821797869024
658.7275 0.39343321797869024
659.025 0.40260321797869014
659.321 0.4151032179786901
659.6179999999999 0.40676821797869034
659.915 0.4059332179786902
660.212 0.3900982179786904
660.5094999999999 0.40259821797869033
660.8054999999999 0.4017682179786902
661.102 0.4050982179786903
661.399 0.3925982179786901
661.696 0.3901032179786902
661.9929999999999 0.40843321797869037
662.29 0.4009332179786903
662.586 0.3992682179786903
662.883 0.3825982179786903
663.1800000000001 0.38760321797869024
663.477 0.3901032179786902
663.7729999999999 0.4009332179786903
664.069 0.4075982179786902
664.366 0.3717682179786904
664.6635 0.41259821797869034
664.9605 0.3884332179786901
665.2560000000001 0.3817682179786902
665.553 0.39343321797869024
665.8499999999999 0.38260321797869035
666.1469999999999 0.3817682179786902
666.443 0.39009821797869015
666.739 0.38343821797869027
667.0360000000001 0.39343321797869024
667.3330000000001 0.3959332179786902
667.4795 0.3867682179786903
667.7760000000001 0.3992682179786903
668.073 0.37926821797869026
668.37 0.41176821797869023
668.6659999999999 0.39509821797869027
668.962 0.3934382179786903
669.2584999999999 0.3809332179786903
669.5554999999999 0.3851032179786903
669.851 0.3851032179786903
670.148 0.3867682179786903
670.4449999999999 0.38426821797869015
670.741 0.39343321797869024
671.0364999999999 0.37926821797869026
671.3330000000001 0.38343321797869023
671.63 0.38926821797869027
671.9259999999999 0.38760321797869024
672.2225 0.37760321797869023
672.518 0.37843321797869034
672.815 0.37509821797869025
673.111 0.37426821797869037
673.4075 0.3801032179786904
673.704 0.3817682179786902
673.999 0.3842682179786904
674.2955 0.36926821797869025
674.5920000000001 0.37009821797869014
674.888 0.3925982179786903
675.1845000000001 0.36426821797869013
675.48 0.37926821797869026
675.7760000000001 0.35843821797869013
676.072 0.3875982179786902
676.369 0.37009821797869014
676.665 0.40009821797869016
676.96 0.3917682179786902
677.2570000000001 0.3884332179786901
677.552 0.37593321797869017
677.8489999999999 0.3709382179786903
678.1445 0.3984382179786904
678.44 0.3717682179786902
678.7370000000001 0.3909332179786901
679.033 0.38926821797869027
679.328 0.3676032179786902
679.624 0.3801032179786902
679.921 0.3959382179786902
680.216 0.37926821797869026
680.512 0.37510321797869006
680.807 0.3484332179786903
681.1034999999999 0.35093321797869026
681.4000000000001 0.36843821797869014
681.694 0.3859332179786902
681.991 0.38260321797869035
682.2860000000001 0.3826032179786901
682.5830000000001 0.3709332179786903
682.8779999999999 0.3617682179786904
683.1735000000001 0.36926821797869025
683.47 0.3567682179786903
683.764 0.3717682179786904
684.0609999999999 0.3842682179786904
684.357 0.39843821797869017
684.652 0.37010321797869017
684.948 0.37426821797869037
685.2429999999999 0.3659382179786904
685.539 0.3584332179786903
685.835 0.36843321797869033
686.13 0.3767682179786903
686.426 0.38509821797869026
686.7215 0.37509821797869025
687.017 0.3651032179786903
687.3119999999999 0.3584332179786903
687.608 0.36926821797869025
687.9035 0.3667682179786903
688.05 0.3659332179786904
687.977 0.3450000000000002
688.275 0.3500000000000001
688.573 0.3783400000000001
688.869 0.35667000000000026
689.167 0.3816700000000002
689.466 0.3900000000000001
689.762 0.3733400000000002
690.06 0.38500000000000023
690.358 0.38667000000000007
690.654 0.37166999999999994
690.952 0.3783400000000001
691.25 0.3816700000000002
691.547 0.37166999999999994
691.845 0.3583400000000001
692.143 0.3583400000000001
692.439 0.4083399999999999
692.737 0.3500000000000001
693.033 0.36667000000000005
693.331 0.355
693.629 0.3283400000000003
693.925 0.36834000000000033
694.223 0.35667000000000026
694.521 0.39334000000000024
694.817 0.38334
695.115 0.3583400000000001
695.413 0.39166999999999996
695.709 0.36667000000000005
696.007 0.3966700000000003
696.303 0.3500000000000001
696.601 0.3999999999999999
696.899 0.3650000000000002
697.195 0.3650000000000002
697.493 0.3500000000000001
697.789 0.3600000000000003
698.087 0.3883399999999999
698.385 0.36667000000000005
698.681 0.36167000000000016
698.978 0.36834000000000033
699.274 0.3500000000000001
699.572 0.38667000000000007
699.868 0.3516699999999999
700.166 0.3450000000000002
700.464 0.38667000000000007
700.759 0.38334
701.057 0.3700000000000001
701.353 0.3783400000000001
701.651 0.355
701.947 0.3700000000000001
702.244 0.3383400000000001
702.542 0.3516699999999999
702.838 0.3733400000000002
703.136 0.4083399999999999
703.431 0.3500000000000001
703.729 0.37166999999999994
704.025 0.3516699999999999
704.323 0.3700000000000001
704.618 0.3500000000000001
704.916 0.35667000000000026
705.212 0.31834000000000007
705.509 0.3383400000000001
705.805 0.38500000000000023
706.103 0.40334000000000003
706.4 0.3810484443041511
706.696 0.38096144860545733
706.993 0.380140584088994
707.289 0.38039677748640655
707.587 0.3802720806427393
707.882 0.375
708.18 0.3583400000000001
708.475 0.3400000000000003
708.773 0.395
709.068 0.38667000000000007
709.366 0.3816700000000002
709.661 0.3516699999999999
709.959 0.3650000000000002
710.255 0.3316699999999999
710.552 0.38667000000000007
710.847 0.38500000000000023
711.145 0.3533400000000002
711.44 0.36334
711.736 0.36834000000000033
712.033 0.3516699999999999
712.329 0.38667000000000007
712.626 0.36667000000000005
712.922 0.34667000000000003
713.219 0.36167000000000016
713.514 0.3600000000000003
713.812 0.3600000000000003
714.107 0.37166999999999994
714.405 0.36334
714.7 0.3483400000000003
714.997 0.3816700000000002
715.293 0.3700000000000001
715.588 0.39334000000000024
715.885 0.3999999999999999
716.181 0.3816700000000002
716.478 0.37166999999999994
716.773 0.3733400000000002
717.07 0.3500000000000001
717.366 0.3450000000000002
717.661 0.36667000000000005
717.958 0.36667000000000005
718.254 0.34167000000000014
718.551 0.36667000000000005
718.846 0.3450000000000002
719.141 0.33667000000000025
719.438 0.36667000000000005
719.734 0.3316699999999999
720.031 0.3483400000000003
720.326 0.3583400000000001
720.621 0.3650000000000002
720.918 0.38667000000000007
721.213 0.3600000000000003
721.511 0.375
721.806 0.36334
722.101 0.3583400000000001
722.398 0.375
722.693 0.36334
722.99 0.395
723.285 0.3583400000000001
723.58 0.3383400000000001
723.877 0.3533400000000002
724.172 0.38000000000000034
724.467 0.34667000000000003
724.764 0.3600000000000003
725.06 0.3883399999999999
725.354 0.34167000000000014
725.651 0.3533400000000002
725.946 0.38000000000000034
726.243 0.35667000000000026
726.538 0.34167000000000014
726.833 0.3583400000000001
727.13 0.36834000000000033
727.425 0.38334
727.72 0.3583400000000001
728.017 0.36334
728.312 0.3516699999999999
728.607 0.38667000000000007
728.904 0.3733400000000002
729.199 0.3283400000000003
729.494 0.355
729.789 0.3600000000000003
730.085 0.3483400000000003
730.38 0.3700000000000001
730.675 0.3516699999999999
730.972 0.3516699999999999
731.267 0.355
731.562 0.35667000000000026
731.858 0.37166999999999994
732.153 0.37166999999999994
732.448 0.3533400000000002
732.743 0.3733400000000002
733.039 0.37166999999999994
733.334 0.3516699999999999
733.629 0.395
733.926 0.3483400000000003
734.22 0.3533400000000002
734.515 0.39834000000000014
734.81 0.3500000000000001
735.107 0.33499999999999996
735.401 0.38667000000000007
735.696 0.39834000000000014
735.991 0.3900000000000001
736.287 0.3533400000000002
736.582 0.36834000000000033
736.876 0.3283400000000003
737.171 0.36167000000000016
737.468 0.3600000000000003
737.762 0.3316699999999999
738.057 0.3400000000000003
738.352 0.37166999999999994
738.648 0.34334
738.943 0.33499999999999996
739.237 0.3533400000000002
739.532 0.32667
739.828 0.36834000000000033
740.123 0.3783400000000001
740.417 0.355
740.712 0.3216700000000001
741.006 0.3450000000000002
741.303 0.3783400000000001
741.597 0.34667000000000003
741.892 0.36167000000000016
742.186 0.3650000000000002
742.483 0.3900000000000001
742.777 0.3500000000000001
743.072 0.32667
743.366 0.3450000000000002
743.66 0.36167000000000016
743.955 0.38000000000000034
744.251 0.36334
744.546 0.36334
744.84 0.36834000000000033
745.134 0.3783400000000001
745.429 0.355
745.725 0.3600000000000003
746.019 0.3400000000000003
746.314 0.38500000000000023
746.608 0.36366684892043244
746.902 0.3638251440442897
747.197 0.3637953908636091
747.493 0.3636469909563651
747.787 0.3633246260582488
748.082 0.3600000000000003
748.376 0.3700000000000001
748.67 0.36667000000000005
748.964 0.3900000000000001
749.259 0.36334
749.555 0.36167000000000016
749.849 0.32667
750.143 0.3600000000000003
750.437 0.34167000000000014
750.732 0.375
751.026 0.3816700000000002
751.32 0.3516699999999999
751.614 0.3516699999999999
751.91 0.39166999999999996
752.204 0.3500000000000001
752.498 0.38500000000000023
752.793 0.3516699999999999
753.087 0.35667000000000026
753.381 0.38667000000000007
753.675 0.36334
753.969 0.355
754.263 0.38000000000000034
754.559 0.3733400000000002
754.853 0.3650000000000002
755.147 0.36167000000000016
755.441 0.36167000000000016
755.735 0.3999999999999999
756.029 0.35667000000000026
756.323 0.355
756.617 0.3533400000000002
756.911 0.3733400000000002
757.205 0.3766700000000003
757.499 0.3966700000000003
757.793 0.36167000000000016
758.087 0.36834000000000033
758.381 0.34334
758.677 0.3383400000000001
758.971 0.38500000000000023
759.265 0.3783400000000001
759.559 0.355
759.853 0.38000000000000034
760.146 0.34167000000000014
760.44 0.355
760.734 0.3533400000000002
761.028 0.35667000000000026
761.322 0.3500000000000001
761.616 0.4016700000000002
761.909 0.3733400000000002
762.203 0.3700000000000001
762.497 0.3700000000000001
762.791 0.395
763.085 0.34167000000000014
763.378 0.36834000000000033
763.672 0.3816700000000002
763.966 0.3516699999999999
764.26 0.36667000000000005
764.553 0.3700000000000001
764.847 0.36167000000000016
765.141 0.34334
765.435 0.3816700000000002
765.728 0.36334
766.022 0.34167000000000014
766.316 0.3600000000000003
766.609 0.3816700000000002
766.903 0.36167000000000016
767.197 0.33499999999999996
767.49 0.3766700000000003
767.784 0.33667000000000025
768.078 0.33000000000000007
768.371 0.3500000000000001
768.665 0.36334
768.958 0.39166999999999996
769.252 0.36167000000000016
769.546 0.38667000000000007
769.839 0.355
770.133 0.375
770.426 0.3650000000000002
770.72 0.36667000000000005
771.013 0.36334
771.305 0.3783400000000001
771.598 0.3600000000000003
771.892 0.3400000000000003
772.185 0.3766700000000003
772.479 0.3516699999999999
772.772 0.39166999999999996
773.066 0.33667000000000025
773.359 0.3516699999999999
773.653 0.3783400000000001
773.946 0.3583400000000001
774.239 0.3400000000000003
774.533 0.36667000000000005
774.826 0.3400000000000003
775.12 0.36667000000000005
775.411 0.32333999999999996
775.704 0.36834000000000033
775.998 0.3816700000000002
776.291 0.36667000000000005
776.584 0.3583400000000001
776.878 0.36667000000000005
777.171 0.3966700000000003
777.464 0.38334
777.758 0.3533400000000002
778.049 0.34667000000000003
778.342 0.355
778.636 0.375
778.929 0.36167000000000016
779.222 0.33499999999999996
779.515 0.36167000000000016
779.809 0.36334
780.102 0.355
780.393 0.3516699999999999
780.686 0.3733400000000002
780.979 0.36667000000000005
781.273 0.3450000000000002
781.566 0.36667000000000005
781.859 0.38000000000000034
782.152 0.355
782.443 0.38000000000000034
782.737 0.375
783.03 0.36667000000000005
783.323 0.36667000000000005
783.616 0.3816700000000002
783.909 0.33499999999999996
784.2 0.38334
784.493 0.3600000000000003
784.786 0.38334
785.079 0.3533400000000002
785.372 0.3583400000000001
785.664 0.3333400000000002
785.957 0.34334
786.25 0.36834000000000033
786.543 0.28500000000000014
786.836 0.33499999999999996
787.127 0.36167000000000016
787.42 0.3283400000000003
787.713 0.3733400000000002
788.006 0.36667000000000005
788.299 0.3766700000000003
788.59 0.3583400000000001
788.882 0.3600000000000003
789.175 0.36334
789.468 0.36667000000000005
789.761 0.3500000000000001
790.052 0.36667000000000005
790.345 0.3700000000000001
790.638 0.37166999999999994
790.931 0.3600000000000003
791.222 0.40500000000000025
791.515 0.36334
791.807 0.3383400000000001
792.1 0.36834000000000033
792.391 0.39334000000000024
792.684 0.30333999999999994
792.977 0.33667000000000025
793.27 0.375
793.56 0.3333400000000002
793.853 0.37166999999999994
794.146 0.3733400000000002
794.439 0.375
794.729 0.3700000000000001
795.022 0.34667000000000003
795.315 0.34667000000000003
795.606 0.38500000000000023
795.898 0.3650000000000002
796.191 0.3650000000000002
796.484 0.36334
796.775 0.3733400000000002
797.067 0.3500000000000001
797.36 0.35667000000000026
797.651 0.36667000000000005
797.943 0.3533400000000002
798.236 0.3533400000000002
798.528 0.36167000000000016
798.819 0.3483400000000003
799.112 0.3783400000000001
799.404 0.3383400000000001
799.695 0.36167000000000016
799.987 0.36667000000000005
800.28 0.3700000000000001
800.571 0.36334
800.863 0.3766700000000003
801.156 0.3783400000000001
801.446 0.355
801.739 0.375
802.031 0.3900000000000001
802.322 0.36667000000000005
802.614 0.40334000000000003
802.907 0.3883399999999999
803.197 0.36334
803.49 0.35667000000000026
803.782 0.3900000000000001
804.073 0.3733400000000002
804.365 0.3583400000000001
804.658 0.36334
804.948 0.37166999999999994
805.241 0.3883399999999999
805.531 0.3783400000000001
805.823 0.38000000000000034
806.116 0.3816700000000002
806.406 0.355
806.698 0.3733400000000002
806.991 0.37166999999999994
807.281 0.3650000000000002
807.574 0.36667000000000005
807.864 0.3700000000000001
808.156 0.36167000000000016
808.449 0.3450000000000002
808.739 0.3783400000000001
809.031 0.3783400000000001
809.321 0.3483400000000003
809.614 0.3516699999999999
809.906 0.3700000000000001
810.196 0.36834000000000033
810.489 0.36834000000000033
810.779 0.355
811.071 0.36834000000000033
811.363 0.3133400000000002
811.653 0.395
811.946 0.3483400000000003
812.236 0.3583400000000001
812.528 0.3583400000000001
812.818 0.355
813.11 0.3999999999999999
813.401 0.36334
813.693 0.39166999999999996
813.985 0.36334
814.275 0.3816700000000002
814.567 0.37166999999999994
814.857 0.33667000000000025
815.149 0.3516699999999999
815.439 0.38334
815.731 0.3700000000000001
816.022 0.36834000000000033
816.314 0.38334
816.604 0.3650000000000002
816.896 0.3600000000000003
817.188 0.38000000000000034
817.478 0.35667000000000026
817.77 0.3700000000000001
818.06 0.3516699999999999
818.352 0.395
818.642 0.38667000000000007
818.934 0.3583400000000001
819.224 0.375
819.516 0.36167000000000016
819.806 0.36334
820.098 0.38500000000000023
820.388 0.38667000000000007
820.679 0.3766700000000003
820.969 0.3600000000000003
821.261 0.3766700000000003
821.551 0.3600000000000003
821.843 0.38000000000000034
822.133 0.36334
822.423 0.3783400000000001
822.715 0.34667000000000003
823.005 0.3650000000000002
823.296 0.375
823.586 0.36334
823.878 0.35667000000000026
824.168 0.395
824.46 0.3650000000000002
824.749 0.34167000000000014
825.041 0.3766700000000003
825.331 0.3783400000000001
825.623 0.3883399999999999
825.912 0.3783400000000001
826.202 0.33667000000000025
826.494 0.36667000000000005
826.784 0.36334
827.075 0.38000000000000034
827.365 0.4083399999999999
827.657 0.35667000000000026
827.947 0.36167000000000016
828.236 0.36834000000000033
828.528 0.38000000000000034
828.818 0.40500000000000025
829.109 0.3600000000000003
829.399 0.33000000000000007
829.69 0.4066700000000001
829.98 0.35667000000000026
830.27 0.34334
830.561 0.3600000000000003
830.851 0.38500000000000023
831.143 0.28000000000000025
831.432 0.375
831.722 0.3583400000000001
832.013 0.36834000000000033
832.303 0.3816700000000002
832.592 0.3700000000000001
832.884 0.39166999999999996
833.173 0.395
833.465 0.36167000000000016
833.754 0.37049267634753225
834.044 0.37016719234223894
834.335 0.3703575614215979
834.625 0.37017539573370506
834.914 0.37045534994609985
835.206 0.3766700000000003
835.495 0.3483400000000003
835.785 0.375
836.076 0.3700000000000001
836.366 0.3700000000000001
836.657 0.3733400000000002
836.946 0.3783400000000001
837.236 0.3900000000000001
837.527 0.3450000000000002
837.817 0.3500000000000001
838.106 0.38000000000000034
838.397 0.38667000000000007
838.687 0.29000000000000004
838.976 0.38500000000000023
839.265 0.3500000000000001
839.557 0.3816700000000002
839.846 0.3500000000000001
840.135 0.37166999999999994
840.426 0.36167000000000016
840.716 0.3316699999999999
841.005 0.38500000000000023
841.296 0.34167000000000014
841.586 0.34334
841.875 0.39166999999999996
842.166 0.3450000000000002
842.455 0.36167000000000016
842.744 0.37166999999999994
843.034 0.36167000000000016
843.325 0.34167000000000014
843.614 0.39166999999999996
843.903 0.3400000000000003
844.194 0.355
844.484 0.35667000000000026
844.773 0.36167000000000016
845.062 0.3500000000000001
845.353 0.3900000000000001
845.642 0.35667000000000026
845.931 0.3766700000000003
846.22 0.3816700000000002
846.511 0.39834000000000014
846.801 0.37166999999999994
847.09 0.36834000000000033
847.379 0.38500000000000023
847.67 0.3883399999999999
847.959 0.3766700000000003
848.248 0.3766700000000003
848.537 0.375
848.828 0.3450000000000002
849.117 0.34334
849.406 0.36667000000000005
849.695 0.355
849.984 0.3700000000000001
850.275 0.35667000000000026
850.564 0.36667000000000005
850.853 0.33499999999999996
851.142 0.3766700000000003
851.431 0.38500000000000023
851.722 0.43667000000000034
852.011 0.4024257638508284
852.299 0.4019304707740705
852.588 0.4022059136875944
852.877 0.40228921530841166
853.168 0.40217179121548785
853.457 0.3883399999999999
853.746 0.39834000000000014
854.035 0.36834000000000033
854.324 0.31000000000000005
854.614 0.38334
854.903 0.3783400000000001
855.192 0.375
855.481 0.38500000000000023
855.77 0.3650000000000002
856.058 0.3999999999999999
856.349 0.3516699999999999
856.638 0.3500000000000001
856.927 0.30667
857.216 0.41167
857.504 0.3816700000000002
857.793 0.34167000000000014
858.082 0.36834000000000033
858.372 0.3766700000000003
858.661 0.30500000000000016
858.95 0.36667000000000005
859.239 0.3500000000000001
859.527 0.3766700000000003
859.816 0.38000000000000034
860.105 0.38667000000000007
860.395 0.395
860.684 0.3999999999999999
860.973 0.36167000000000016
861.261 0.3783400000000001
861.55 0.3999999999999999
861.838 0.3966700000000003
862.127 0.4083399999999999
862.416 0.375
862.704 0.3783400000000001
862.993 0.33000000000000007
863.283 0.35667000000000026
863.572 0.39834000000000014
863.86 0.37166999999999994
864.149 0.355
864.437 0.3733400000000002
864.726 0.36667000000000005
865.014 0.4066700000000001
865.303 0.3900000000000001
865.591 0.34334
865.88 0.40334000000000003
866.168 0.39166999999999996
866.457 0.38000000000000034
866.747 0.38667000000000007
867.036 0.3883399999999999
867.324 0.34334
867.613 0.395
867.901 0.33499999999999996
868.189 0.3766700000000003
868.478 0.3533400000000002
868.766 0.38667000000000007
869.055 0.3650000000000002
869.343 0.3516699999999999
869.631 0.38500000000000023
869.92 0.3400000000000003
870.208 0.34667000000000003
870.496 0.29834000000000005
870.785 0.38334
871.073 0.33000000000000007
871.361 0.39834000000000014
871.65 0.3431822502667332
871.938 0.3435552370673838
872.226 0.34059894846432126
872.514 0.3410462529532823
872.803 0.3650991491367481
873.091 0.3700942494644974
873.379 0.37038126463344456
873.667 0.36681291696223406
873.956 0.3663150791821228
874.244 0.38667000000000007
874.532 0.36019623965778713
874.82 0.3569123385114916
875.108 0.3575344834957024
875.397 0.3573294320520439
875.685 0.35864432215899056
875.973 0.33667000000000025
876.261 0.30000000000000027
876.549 0.28834000000000026
876.837 0.29834000000000005
877.125 0.355
877.414 0.3500000000000001
877.702 0.3516699999999999
877.99 0.3733400000000002
878.278 0.28000000000000025
878.566 0.29334000000000016
878.854 0.33000000000000007
879.142 0.3316699999999999
879.43 0.3133400000000002
879.718 0.3516699999999999
880.004 0.3650000000000002
880.292 0.38000000000000034
880.58 0.21167000000000025
880.868 0.2650000000000001
881.156 0.34667000000000003
881.444 0.34167000000000014
881.732 0.3766700000000003
882.02 0.378708951876749
882.308 0.3786260753584161
882.596 0.3790242650292237
882.884 0.37973992251846944
883.172 0.37848157844110375
883.458 0.39166999999999996
883.746 0.40500000000000025
884.034 0.355
884.322 0.2966700000000002
884.609 0.23667000000000016
884.897 0.32333999999999996
885.185 0.3283400000000003
885.473 0.38334
885.761 0.3316699999999999
886.049 0.3533400000000002
886.335 0.3583400000000001
886.622 0.32946774579937577
886.91 0.3288769755989138
887.198 0.3309999275293585
887.486 0.3287622362199931
887.774 0.32875638498007476
888.061 0.29334000000000016
888.347 0.31167000000000034
888.635 0.3209390175997995
888.923 0.3192805268701333
889.21 0.31900314886031955
889.498 0.321873529087894
889.786 0.3210182228959608
890.073 0.31107334780390516
890.359 0.31225580554530863
890.647 0.31062106516214705
890.935 0.31058600821360294
891.222 0.31114544366005115
891.51 0.34405058662410726
891.798 0.33982841760344584
892.083 0.29000000000000004
892.371 0.38667000000000007
892.659 0.29334000000000016
892.946 0.3883399999999999
893.234 0.3200000000000003
893.519 0.3600000000000003
893.807 0.2650000000000001
894.094 0.24666999999999994
894.382 0.31499999999999995
894.67 0.33000000000000007
894.955 0.24834000000000023
895.243 0.30333999999999994
895.53 0.3400000000000003
895.818 0.25500000000000034
896.105 0.28383487375206595
896.391 0.28463918766547636
896.678 0.28563621761638913
896.966 0.2846869653068653
897.253 0.2849889851918386
897.539 0.24834000000000023
897.826 0.29834000000000005
898.114 0.29000000000000004
898.401 0.26666999999999996
898.689 0.31667000000000023
898.974 0.2749999999999999
899.261 0.30667
899.549 0.26785720710463945
899.836 0.27305798166712547
900.122 0.2724592256718137
900.409 0.27194667871251843
900.696 0.2703599656415352
900.982 0.30081050502385676
901.269 0.2992615017898461
901.556 0.30040388392072304
901.844 0.2997305396302812
902.129 0.3007032911098966
902.417 0.31667000000000023
902.704 0.3227629438713211
902.991 0.3228942534962602
903.276 0.320691625163255
903.564 0.32248114380025017
903.851 0.3226364409367539
904.136 0.33058581469240655
904.423 0.3378038301552051
904.711 0.3366031651491421
904.998 0.3329997387898773
905.283 0.23834
905.57 0.33499999999999996
905.858 0.24167000000000005
906.143 0.26666999999999996
906.43 0.23500000000000032
906.717 0.28834000000000026
907.002 0.3650000000000002
907.29 0.2533400000000001
907.577 0.31834000000000007
907.862 0.3047106837953941
908.149 0.30430737521576123
908.436 0.30333096898636747
908.721 0.3037094926950754
909.008 0.30356267818176086
909.295 0.3083400000000003
909.581 0.33499999999999996
909.868 0.3650000000000002
910.155 0.3071061780155451
910.44 0.30870183862434963
910.727 0.30285574259383097
911.014 0.3069494444919387
911.299 0.30344055658859137
911.586 0.27834000000000003
911.871 0.2450000000000001
912.158 0.31000000000000005
912.445 0.25
912.73 0.26834000000000024
913.017 0.26666999999999996
913.304 0.3200000000000003
913.589 0.26666999999999996
913.876 0.2874448924938955
914.161 0.2861653285749055
914.448 0.2869354296422939
914.735 0.28660207162018025
915.02 0.28776048543509436
915.307 0.30667
915.591 0.25500000000000034
915.878 0.28500000000000014
916.165 0.27834000000000003
916.45 0.2533400000000001
916.737 0.25500000000000034
917.022 0.2472006958602755
917.309 0.24438254283373384
917.595 0.24869001271543878
917.88 0.24443819763268548
918.167 0.2433589293137226
918.452 0.28058996571019845
918.739 0.27739187632548123
919.024 0.28173459126374256
919.31 0.2801854729092268
919.597 0.2778735780512549
919.882 0.31667000000000023
920.169 0.27
920.453 0.2916700000000003
920.74 0.16500000000000004
921.025 0.26666999999999996
921.312 0.2650000000000001
921.596 0.3083400000000003
921.883 0.15833999999999993
922.168 0.3333400000000002
922.454 0.2150000000000003
922.741 0.3200000000000003
923.026 0.29849936153700085
923.312 0.3003393448400935
923.597 0.30135178601379975
923.884 0.29406236904977456
924.168 0.2981550951691774
924.455 0.3450000000000002
924.74 0.31000000000000005
925.026 0.29334000000000016
925.311 0.3650000000000002
925.597 0.19833999999999996
925.882 0.24167000000000005
926.169 0.20999999999999996
926.453 0.26463003105016547
926.74 0.2645600913481161
927.024 0.256681643077314
927.311 0.2618279154596044
927.595 0.2537564447933298
927.882 0.2537053327914496
928.166 0.2537925831341541
928.453 0.25362420257751417
928.737 0.25365277021515364
929.022 0.2533400000000001
929.308 0.26666999999999996
929.593 0.27834000000000003
929.879 0.24167000000000005
930.164 0.27334000000000014
930.45 0.2650000000000001
930.734 0.22666999999999993
931.021 0.24334000000000033
931.305 0.2633399999999999
931.592 0.23667000000000016
931.876 0.2678823291810697
932.16 0.26717344062963333
932.447 0.26820098710808304
932.731 0.2686819210138971
933.018 0.26883295347766056
933.302 0.2533400000000001
933.588 0.32333999999999996
933.873 0.27
934.157 0.2766700000000002
934.443 0.32667
934.727 0.2749999999999999
935.014 0.16334000000000026
935.298 0.26167000000000007
935.582 0.2450000000000001
935.869 0.2566700000000002
936.153 0.2966700000000002
936.439 0.2716700000000003
936.723 0.24938184173455102
937.008 0.25144605106944073
937.294 0.250715082294382
937.578 0.25094281898256954
937.864 0.25041382523629574
938.148 0.21833999999999998
938.433 0.21667000000000014
938.719 0.2200000000000002
939.003 0.2833399999999999
939.287 0.2816700000000001
939.573 0.3766700000000003
939.857 0.17334000000000005
940.143 0.25
940.428 0.32333999999999996
940.712 0.19833999999999996
940.998 0.27
941.282 0.23667000000000016
941.566 0.22666999999999993
941.852 0.2333400000000001
942.136 0.27
942.42 0.2833399999999999
942.706 0.26167000000000007
942.99 0.20500000000000007
943.274 0.2450000000000001
943.56 0.19334000000000007
943.844 0.22999999999999998
944.128 0.29000000000000004
944.414 0.2966700000000002
944.698 0.19833999999999996
944.982 0.3083400000000003
945.268 0.2283400000000002
945.552 0.23500000000000032
945.836 0.21667000000000014
946.12 0.34167000000000014
946.406 0.33000000000000007
946.69 0.12667000000000028
946.974 0.23744165458076782
947.26 0.24638909875655157
947.544 0.22877851778265246
947.828 0.24234272990028094
948.114 0.248748369005507
948.397 0.2150000000000003
948.681 0.29000000000000004
948.965 0.28667
949.251 0.27842406985917334
949.535 0.27965444113403004
949.819 0.27945756821376744
950.103 0.2786583276827401
950.388 0.27890668207130975
950.672 0.24334000000000033
950.956 0.29499999999999993
951.24 0.2566700000000002
951.525 0.2450000000000001
951.809 0.2566700000000002
952.093 0.2533400000000001
952.377 0.24666999999999994
952.662 0.2066699999999999
952.946 0.31834000000000007
953.23 0.18834000000000017
953.514 0.23167000000000026
953.799 0.26666999999999996
954.083 0.29499999999999993
954.367 0.3016700000000001
954.65 0.17833999999999994
954.934 0.2533400000000001
955.22 0.2916700000000003
955.503 0.24834000000000023
955.787 0.24167000000000005
956.071 0.28667
956.356 0.2916700000000003
956.64 0.28000000000000025
956.924 0.3200000000000003
957.207 0.18334000000000028
957.491 0.27834000000000003
957.774 0.19833999999999996
958.06 0.2450000000000001
958.343 0.27834000000000003
958.627 0.24334000000000033
958.911 0.28500000000000014
959.194 0.19667000000000012
959.48 0.17833999999999994
959.763 0.2533400000000001
960.047 0.2150000000000003
960.33 0.2650000000000001
960.614 0.3016700000000001
960.897 0.2833399999999999
961.182 0.20000000000000018
961.466 0.24334000000000033
961.749 0.20500000000000007
962.033 0.25772317346173246
962.316 0.25769708777638867
962.6 0.2569301798227692
962.883 0.25464483960356565
963.169 0.2579066580807945
963.452 0.27334000000000014
963.735 0.31000000000000005
964.019 0.2066699999999999
964.302 0.23667000000000016
964.586 0.21813378324490929
964.869 0.21655348837265587
965.152 0.22285366345923308
965.438 0.2193517272193115
965.721 0.2201271142318868
966.004 0.16667000000000032
966.288 0.2716700000000003
966.571 0.1516700000000002
966.854 0.27334000000000014
967.137 0.26834000000000024
967.421 0.22666999999999993
967.704 0.21167000000000025
967.987 0.33667000000000025
968.272 0.19667000000000012
968.556 0.14334000000000024
968.839 0.23667000000000016
969.122 0.32333999999999996
969.405 0.2533400000000001
969.689 0.2749999999999999
969.972 0.29834000000000005
970.255 0.17500000000000027
970.538 0.21334000000000009
970.821 0.25834
971.105 0.16834000000000016
971.388 0.2250000000000001
971.671 0.1566700000000001
971.954 0.2083400000000002
972.237 0.26167000000000007
972.52 0.2083400000000002
972.805 0.27834000000000003
973.088 0.14500000000000002
973.371 0.2033400000000003
973.655 0.18667000000000034
973.938 0.2283400000000002
974.221 0.19833999999999996
974.504 0.21334000000000009
974.787 0.26000000000000023
975.07 0.2066699999999999
975.353 0.15833999999999993
975.636 0.21084109585506816
975.919 0.21073781396027513
976.202 0.2098231787374778
976.485 0.21176170985353915
976.768 0.20822598663309044
977.051 0.2400000000000002
977.334 0.23667000000000016
977.617 0.24834000000000023
977.9 0.27
978.183 0.25
978.466 0.2400000000000002
978.749 0.23500000000000032
979.031 0.2516700000000003
979.314 0.28000000000000025
979.597 0.22167000000000003
979.88 0.23167000000000026
980.163 0.1766700000000001
980.446 0.23500000000000032
980.729 0.23834
981.01 0.20000000000000018
981.293 0.2833399999999999
981.575 0.23500000000000032
981.858 0.2916700000000003
982.141 0.2766700000000002
982.424 0.19334000000000007
982.707 0.27834000000000003
982.989 0.28500000000000014
983.272 0.18334000000000028
983.555 0.2833399999999999
983.838 0.2833399999999999
984.12 0.22999999999999998
984.403 0.24666999999999994
984.686 0.2833399999999999
984.969 0.28000000000000025
985.251 0.20500000000000007
985.532 0.26167000000000007
985.815 0.20500000000000007
986.098 0.2400000000000002
986.38 0.2966700000000002
986.663 0.2685546883942278
986.946 0.2686411842956997
987.228 0.2678213451892657
987.511 0.26792960755170236
987.794 0.26793408218088643
988.076 0.25500000000000034
988.357 0.2816700000000001
988.639 0.19667000000000012
988.922 0.19833999999999996
989.205 0.3016700000000001
989.487 0.18500000000000005
989.77 0.2516700000000003
990.052 0.18834000000000017
990.335 0.25500000000000034
990.616 0.2566700000000002
990.898 0.24009720976856563
991.181 0.24098286283960846
991.463 0.24085888511222198
991.746 0.24048708314951295
992.028 0.24050650415667452
992.311 0.2650000000000001
992.591 0.18500000000000005
992.874 0.13000000000000034
993.156 0.2083400000000002
993.439 0.23500000000000032
993.721 0.2833399999999999
994.003 0.19167000000000023
994.284 0.24834000000000023
994.566 0.21334000000000009
994.849 0.2633399999999999
995.131 0.23167000000000026
995.414 0.27334000000000014
995.696 0.15334000000000003
995.976 0.22666999999999993
996.259 0.24334000000000033
996.541 0.2516700000000003
996.823 0.19667000000000012
997.106 0.2200000000000002
997.386 0.22334000000000032
997.669 0.27834000000000003
997.951 0.2533400000000001
998.233 0.2150000000000003
998.516 0.21167000000000025
998.796 0.1466700000000003
999.078 0.20000000000000018
999.36 0.21334000000000009
999.643 0.2333400000000001
999.923 0.17500000000000027
1000.21 0.19334000000000007
1000.49 0.19167000000000023
1000.77 0.19667000000000012
1001.05 0.24666999999999994
1001.33 0.22999999999999998
1001.61 0.26167000000000007
1001.9 0.06334000000000017
1002.18 0.19167000000000023
1002.46 0.23667000000000016
1002.74 0.28667
1003.02 0.2706104291408593
1003.3 0.27142502827405357
1003.59 0.27311184677702016
1003.87 0.2713987604618482
1004.15 0.27214789027677755
1004.43 0.2450000000000001
1004.71 0.3216700000000001
1004.99 0.23667000000000016
1005.28 0.26000000000000023
1005.56 0.17833999999999994
1005.84 0.22666999999999993
1006.12 0.1566700000000001
1006.4 0.13500000000000023
1006.68 0.1863123944363867
1006.96 0.18410721086018578
1007.24 0.18465633710813778
1007.53 0.18547030947353038
1007.81 0.18566620352174068
1008.09 0.21833999999999998
1008.37 0.23667000000000016
1008.65 0.2033400000000003
1008.93 0.2033400000000003
1009.21 0.18999999999999995
1009.5 0.1766700000000001
1009.78 0.22999999999999998
1010.06 0.13667000000000007
1010.34 0.2916700000000003
1010.62 0.16500000000000004
1010.9 0.22334000000000032
1011.18 0.21833999999999998
1011.47 0.16667000000000032
1011.75 0.24167000000000005
1012.03 0.20167000000000002
1012.31 0.21667000000000014
1012.59 0.125
1012.87 0.21667000000000014
1013.15 0.2833399999999999
1013.43 0.2200000000000002
1013.72 0.23834
1014.0 0.28500000000000014
1014.28 0.27834000000000003
1014.56 0.11500000000000021
1014.84 0.2033400000000003
1015.12 0.22167000000000003
1015.4 0.1466700000000003
1015.68 0.1766700000000001
1015.96 0.3016700000000001
1016.24 0.14500000000000002
1016.53 0.2250000000000001
1016.81 0.20999999999999996
1017.09 0.21334000000000009
1017.37 0.3133400000000002
1017.65 0.18999999999999995
1017.93 0.21667000000000014
1018.21 0.23667000000000016
1018.49 0.21667000000000014
1018.77 0.26666999999999996
1019.05 0.31667000000000023
1019.33 0.2150000000000003
1019.61 0.18999999999999995
1019.9 0.20346147885060706
1020.18 0.20099328780830428
1020.46 0.20207244056167672
1020.74 0.1966542229117465
1021.02 0.20774779772652296
1021.3 0.2054386116465854
1021.58 0.20030453874243248
1021.86 0.20453409472131678
1022.14 0.19794521130407805
1022.42 0.20211318729931982
1022.7 0.19605467647738584
1022.98 0.16166999999999998
1023.26 0.21334000000000009
1023.54 0.13000000000000034
1023.83 0.13500000000000023
1024.11 0.16500000000000004
1024.39 0.19334000000000007
1024.67 0.14500000000000002
1024.95 0.20293491535986297
1025.23 0.2005590510273958
1025.51 0.19839210401287444
1025.79 0.20094490084657401
1026.07 0.20553589465599043
1026.35 0.19667000000000012
1026.63 0.27334000000000014
1026.91 0.13334000000000001
1027.19 0.12166999999999994
1027.47 0.12834000000000012
1027.75 0.18167
1028.03 0.1466700000000003
1028.31 0.2450000000000001
1028.59 0.21833999999999998
1028.87 0.13167000000000018
1029.15 0.19167000000000023
1029.43 0.24834000000000023
1029.71 0.18500000000000005
1030.0 0.17833999999999994
1030.27 0.20000000000000018
1030.56 0.2150000000000003
1030.84 0.15833999999999993
1031.12 0.1766700000000001
1031.4 0.1466700000000003
1031.68 0.19833999999999996
1031.96 0.2833399999999999
1032.24 0.2200000000000002
1032.52 0.13667000000000007
1032.8 0.20500000000000007
1033.08 0.16324714193230427
1033.36 0.16288705599782283
1033.64 0.1625378323632236
1033.92 0.16284730010402937
1034.2 0.1620731245717444
1034.48 0.16166999999999998
1034.76 0.14500000000000002
1035.04 0.16834000000000016
1035.32 0.17500000000000027
1035.6 0.20999999999999996
1035.88 0.16748638900818724
1036.16 0.16570579102524663
1036.44 0.16894039502728386
1036.72 0.16591950041245385
1037.0 0.1665941428767317
1037.28 0.1200000000000001
1037.56 0.16500000000000004
1037.84 0.12334000000000023
1038.12 0.16000000000000014
1038.4 0.15833999999999993
1038.68 0.2516700000000003
1038.96 0.20999999999999996
1039.24 0.050000000000000266
1039.52 0.1516700000000002
1039.79 0.18334000000000028
1040.08 0.16000000000000014
1040.35 0.18999999999999995
1040.64 0.16999999999999993
1040.91 0.21983111975957748
1041.19 0.2173105286123289
1041.47 0.2128694758242582
1041.75 0.21625688287058376
1042.03 0.2180943575369496
1042.31 0.21667000000000014
1042.59 0.29499999999999993
1042.87 0.1566700000000001
1043.15 0.11834000000000033
1043.43 0.11334
1043.71 0.16667000000000032
1043.99 0.2182946738593352
1044.27 0.21336557373894616
1044.55 0.21701312698782793
1044.83 0.21676357757659925
1045.11 0.18707050824506322
1045.39 0.1693427487615029
1045.67 0.18675937552179
1045.95 0.18305860187762768
1046.23 0.17964189895608218
1046.51 0.20500000000000007
1046.79 0.07000000000000028
1047.06 0.13000000000000034
1047.34 0.14500000000000002
1047.62 0.15334000000000003
1047.9 0.09333999999999998
1048.18 0.1083400000000001
1048.46 0.14166999999999996
1048.74 0.2250000000000001
1049.02 0.08166999999999991
1049.3 0.22167000000000003
1049.58 0.22999999999999998
1049.86 0.19833999999999996
1050.14 0.10499999999999998
1050.42 0.2066699999999999
1050.7 0.09167000000000014
1050.97 0.18167
1051.25 0.13296280843341313
1051.53 0.13423361825449387
1051.81 0.1366426766893607
1052.09 0.1346824597400995
1052.37 0.13744317991701527
1052.65 0.12166999999999994
1052.93 0.14834000000000014
1053.21 0.18500000000000005
1053.49 0.23500000000000032
1053.77 0.08000000000000007
1054.05 0.10000000000000009
1054.32 0.21167000000000025
1054.6 0.14500000000000002
1054.88 0.10000000000000009
1055.16 0.27334000000000014
1055.44 0.1766700000000001
1055.72 0.2716700000000003
1056.0 0.09667000000000003
1056.28 0.2066699999999999
1056.56 0.14166999999999996
1056.84 0.15500000000000025
1057.11 0.15500000000000025
1057.39 0.16999999999999993
1057.67 0.19167000000000023
1057.95 0.125
1058.23 0.12667000000000028
1058.51 0.11000000000000032
1058.79 0.1516700000000002
1059.07 0.10667000000000026
1059.34 0.22167000000000003
1059.62 0.1716700000000002
1059.9 0.19500000000000028
1060.18 0.16000000000000014
1060.46 0.22334000000000032
1060.74 0.1716700000000002
1061.02 0.1499999999999999
1061.3 0.15833999999999993
1061.57 0.11834000000000033
1061.85 0.16000000000000014
1062.13 0.12667000000000028
1062.41 0.08499999999999996
1062.69 0.11000000000000032
1062.97 0.10667000000000026
1063.25 0.1083400000000001
1063.53 0.08334000000000019
1063.8 0.07167000000000012
1064.08 0.16000000000000014
1064.36 0.26834000000000024
1064.64 0.18167
1064.92 0.16834000000000016
1065.2 0.2083400000000002
1065.47 0.1766700000000001
1065.75 0.17500000000000027
1066.03 0.16834000000000016
1066.31 0.20999999999999996
1066.59 0.11834000000000033
1066.87 0.16667000000000032
1067.14 0.16834000000000016
1067.42 0.10000000000000009
1067.7 0.1766700000000001
1067.98 0.23167000000000026
1068.26 0.1700366721406259
1068.54 0.17286520146357187
1068.82 0.17140588155697012
1069.09 0.16933812584179853
1069.37 0.16993600769813355
1069.65 0.13667000000000007
1069.93 0.14166999999999996
1070.21 0.13500000000000023
1070.48 0.1566700000000001
1070.76 0.19500000000000028
1071.04 0.1716700000000002
1071.32 0.23167000000000026
1071.6 0.08667000000000025
1071.87 0.18167
1072.15 0.09667000000000003
1072.43 0.1566700000000001
1072.71 0.1566700000000001
1072.99 0.05667
1073.26 0.14926634352239532
1073.54 0.1480343399093762
1073.82 0.14587331298161743
1074.1 0.14592255377119923
1074.38 0.14749518479422186
1074.65 0.20000000000000018
1074.93 0.16000000000000014
1075.21 0.12883508237232055
1075.49 0.1277999183143823
1075.77 0.12399140309416845
1076.05 0.12504810564861701
1076.32 0.12589262625874742
1076.6 0.1257489132215741
1076.88 0.12665982428233846
1077.16 0.1383399999999999
1077.43 0.12334000000000023
1077.71 0.10166999999999993
1077.99 0.1766700000000001
1078.27 0.12166999999999994
1078.55 0.16667000000000032
1078.82 0.10667000000000026
1079.1 0.13334000000000001
1079.38 0.19334000000000007
1079.66 0.07167000000000012
1079.93 0.0950000000000002
1080.21 0.13500000000000023
1080.49 0.08834000000000009
1080.77 0.0
1081.05 0.08334000000000019
1081.32 0.16500000000000004
1081.6 0.09333999999999998
1081.88 0.05667
1082.16 0.09834000000000032
1082.43 0.050000000000000266
1082.71 0.04667000000000021
1082.99 0.08834000000000009
1083.27 0.05500000000000016
1083.54 0.016669999999999963
1083.82 0.05451418950788023
1084.1 0.05306659823516524
1084.38 0.0533978418045038
1084.65 0.104537976463976
1084.93 0.10172679074156221
1085.21 0.10655187550018796
1085.49 0.11445130814941296
1085.76 0.10939998100396187
1086.04 0.10523092808976653
1086.32 0.10833568572619745
1086.6 0.11874236931171955
1086.87 0.07422780108793114
1087.15 0.07681286548742872
1087.43 0.07918806856071647
1087.71 0.08137429237443827
1087.98 0.08176879041062968
1088.26 0.028340000000000032
1088.54 0.1566700000000001
1088.81 0.0783400000000003
1089.09 0.08667000000000025
1089.37 0.06444229472499208
1089.65 0.06268342699874019
1089.92 0.06494273326556099
1090.2 0.06588402372643198
1090.48 0.062554647338112
1090.75 0.08667000000000025
1091.03 0.0033400000000001207
