# rshift,intensity
79.783789,0.222931
80.096689,0.222932
80.409589,0.222933
80.722489,0.222933
81.035389,0.222934
81.348289,0.222935
81.661189,0.222936
81.974089,0.222937
82.286989,0.222937
82.599889,0.222938
82.912789,0.222939
83.225689,0.222940
83.538588,0.222941
83.851488,0.222941
84.164388,0.222942
84.477288,0.222943
84.790188,0.222944
85.103088,0.222945
85.415988,0.222945
85.728888,0.222946
86.041788,0.222947
86.354688,0.222948
86.667588,0.222949
86.980488,0.222949
87.293388,0.222950
87.606288,0.222951
87.919188,0.222952
88.232088,0.222953
88.544988,0.222954
88.857888,0.222954
89.170788,0.222955
89.483688,0.222956
89.796587,0.222957
90.109487,0.222958
90.422387,0.222959
90.735287,0.222959
91.048187,0.222960
91.361087,0.222961
91.673987,0.222962
91.986887,0.222963
92.299787,0.222964
92.612687,0.222964
92.925587,0.222965
93.238487,0.222966
93.551387,0.222967
93.864287,0.222968
94.177187,0.222969
94.490087,0.222970
94.802987,0.222970
95.115887,0.222971
95.428787,0.222972
95.741687,0.222973
96.054587,0.222974
96.367486,0.222975
96.680386,0.222976
96.993286,0.222977
97.306186,0.222978
97.619086,0.222978
97.931986,0.222979
98.244886,0.222980
98.557786,0.222981
98.870686,0.222982
99.183586,0.222983
99.496486,0.222984
99.809386,0.222985
100.122286,0.222986
100.435186,0.222987
100.748086,0.222987
101.060986,0.222988
101.373886,0.222989
101.686786,0.222990
101.999686,0.222991
102.312586,0.222992
102.625485,0.222993
102.938385,0.222994
103.251285,0.222995
103.564185,0.222996
103.877085,0.222997
104.189985,0.222998
104.502885,0.222999
104.815785,0.223000
105.128685,0.223000
105.441585,0.223001
105.754485,0.223002
106.067385,0.223003
106.380285,0.223004
106.693185,0.223005
107.006085,0.223006
107.318985,0.223007
107.631885,0.223008
107.944785,0.223009
108.257685,0.223010
108.570585,0.223011
108.883484,0.223012
109.196384,0.223013
109.509284,0.223014
109.822184,0.223015
110.135084,0.223016
110.447984,0.223017
110.760884,0.223018
111.073784,0.223019
111.386684,0.223020
111.699584,0.223021
112.012484,0.223022
112.325384,0.223023
112.638284,0.223024
112.951184,0.223025
113.264084,0.223026
113.576984,0.223027
113.889884,0.223028
114.202784,0.223029
114.515684,0.223030
114.828584,0.223031
115.141483,0.223032
115.454383,0.223033
115.767283,0.223034
116.080183,0.223035
116.393083,0.223036
116.705983,0.223037
117.018883,0.223038
117.331783,0.223039
117.644683,0.223040
117.957583,0.223041
118.270483,0.223042
118.583383,0.223044
118.896283,0.223045
119.209183,0.223046
119.522083,0.223047
119.834983,0.223048
120.147883,0.223049
120.460783,0.223050
120.773683,0.223051
121.086583,0.223052
121.399482,0.223053
121.712382,0.223054
122.025282,0.223055
122.338182,0.223056
122.651082,0.223058
122.963982,0.223059
123.276882,0.223060
123.589782,0.223061
123.902682,0.223062
124.215582,0.223063
124.528482,0.223064
124.841382,0.223065
125.154282,0.223066
125.467182,0.223068
125.780082,0.223069
126.092982,0.223070
126.405882,0.223071
126.718782,0.223072
127.031682,0.223073
127.344582,0.223074
127.657481,0.223076
127.970381,0.223077
128.283281,0.223078
128.596181,0.223079
128.909081,0.223080
129.221981,0.223081
129.534881,0.223083
129.847781,0.223084
130.160681,0.223085
130.473581,0.223086
130.786481,0.223087
131.099381,0.223088
131.412281,0.223090
131.725181,0.223091
132.038081,0.223092
132.350981,0.223093
132.663881,0.223094
132.976781,0.223096
133.289681,0.223097
133.602581,0.223098
133.915481,0.223099
134.228380,0.223100
134.541280,0.223102
134.854180,0.223103
135.167080,0.223104
135.479980,0.223105
135.792880,0.223107
136.105780,0.223108
136.418680,0.223109
136.731580,0.223110
137.044480,0.223112
137.357380,0.223113
137.670280,0.223114
137.983180,0.223115
138.296080,0.223117
138.608980,0.223118
138.921880,0.223119
139.234780,0.223120
139.547680,0.223122
139.860580,0.223123
140.173480,0.223124
140.486379,0.223125
140.799279,0.223127
141.112179,0.223128
141.425079,0.223129
141.737979,0.223131
142.050879,0.223132
142.363779,0.223133
142.676679,0.223135
142.989579,0.223136
143.302479,0.223137
143.615379,0.223139
143.928279,0.223140
144.241179,0.223141
144.554079,0.223143
144.866979,0.223144
145.179879,0.223145
145.492779,0.223147
145.805679,0.223148
146.118579,0.223149
146.431479,0.223151
146.744378,0.223152
147.057278,0.223153
147.370178,0.223155
147.683078,0.223156
147.995978,0.223158
148.308878,0.223159
148.621778,0.223160
148.934678,0.223162
149.247578,0.223163
149.560478,0.223165
149.873378,0.223166
150.186278,0.223167
150.499178,0.223169
150.812078,0.223170
151.124978,0.223172
151.437878,0.223173
151.750778,0.223175
152.063678,0.223176
152.376578,0.223177
152.689478,0.223179
153.002377,0.223180
153.315277,0.223182
153.628177,0.223183
153.941077,0.223185
154.253977,0.223186
154.566877,0.223188
154.879777,0.223189
155.192677,0.223191
155.505577,0.223192
155.818477,0.223194
156.131377,0.223195
156.444277,0.223197
156.757177,0.223198
157.070077,0.223200
157.382977,0.223201
157.695877,0.223203
158.008777,0.223204
158.321677,0.223206
158.634577,0.223207
158.947477,0.223209
159.260376,0.223210
159.573276,0.223212
159.886176,0.223213
160.199076,0.223215
160.511976,0.223217
160.824876,0.223218
161.137776,0.223220
161.450676,0.223221
161.763576,0.223223
162.076476,0.223224
162.389376,0.223226
162.702276,0.223228
163.015176,0.223229
163.328076,0.223231
163.640976,0.223232
163.953876,0.223234
164.266776,0.223236
164.579676,0.223237
164.892576,0.223239
165.205476,0.223241
165.518375,0.223242
165.831275,0.223244
166.144175,0.223245
166.457075,0.223247
166.769975,0.223249
167.082875,0.223250
167.395775,0.223252
167.708675,0.223254
168.021575,0.223256
168.334475,0.223257
168.647375,0.223259
168.960275,0.223261
169.273175,0.223262
169.586075,0.223264
169.898975,0.223266
170.211875,0.223267
170.524775,0.223269
170.837675,0.223271
171.150575,0.223273
171.463475,0.223274
171.776375,0.223276
172.089274,0.223278
172.402174,0.223280
172.715074,0.223281
173.027974,0.223283
173.340874,0.223285
173.653774,0.223287
173.966674,0.223289
174.279574,0.223290
174.592474,0.223292
174.905374,0.223294
175.218274,0.223296
175.531174,0.223298
175.844074,0.223300
176.156974,0.223301
176.469874,0.223303
176.782774,0.223305
177.095674,0.223307
177.408574,0.223309
177.721474,0.223311
178.034374,0.223312
178.347273,0.223314
178.660173,0.223316
178.973073,0.223318
179.285973,0.223320
179.598873,0.223322
179.911773,0.223324
180.224673,0.223326
180.537573,0.223328
180.850473,0.223330
181.163373,0.223332
181.476273,0.223334
181.789173,0.223335
182.102073,0.223337
182.414973,0.223339
182.727873,0.223341
183.040773,0.223343
183.353673,0.223345
183.666573,0.223347
183.979473,0.223349
184.292373,0.223351
184.605272,0.223353
184.918172,0.223355
185.231072,0.223357
185.543972,0.223359
185.856872,0.223361
186.169772,0.223363
186.482672,0.223366
186.795572,0.223368
187.108472,0.223370
187.421372,0.223372
187.734272,0.223374
188.047172,0.223376
188.360072,0.223378
188.672972,0.223380
188.985872,0.223382
189.298772,0.223384
189.611672,0.223386
189.924572,0.223389
190.237472,0.223391
190.550372,0.223393
190.863271,0.223395
191.176171,0.223397
191.489071,0.223399
191.801971,0.223402
192.114871,0.223404
192.427771,0.223406
192.740671,0.223408
193.053571,0.223410
193.366471,0.223413
193.679371,0.223415
193.992271,0.223417
194.305171,0.223419
194.618071,0.223421
194.930971,0.223424
195.243871,0.223426
195.556771,0.223428
195.869671,0.223431
196.182571,0.223433
196.495471,0.223435
196.808371,0.223437
197.121270,0.223440
197.434170,0.223442
197.747070,0.223444
198.059970,0.223447
198.372870,0.223449
198.685770,0.223451
198.998670,0.223454
199.311570,0.223456
199.624470,0.223459
199.937370,0.223461
200.250270,0.223463
200.563170,0.223466
200.876070,0.223468
201.188970,0.223471
201.501870,0.223473
201.814770,0.223476
202.127670,0.223478
202.440570,0.223480
202.753470,0.223483
203.066370,0.223485
203.379269,0.223488
203.692169,0.223490
204.005069,0.223493
204.317969,0.223495
204.630869,0.223498
204.943769,0.223500
205.256669,0.223503
205.569569,0.223506
205.882469,0.223508
206.195369,0.223511
206.508269,0.223513
206.821169,0.223516
207.134069,0.223519
207.446969,0.223521
207.759869,0.223524
208.072769,0.223526
208.385669,0.223529
208.698569,0.223532
209.011469,0.223534
209.324369,0.223537
209.637269,0.223540
209.950168,0.223542
210.263068,0.223545
210.575968,0.223548
210.888868,0.223551
211.201768,0.223553
211.514668,0.223556
211.827568,0.223559
212.140468,0.223562
212.453368,0.223564
212.766268,0.223567
213.079168,0.223570
213.392068,0.223573
213.704968,0.223576
214.017868,0.223578
214.330768,0.223581
214.643668,0.223584
214.956568,0.223587
215.269468,0.223590
215.582368,0.223593
215.895268,0.223596
216.208167,0.223599
216.521067,0.223602
216.833967,0.223604
217.146867,0.223607
217.459767,0.223610
217.772667,0.223613
218.085567,0.223616
218.398467,0.223619
218.711367,0.223622
219.024267,0.223625
219.337167,0.223628
219.650067,0.223631
219.962967,0.223634
220.275867,0.223638
220.588767,0.223641
220.901667,0.223644
221.214567,0.223647
221.527467,0.223650
221.840367,0.223653
222.153267,0.223656
222.466166,0.223659
222.779066,0.223663
223.091966,0.223666
223.404866,0.223669
223.717766,0.223672
224.030666,0.223675
224.343566,0.223679
224.656466,0.223682
224.969366,0.223685
225.282266,0.223688
225.595166,0.223692
225.908066,0.223695
226.220966,0.223698
226.533866,0.223702
226.846766,0.223705
227.159666,0.223708
227.472566,0.223712
227.785466,0.223715
228.098366,0.223719
228.411266,0.223722
228.724165,0.223725
229.037065,0.223729
229.349965,0.223732
229.662865,0.223736
229.975765,0.223739
230.288665,0.223743
230.601565,0.223746
230.914465,0.223750
231.227365,0.223753
231.540265,0.223757
231.853165,0.223760
232.166065,0.223764
232.478965,0.223768
232.791865,0.223771
233.104765,0.223775
233.417665,0.223779
233.730565,0.223782
234.043465,0.223786
234.356365,0.223790
234.669265,0.223793
234.982164,0.223797
235.295064,0.223801
235.607964,0.223805
235.920864,0.223808
236.233764,0.223812
236.546664,0.223816
236.859564,0.223820
237.172464,0.223824
237.485364,0.223828
237.798264,0.223831
238.111164,0.223835
238.424064,0.223839
238.736964,0.223843
239.049864,0.223847
239.362764,0.223851
239.675664,0.223855
239.988564,0.223859
240.301464,0.223863
240.614364,0.223867
240.927264,0.223871
241.240163,0.223875
241.553063,0.223879
241.865963,0.223884
242.178863,0.223888
242.491763,0.223892
242.804663,0.223896
243.117563,0.223900
243.430463,0.223904
243.743363,0.223909
244.056263,0.223913
244.369163,0.223917
244.682063,0.223921
244.994963,0.223926
245.307863,0.223930
245.620763,0.223934
245.933663,0.223939
246.246563,0.223943
246.559463,0.223948
246.872363,0.223952
247.185263,0.223956
247.498163,0.223961
247.811062,0.223965
248.123962,0.223970
248.436862,0.223974
248.749762,0.223979
249.062662,0.223984
249.375562,0.223988
249.688462,0.223993
250.001362,0.223997
250.314262,0.224002
250.627162,0.224007
250.940062,0.224011
251.252962,0.224016
251.565862,0.224021
251.878762,0.224026
252.191662,0.224031
252.504562,0.224035
252.817462,0.224040
253.130362,0.224045
253.443262,0.224050
253.756162,0.224055
254.069061,0.224060
254.381961,0.224065
254.694861,0.224070
255.007761,0.224075
255.320661,0.224080
255.633561,0.224085
255.946461,0.224090
256.259361,0.224095
256.572261,0.224100
256.885161,0.224105
257.198061,0.224110
257.510961,0.224116
257.823861,0.224121
258.136761,0.224126
258.449661,0.224131
258.762561,0.224137
259.075461,0.224142
259.388361,0.224147
259.701261,0.224153
260.014161,0.224158
260.327060,0.224164
260.639960,0.224169
260.952860,0.224175
261.265760,0.224180
261.578660,0.224186
261.891560,0.224191
262.204460,0.224197
262.517360,0.224203
262.830260,0.224208
263.143160,0.224214
263.456060,0.224220
263.768960,0.224225
264.081860,0.224231
264.394760,0.224237
264.707660,0.224243
265.020560,0.224249
265.333460,0.224255
265.646360,0.224261
265.959260,0.224267
266.272160,0.224273
266.585059,0.224279
266.897959,0.224285
267.210859,0.224291
267.523759,0.224297
267.836659,0.224303
268.149559,0.224309
268.462459,0.224315
268.775359,0.224322
269.088259,0.224328
269.401159,0.224334
269.714059,0.224341
270.026959,0.224347
270.339859,0.224353
270.652759,0.224360
270.965659,0.224366
271.278559,0.224373
271.591459,0.224379
271.904359,0.224386
272.217259,0.224393
272.530159,0.224399
272.843058,0.224406
273.155958,0.224413
273.468858,0.224420
273.781758,0.224426
274.094658,0.224433
274.407558,0.224440
274.720458,0.224447
275.033358,0.224454
275.346258,0.224461
275.659158,0.224468
275.972058,0.224475
276.284958,0.224482
276.597858,0.224489
276.910758,0.224497
277.223658,0.224504
277.536558,0.224511
277.849458,0.224518
278.162358,0.224526
278.475258,0.224533
278.788158,0.224541
279.101058,0.224548
279.413957,0.224556
279.726857,0.224563
280.039757,0.224571
280.352657,0.224579
280.665557,0.224586
280.978457,0.224594
281.291357,0.224602
281.604257,0.224610
281.917157,0.224618
282.230057,0.224625
282.542957,0.224633
282.855857,0.224641
283.168757,0.224650
283.481657,0.224658
283.794557,0.224666
284.107457,0.224674
284.420357,0.224682
284.733257,0.224691
285.046157,0.224699
285.359057,0.224707
285.671956,0.224716
285.984856,0.224724
286.297756,0.224733
286.610656,0.224741
286.923556,0.224750
287.236456,0.224759
287.549356,0.224768
287.862256,0.224776
288.175156,0.224785
288.488056,0.224794
288.800956,0.224803
289.113856,0.224812
289.426756,0.224821
289.739656,0.224830
290.052556,0.224840
290.365456,0.224849
290.678356,0.224858
290.991256,0.224867
291.304156,0.224877
291.617056,0.224886
291.929955,0.224896
292.242855,0.224906
292.555755,0.224915
292.868655,0.224925
293.181555,0.224935
293.494455,0.224945
293.807355,0.224954
294.120255,0.224964
294.433155,0.224974
294.746055,0.224985
295.058955,0.224995
295.371855,0.225005
295.684755,0.225015
295.997655,0.225026
296.310555,0.225036
296.623455,0.225046
296.936355,0.225057
297.249255,0.225068
297.562155,0.225078
297.875055,0.225089
298.187954,0.225100
298.500854,0.225111
298.813754,0.225122
299.126654,0.225133
299.439554,0.225144
299.752454,0.225155
300.065354,0.225166
300.378254,0.225178
300.691154,0.225189
301.004054,0.225201
301.316954,0.225212
301.629854,0.225224
301.942754,0.225236
302.255654,0.225247
302.568554,0.225259
302.881454,0.225271
303.194354,0.225283
303.507254,0.225295
303.820154,0.225308
304.133054,0.225320
304.445953,0.225332
304.758853,0.225345
305.071753,0.225357
305.384653,0.225370
305.697553,0.225383
306.010453,0.225396
306.323353,0.225408
306.636253,0.225421
306.949153,0.225435
307.262053,0.225448
307.574953,0.225461
307.887853,0.225474
308.200753,0.225488
308.513653,0.225501
308.826553,0.225515
309.139453,0.225529
309.452353,0.225543
309.765253,0.225556
310.078153,0.225571
310.391053,0.225585
310.703952,0.225599
311.016852,0.225613
311.329752,0.225628
311.642652,0.225642
311.955552,0.225657
312.268452,0.225672
312.581352,0.225687
312.894252,0.225702
313.207152,0.225717
313.520052,0.225732
313.832952,0.225747
314.145852,0.225763
314.458752,0.225778
314.771652,0.225794
315.084552,0.225810
315.397452,0.225826
315.710352,0.225842
316.023252,0.225858
316.336152,0.225874
316.649052,0.225890
316.961952,0.225907
317.274851,0.225924
317.587751,0.225940
317.900651,0.225957
318.213551,0.225974
318.526451,0.225992
318.839351,0.226009
319.152251,0.226026
319.465151,0.226044
319.778051,0.226062
320.090951,0.226079
320.403851,0.226097
320.716751,0.226116
321.029651,0.226134
321.342551,0.226152
321.655451,0.226171
321.968351,0.226190
322.281251,0.226208
322.594151,0.226227
322.907051,0.226247
323.219951,0.226266
323.532850,0.226285
323.845750,0.226305
324.158650,0.226325
324.471550,0.226345
324.784450,0.226365
325.097350,0.226385
325.410250,0.226406
325.723150,0.226427
326.036050,0.226447
326.348950,0.226468
326.661850,0.226490
326.974750,0.226511
327.287650,0.226532
327.600550,0.226554
327.913450,0.226576
328.226350,0.226598
328.539250,0.226620
328.852150,0.226643
329.165050,0.226666
329.477950,0.226688
329.790849,0.226711
330.103749,0.226735
330.416649,0.226758
330.729549,0.226782
331.042449,0.226806
331.355349,0.226830
331.668249,0.226854
331.981149,0.226879
332.294049,0.226903
332.606949,0.226928
332.919849,0.226954
333.232749,0.226979
333.545649,0.227005
333.858549,0.227030
334.171449,0.227057
334.484349,0.227083
334.797249,0.227109
335.110149,0.227136
335.423049,0.227163
335.735949,0.227191
336.048848,0.227218
336.361748,0.227246
336.674648,0.227274
336.987548,0.227303
337.300448,0.227331
337.613348,0.227360
337.926248,0.227389
338.239148,0.227419
338.552048,0.227449
338.864948,0.227479
339.177848,0.227509
339.490748,0.227539
339.803648,0.227570
340.116548,0.227602
340.429448,0.227633
340.742348,0.227665
341.055248,0.227697
341.368148,0.227729
341.681048,0.227762
341.993948,0.227795
342.306847,0.227829
342.619747,0.227863
342.932647,0.227897
343.245547,0.227931
343.558447,0.227966
343.871347,0.228001
344.184247,0.228037
344.497147,0.228072
344.810047,0.228109
345.122947,0.228145
345.435847,0.228182
345.748747,0.228220
346.061647,0.228257
346.374547,0.228296
346.687447,0.228334
347.000347,0.228373
347.313247,0.228413
347.626147,0.228452
347.939047,0.228493
348.251947,0.228533
348.564846,0.228574
348.877746,0.228616
349.190646,0.228658
349.503546,0.228700
349.816446,0.228743
350.129346,0.228787
350.442246,0.228831
350.755146,0.228875
351.068046,0.228920
351.380946,0.228965
351.693846,0.229011
352.006746,0.229058
352.319646,0.229105
352.632546,0.229152
352.945446,0.229200
353.258346,0.229249
353.571246,0.229298
353.884146,0.229348
354.197046,0.229398
354.509946,0.229449
354.822846,0.229500
355.135745,0.229552
355.448645,0.229605
355.761545,0.229658
356.074445,0.229712
356.387345,0.229767
356.700245,0.229822
357.013145,0.229878
357.326045,0.229935
357.638945,0.229992
357.951845,0.230050
358.264745,0.230109
358.577645,0.230168
358.890545,0.230228
359.203445,0.230289
359.516345,0.230351
359.829245,0.230413
360.142145,0.230477
360.455045,0.230541
360.767945,0.230606
361.080845,0.230671
361.393744,0.230738
361.706644,0.230805
362.019544,0.230874
362.332444,0.230943
362.645344,0.231013
362.958244,0.231084
363.271144,0.231156
363.584044,0.231229
363.896944,0.231303
364.209844,0.231378
364.522744,0.231454
364.835644,0.231531
365.148544,0.231609
365.461444,0.231688
365.774344,0.231769
366.087244,0.231850
366.400144,0.231933
366.713044,0.232016
367.025944,0.232101
367.338844,0.232187
367.651743,0.232274
367.964643,0.232363
368.277543,0.232453
368.590443,0.232544
368.903343,0.232636
369.216243,0.232730
369.529143,0.232825
369.842043,0.232922
370.154943,0.233020
370.467843,0.233119
370.780743,0.233220
371.093643,0.233323
371.406543,0.233427
371.719443,0.233533
372.032343,0.233640
372.345243,0.233749
372.658143,0.233860
372.971043,0.233972
373.283943,0.234086
373.596843,0.234202
373.909742,0.234320
374.222642,0.234440
374.535542,0.234562
374.848442,0.234685
375.161342,0.234811
375.474242,0.234939
375.787142,0.235069
376.100042,0.235201
376.412942,0.235335
376.725842,0.235471
377.038742,0.235610
377.351642,0.235751
377.664542,0.235895
377.977442,0.236041
378.290342,0.236189
378.603242,0.236340
378.916142,0.236494
379.229042,0.236651
379.541942,0.236810
379.854842,0.236972
380.167741,0.237137
380.480641,0.237306
380.793541,0.237477
381.106441,0.237651
381.419341,0.237829
381.732241,0.238009
382.045141,0.238194
382.358041,0.238381
382.670941,0.238573
382.983841,0.238767
383.296741,0.238966
383.609641,0.239169
383.922541,0.239375
384.235441,0.239586
384.548341,0.239800
384.861241,0.240019
385.174141,0.240243
385.487041,0.240471
385.799941,0.240703
386.112841,0.240941
386.425740,0.241183
386.738640,0.241430
387.051540,0.241683
387.364440,0.241941
387.677340,0.242204
387.990240,0.242473
388.303140,0.242748
388.616040,0.243028
388.928940,0.243315
389.241840,0.243609
389.554740,0.243908
389.867640,0.244215
390.180540,0.244528
390.493440,0.244849
390.806340,0.245177
391.119240,0.245513
391.432140,0.245856
391.745040,0.246208
392.057940,0.246568
392.370840,0.246937
392.683740,0.247314
392.996639,0.247701
393.309539,0.248097
393.622439,0.248503
393.935339,0.248920
394.248239,0.249346
394.561139,0.249784
394.874039,0.250233
395.186939,0.250693
395.499839,0.251166
395.812739,0.251651
396.125639,0.252149
396.438539,0.252660
396.751439,0.253186
397.064339,0.253725
397.377239,0.254280
397.690139,0.254850
398.003039,0.255436
398.315939,0.256039
398.628839,0.256659
398.941739,0.257297
399.254638,0.257954
399.567538,0.258630
399.880438,0.259327
400.193338,0.260044
400.506238,0.260784
400.819138,0.261546
401.132038,0.262332
401.444938,0.263143
401.757838,0.263980
402.070738,0.264843
402.383638,0.265735
402.696538,0.266656
403.009438,0.267608
403.322338,0.268591
403.635238,0.269608
403.948138,0.270661
404.261038,0.271749
404.573938,0.272876
404.886838,0.274044
405.199738,0.275253
405.512637,0.276507
405.825537,0.277806
406.138437,0.279155
406.451337,0.280554
406.764237,0.282007
407.077137,0.283516
407.390037,0.285085
407.702937,0.286716
408.015837,0.288413
408.328737,0.290179
408.641637,0.292019
408.954537,0.293936
409.267437,0.295934
409.580337,0.298018
409.893237,0.300193
410.206137,0.302465
410.519037,0.304839
410.831937,0.307322
411.144837,0.309919
411.457737,0.312638
411.770636,0.315487
412.083536,0.318473
412.396436,0.321606
412.709336,0.324895
413.022236,0.328351
413.335136,0.331984
413.648036,0.335807
413.960936,0.339833
414.273836,0.344076
414.586736,0.348551
414.899636,0.353276
415.212536,0.358267
415.525436,0.363546
415.838336,0.369133
416.151236,0.375053
416.464136,0.381331
416.777036,0.387995
417.089936,0.395076
417.402836,0.402608
417.715736,0.410627
418.028635,0.419175
418.341535,0.428295
418.654435,0.438036
418.967335,0.448452
419.280235,0.459602
419.593135,0.471551
419.906035,0.484370
420.218935,0.498136
420.531835,0.512936
420.844735,0.528863
421.157635,0.546020
421.470535,0.564520
421.783435,0.584485
422.096335,0.606046
422.409235,0.629345
422.722135,0.654536
423.035035,0.681778
423.347935,0.711240
423.660835,0.743091
423.973735,0.777505
424.286634,0.814642
424.599534,0.854651
424.912434,0.897650
425.225334,0.943708
425.538234,0.992832
425.851134,1.044930
426.164034,1.099786
426.476934,1.157023
426.789834,1.216061
427.102734,1.276086
427.415634,1.336023
427.728534,1.394524
428.041434,1.449989
428.354334,1.500624
428.667234,1.544539
428.980134,1.579890
429.293034,1.605051
429.605934,1.618785
429.918834,1.620389
430.231734,1.609787
430.544634,1.587535
430.857533,1.554752
431.170433,1.512987
431.483333,1.464047
431.796233,1.409827
432.109133,1.352154
432.422033,1.292682
432.734933,1.232823
433.047833,1.173719
433.360733,1.116247
433.673633,1.061038
433.986533,1.008516
434.299433,0.958934
434.612333,0.912410
434.925233,0.868959
435.238133,0.828526
435.551033,0.791001
435.863933,0.756246
436.176833,0.724100
436.489733,0.694393
436.802633,0.666955
437.115532,0.641618
437.428432,0.618220
437.741332,0.596608
438.054232,0.576636
438.367132,0.558173
438.680032,0.541094
438.992932,0.525287
439.305832,0.510646
439.618732,0.497078
439.931632,0.484495
440.244532,0.472821
440.557432,0.461983
440.870332,0.451917
441.183232,0.442565
441.496132,0.433874
441.809032,0.425796
442.121932,0.418290
442.434832,0.411315
442.747732,0.404838
443.060632,0.398827
443.373531,0.393256
443.686431,0.388099
443.999331,0.383336
444.312231,0.378947
444.625131,0.374916
444.938031,0.371231
445.250931,0.367878
445.563831,0.364851
445.876731,0.362142
446.189631,0.359748
446.502531,0.357666
446.815431,0.355897
447.128331,0.354444
447.441231,0.353311
447.754131,0.352507
448.067031,0.352041
448.379931,0.351925
448.692831,0.352172
449.005731,0.352797
449.318631,0.353815
449.631530,0.355241
449.944430,0.357085
450.257330,0.359354
450.570230,0.362047
450.883130,0.365147
451.196030,0.368621
451.508930,0.372409
451.821830,0.376420
452.134730,0.380525
452.447630,0.384557
452.760530,0.388308
453.073430,0.391545
453.386330,0.394024
453.699230,0.395522
454.012130,0.395862
454.325030,0.394944
454.637930,0.392760
454.950830,0.389395
455.263730,0.385014
455.576630,0.379834
455.889529,0.374091
456.202429,0.368019
456.515329,0.361823
456.828229,0.355673
457.141129,0.349698
457.454029,0.343987
457.766929,0.338600
458.079829,0.333569
458.392729,0.328905
458.705629,0.324606
459.018529,0.320662
459.331429,0.317054
459.644329,0.313763
459.957229,0.310766
460.270129,0.308042
460.583029,0.305568
460.895929,0.303325
461.208829,0.301293
461.521729,0.299456
461.834629,0.297797
462.147528,0.296302
462.460428,0.294960
462.773328,0.293758
463.086228,0.292686
463.399128,0.291735
463.712028,0.290898
464.024928,0.290167
464.337828,0.289536
464.650728,0.289001
464.963628,0.288555
465.276528,0.288196
465.589428,0.287920
465.902328,0.287724
466.215228,0.287606
466.528128,0.287563
466.841028,0.287593
467.153928,0.287697
467.466828,0.287872
467.779728,0.288119
468.092628,0.288436
468.405528,0.288825
468.718427,0.289284
469.031327,0.289816
469.344227,0.290420
469.657127,0.291099
469.970027,0.291852
470.282927,0.292682
470.595827,0.293590
470.908727,0.294579
471.221627,0.295650
471.534527,0.296807
471.847427,0.298051
472.160327,0.299386
472.473227,0.300814
472.786127,0.302340
473.099027,0.303965
473.411927,0.305694
473.724827,0.307530
474.037727,0.309476
474.350627,0.311538
474.663527,0.313717
474.976426,0.316019
475.289326,0.318446
475.602226,0.321002
475.915126,0.323689
476.228026,0.326511
476.540926,0.329470
476.853826,0.332566
477.166726,0.335800
477.479626,0.339171
477.792526,0.342678
478.105426,0.346318
478.418326,0.350083
478.731226,0.353968
479.044126,0.357962
479.357026,0.362052
479.669926,0.366223
479.982826,0.370456
480.295726,0.374728
480.608626,0.379012
480.921526,0.383279
481.234425,0.387495
481.547325,0.391621
481.860225,0.395617
482.173125,0.399441
482.486025,0.403045
482.798925,0.406384
483.111825,0.409411
483.424725,0.412082
483.737625,0.414355
484.050525,0.416191
484.363425,0.417560
484.676325,0.418435
484.989225,0.418801
485.302125,0.418649
485.615025,0.417979
485.927925,0.416801
486.240825,0.415133
486.553725,0.413002
486.866625,0.410440
487.179525,0.407486
487.492424,0.404182
487.805324,0.400573
488.118224,0.396705
488.431124,0.392625
488.744024,0.388377
489.056924,0.384005
489.369824,0.379548
489.682724,0.375044
489.995624,0.370525
490.308524,0.366022
490.621424,0.361559
490.934324,0.357158
491.247224,0.352838
491.560124,0.348613
491.873024,0.344496
492.185924,0.340496
492.498824,0.336619
492.811724,0.332871
493.124624,0.329255
493.437524,0.325772
493.750423,0.322422
494.063323,0.319204
494.376223,0.316117
494.689123,0.313159
495.002023,0.310325
495.314923,0.307613
495.627823,0.305019
495.940723,0.302539
496.253623,0.300169
496.566523,0.297905
496.879423,0.295743
497.192323,0.293678
497.505223,0.291706
497.818123,0.289824
498.131023,0.288027
498.443923,0.286311
498.756823,0.284674
499.069723,0.283111
499.382623,0.281619
499.695523,0.280195
500.008422,0.278835
500.321322,0.277537
500.634222,0.276298
500.947122,0.275115
501.260022,0.273986
501.572922,0.272908
501.885822,0.271879
502.198722,0.270896
502.511622,0.269958
502.824522,0.269063
503.137422,0.268209
503.450322,0.267394
503.763222,0.266617
504.076122,0.265876
504.389022,0.265169
504.701922,0.264496
505.014822,0.263854
505.327722,0.263244
505.640622,0.262663
505.953522,0.262111
506.266422,0.261587
506.579321,0.261089
506.892221,0.260617
507.205121,0.260171
507.518021,0.259748
507.830921,0.259350
508.143821,0.258974
508.456721,0.258622
508.769621,0.258291
509.082521,0.257981
509.395421,0.257693
509.708321,0.257426
510.021221,0.257179
510.334121,0.256952
510.647021,0.256745
510.959921,0.256557
511.272821,0.256390
511.585721,0.256241
511.898621,0.256112
512.211521,0.256003
512.524421,0.255913
512.837320,0.255842
513.150220,0.255791
513.463120,0.255759
513.776020,0.255748
514.088920,0.255757
514.401820,0.255786
514.714720,0.255837
515.027620,0.255909
515.340520,0.256003
515.653420,0.256120
515.966320,0.256260
516.279220,0.256424
516.592120,0.256613
516.905020,0.256827
517.217920,0.257069
517.530820,0.257338
517.843720,0.257636
518.156620,0.257964
518.469520,0.258325
518.782420,0.258719
519.095319,0.259147
519.408219,0.259613
519.721119,0.260118
520.034019,0.260663
520.346919,0.261253
520.659819,0.261888
520.972719,0.262571
521.285619,0.263306
521.598519,0.264096
521.911419,0.264944
522.224319,0.265853
522.537219,0.266828
522.850119,0.267871
523.163019,0.268987
523.475919,0.270180
523.788819,0.271454
524.101719,0.272813
524.414619,0.274262
524.727519,0.275803
525.040419,0.277440
525.353318,0.279177
525.666218,0.281013
525.979118,0.282951
526.292018,0.284988
526.604918,0.287122
526.917818,0.289348
527.230718,0.291655
527.543618,0.294032
527.856518,0.296462
528.169418,0.298924
528.482318,0.301392
528.795218,0.303834
529.108118,0.306215
529.421018,0.308493
529.733918,0.310626
530.046818,0.312569
530.359718,0.314278
530.672618,0.315711
530.985518,0.316833
531.298418,0.317617
531.611317,0.318047
531.924217,0.318117
532.237117,0.317833
532.550017,0.317215
532.862917,0.316290
533.175817,0.315095
533.488717,0.313672
533.801617,0.312067
534.114517,0.310324
534.427417,0.308488
534.740317,0.306600
535.053217,0.304697
535.366117,0.302810
535.679017,0.300967
535.991917,0.299188
536.304817,0.297492
536.617717,0.295892
536.930617,0.294398
537.243517,0.293015
537.556417,0.291749
537.869316,0.290601
538.182216,0.289573
538.495116,0.288663
538.808016,0.287871
539.120916,0.287194
539.433816,0.286631
539.746716,0.286179
540.059616,0.285835
540.372516,0.285598
540.685416,0.285466
540.998316,0.285436
541.311216,0.285506
541.624116,0.285676
541.937016,0.285944
542.249916,0.286310
542.562816,0.286773
542.875716,0.287333
543.188616,0.287991
543.501516,0.288748
543.814416,0.289604
544.127316,0.290561
544.440215,0.291622
544.753115,0.292788
545.066015,0.294062
545.378915,0.295448
545.691815,0.296950
546.004715,0.298570
546.317615,0.300314
546.630515,0.302188
546.943415,0.304195
547.256315,0.306343
547.569215,0.308637
547.882115,0.311084
548.195015,0.313692
548.507915,0.316469
548.820815,0.319423
549.133715,0.322562
549.446615,0.325895
549.759515,0.329432
550.072415,0.333182
550.385315,0.337155
550.698214,0.341360
551.011114,0.345808
551.324014,0.350506
551.636914,0.355464
551.949814,0.360689
552.262714,0.366186
552.575614,0.371960
552.888514,0.378012
553.201414,0.384341
553.514314,0.390942
553.827214,0.397804
554.140114,0.404911
554.453014,0.412241
554.765914,0.419765
555.078814,0.427442
555.391714,0.435226
555.704614,0.443056
556.017514,0.450865
556.330414,0.458571
556.643314,0.466085
556.956213,0.473306
557.269113,0.480128
557.582013,0.486439
557.894913,0.492127
558.207813,0.497081
558.520713,0.501199
558.833613,0.504393
559.146513,0.506588
559.459413,0.507732
559.772313,0.507798
560.085213,0.506782
560.398113,0.504706
560.711013,0.501617
561.023913,0.497584
561.336813,0.492693
561.649713,0.487042
561.962613,0.480741
562.275513,0.473902
562.588413,0.466636
562.901313,0.459052
563.214212,0.451251
563.527112,0.443326
563.840012,0.435358
564.152912,0.427421
564.465812,0.419574
564.778712,0.411868
565.091612,0.404344
565.404512,0.397033
565.717412,0.389960
566.030312,0.383141
566.343212,0.376587
566.656112,0.370305
566.969012,0.364297
567.281912,0.358561
567.594812,0.353094
567.907712,0.347889
568.220612,0.342939
568.533512,0.338236
568.846412,0.333770
569.159312,0.329531
569.472211,0.325510
569.785111,0.321695
570.098011,0.318078
570.410911,0.314647
570.723811,0.311394
571.036711,0.308308
571.349611,0.305382
571.662511,0.302605
571.975411,0.299970
572.288311,0.297469
572.601211,0.295095
572.914111,0.292840
573.227011,0.290698
573.539911,0.288662
573.852811,0.286727
574.165711,0.284886
574.478611,0.283135
574.791511,0.281469
575.104411,0.279883
575.417311,0.278373
575.730210,0.276935
576.043110,0.275564
576.356010,0.274258
576.668910,0.273012
576.981810,0.271825
577.294710,0.270691
577.607610,0.269610
577.920510,0.268579
578.233410,0.267594
578.546310,0.266654
578.859210,0.265756
579.172110,0.264899
579.485010,0.264080
579.797910,0.263298
580.110810,0.262551
580.423710,0.261838
580.736610,0.261157
581.049510,0.260506
581.362410,0.259885
581.675310,0.259292
581.988210,0.258725
582.301109,0.258185
582.614009,0.257670
582.926909,0.257179
583.239809,0.256710
583.552709,0.256264
583.865609,0.255840
584.178509,0.255436
584.491409,0.255052
584.804309,0.254687
585.117209,0.254342
585.430109,0.254014
585.743009,0.253705
586.055909,0.253412
586.368809,0.253137
586.681709,0.252877
586.994609,0.252634
587.307509,0.252406
587.620409,0.252194
587.933309,0.251997
588.246209,0.251814
588.559108,0.251646
588.872008,0.251493
589.184908,0.251353
589.497808,0.251228
589.810708,0.251116
590.123608,0.251019
590.436508,0.250935
590.749408,0.250864
591.062308,0.250807
591.375208,0.250764
591.688108,0.250735
592.001008,0.250719
592.313908,0.250717
592.626808,0.250729
592.939708,0.250754
593.252608,0.250794
593.565508,0.250849
593.878408,0.250918
594.191308,0.251001
594.504208,0.251100
594.817107,0.251215
595.130007,0.251345
595.442907,0.251491
595.755807,0.251654
596.068707,0.251834
596.381607,0.252031
596.694507,0.252247
597.007407,0.252481
597.320307,0.252735
597.633207,0.253009
597.946107,0.253304
598.259007,0.253620
598.571907,0.253960
598.884807,0.254322
599.197707,0.254710
599.510607,0.255123
599.823507,0.255564
600.136407,0.256033
600.449307,0.256531
600.762207,0.257061
601.075106,0.257624
601.388006,0.258222
601.700906,0.258857
602.013806,0.259530
602.326706,0.260245
602.639606,0.261003
602.952506,0.261807
603.265406,0.262659
603.578306,0.263564
603.891206,0.264524
604.204106,0.265543
604.517006,0.266625
604.829906,0.267773
605.142806,0.268992
605.455706,0.270287
605.768606,0.271662
606.081506,0.273125
606.394406,0.274679
606.707306,0.276333
607.020206,0.278091
607.333105,0.279963
607.646005,0.281954
607.958905,0.284075
608.271805,0.286332
608.584705,0.288735
608.897605,0.291294
609.210505,0.294017
609.523405,0.296916
609.836305,0.299999
610.149205,0.303276
610.462105,0.306757
610.775005,0.310450
611.087905,0.314363
611.400805,0.318499
611.713705,0.322863
612.026605,0.327454
612.339505,0.332267
612.652405,0.337292
612.965305,0.342511
613.278205,0.347901
613.591104,0.353428
613.904004,0.359046
614.216904,0.364699
614.529804,0.370319
614.842704,0.375825
615.155604,0.381126
615.468504,0.386120
615.781404,0.390700
616.094304,0.394757
616.407204,0.398186
616.720104,0.400893
617.033004,0.402797
617.345904,0.403842
617.658804,0.403996
617.971704,0.403257
618.284604,0.401650
618.597504,0.399230
618.910404,0.396070
619.223304,0.392264
619.536204,0.387916
619.849104,0.383135
620.162003,0.378028
620.474903,0.372698
620.787803,0.367238
621.100703,0.361732
621.413603,0.356251
621.726503,0.350853
622.039403,0.345584
622.352303,0.340482
622.665203,0.335572
622.978103,0.330872
623.291003,0.326395
623.603903,0.322146
623.916803,0.318126
624.229703,0.314333
624.542603,0.310762
624.855503,0.307407
625.168403,0.304259
625.481303,0.301309
625.794203,0.298548
626.107103,0.295967
626.420002,0.293554
626.732902,0.291302
627.045802,0.289200
627.358702,0.287240
627.671602,0.285413
627.984502,0.283711
628.297402,0.282127
628.610302,0.280653
628.923202,0.279282
629.236102,0.278009
629.549002,0.276828
629.861902,0.275732
630.174802,0.274718
630.487702,0.273780
630.800602,0.272914
631.113502,0.272117
631.426402,0.271384
631.739302,0.270713
632.052202,0.270100
632.365102,0.269542
632.678001,0.269036
632.990901,0.268581
633.303801,0.268174
633.616701,0.267813
633.929601,0.267496
634.242501,0.267222
634.555401,0.266989
634.868301,0.266796
635.181201,0.266641
635.494101,0.266523
635.807001,0.266442
636.119901,0.266397
636.432801,0.266386
636.745701,0.266409
637.058601,0.266466
637.371501,0.266556
637.684401,0.266678
637.997301,0.266833
638.310201,0.267020
638.623101,0.267239
638.936000,0.267490
639.248900,0.267773
639.561800,0.268088
639.874700,0.268436
640.187600,0.268816
640.500500,0.269228
640.813400,0.269674
641.126300,0.270154
641.439200,0.270668
641.752100,0.271216
642.065000,0.271801
642.377900,0.272421
642.690800,0.273079
643.003700,0.273774
643.316600,0.274509
643.629500,0.275284
643.942400,0.276100
644.255300,0.276958
644.568200,0.277861
644.881100,0.278809
645.193999,0.279804
645.506899,0.280847
645.819799,0.281941
646.132699,0.283087
646.445599,0.284287
646.758499,0.285543
647.071399,0.286857
647.384299,0.288233
647.697199,0.289672
648.010099,0.291177
648.322999,0.292750
648.635899,0.294396
648.948799,0.296115
649.261699,0.297913
649.574599,0.299793
649.887499,0.301757
650.200399,0.303809
650.513299,0.305955
650.826199,0.308197
651.139099,0.310539
651.451999,0.312987
651.764898,0.315545
652.077798,0.318217
652.390698,0.321008
652.703598,0.323924
653.016498,0.326969
653.329398,0.330149
653.642298,0.333469
653.955198,0.336934
654.268098,0.340549
654.580998,0.344319
654.893898,0.348249
655.206798,0.352345
655.519698,0.356610
655.832598,0.361048
656.145498,0.365662
656.458398,0.370456
656.771298,0.375430
657.084198,0.380586
657.397098,0.385922
657.709998,0.391436
658.022897,0.397123
658.335797,0.402978
658.648697,0.408992
658.961597,0.415152
659.274497,0.421444
659.587397,0.427850
659.900297,0.434349
660.213197,0.440913
660.526097,0.447513
660.838997,0.454115
661.151897,0.460679
661.464797,0.467162
661.777697,0.473517
662.090597,0.479692
662.403497,0.485632
662.716397,0.491280
663.029297,0.496579
663.342197,0.501470
663.655097,0.505894
663.967997,0.509797
664.280896,0.513128
664.593796,0.515842
664.906696,0.517900
665.219596,0.519272
665.532496,0.519939
665.845396,0.519889
666.158296,0.519123
666.471196,0.517651
666.784096,0.515494
667.096996,0.512682
667.409896,0.509253
667.722796,0.505252
668.035696,0.500732
668.348596,0.495746
668.661496,0.490353
668.974396,0.484610
669.287296,0.478577
669.600196,0.472310
669.913096,0.465863
670.225996,0.459289
670.538895,0.452634
670.851795,0.445941
671.164695,0.439250
671.477595,0.432595
671.790495,0.426006
672.103395,0.419509
672.416295,0.413125
672.729195,0.406873
673.042095,0.400767
673.354995,0.394819
673.667895,0.389037
673.980795,0.383429
674.293695,0.377997
674.606595,0.372745
674.919495,0.367673
675.232395,0.362780
675.545295,0.358065
675.858195,0.353526
676.171095,0.349158
676.483995,0.344958
676.796894,0.340921
677.109794,0.337044
677.422694,0.333319
677.735594,0.329744
678.048494,0.326311
678.361394,0.323017
678.674294,0.319855
678.987194,0.316821
679.300094,0.313909
679.612994,0.311114
679.925894,0.308431
680.238794,0.305856
680.551694,0.303383
680.864594,0.301009
681.177494,0.298729
681.490394,0.296538
681.803294,0.294434
682.116194,0.292411
682.429094,0.290467
682.741994,0.288597
683.054893,0.286799
683.367793,0.285069
683.680693,0.283404
683.993593,0.281801
684.306493,0.280258
684.619393,0.278772
684.932293,0.277340
685.245193,0.275960
685.558093,0.274629
685.870993,0.273346
686.183893,0.272108
686.496793,0.270914
686.809693,0.269761
687.122593,0.268648
687.435493,0.267573
687.748393,0.266534
688.061293,0.265530
688.374193,0.264560
688.687093,0.263622
688.999993,0.262714
689.312893,0.261836
689.625792,0.260986
689.938692,0.260163
690.251592,0.259366
690.564492,0.258594
690.877392,0.257846
691.190292,0.257121
691.503192,0.256419
691.816092,0.255737
692.128992,0.255076
692.441892,0.254435
692.754792,0.253812
693.067692,0.253208
693.380592,0.252621
693.693492,0.252051
694.006392,0.251497
694.319292,0.250959
694.632192,0.250436
694.945092,0.249927
695.257992,0.249433
695.570892,0.248952
695.883791,0.248484
696.196691,0.248029
696.509591,0.247585
696.822491,0.247154
697.135391,0.246734
697.448291,0.246324
697.761191,0.245925
698.074091,0.245537
698.386991,0.245158
698.699891,0.244789
699.012791,0.244429
699.325691,0.244078
699.638591,0.243735
699.951491,0.243401
700.264391,0.243075
700.577291,0.242757
700.890191,0.242447
701.203091,0.242143
701.515991,0.241847
701.828891,0.241558
702.141790,0.241275
702.454690,0.240999
702.767590,0.240730
703.080490,0.240466
703.393390,0.240208
703.706290,0.239956
704.019190,0.239710
704.332090,0.239469
704.644990,0.239233
704.957890,0.239002
705.270790,0.238776
705.583690,0.238555
705.896590,0.238339
706.209490,0.238127
706.522390,0.237920
706.835290,0.237717
707.148190,0.237518
707.461090,0.237323
707.773990,0.237132
708.086890,0.236945
708.399789,0.236762
708.712689,0.236583
709.025589,0.236407
709.338489,0.236234
709.651389,0.236065
709.964289,0.235899
710.277189,0.235736
710.590089,0.235576
710.902989,0.235420
