# rshift,intensity
79.935656,0.287675
80.248246,0.287676
80.560836,0.287676
80.873426,0.287677
81.186016,0.287678
81.498606,0.287679
81.811196,0.287679
82.123786,0.287680
82.436376,0.287681
82.748966,0.287682
83.061556,0.287683
83.374146,0.287683
83.686736,0.287684
83.999326,0.287685
84.311916,0.287686
84.624506,0.287687
84.937096,0.287688
85.249686,0.287688
85.562276,0.287689
85.874866,0.287690
86.187456,0.287691
86.500046,0.287692
86.812636,0.287692
87.125226,0.287693
87.437816,0.287694
87.750406,0.287695
88.062996,0.287696
88.375586,0.287697
88.688176,0.287697
89.000766,0.287698
89.313356,0.287699
89.625946,0.287700
89.938536,0.287701
90.251126,0.287702
90.563716,0.287702
90.876306,0.287703
91.188896,0.287704
91.501486,0.287705
91.814076,0.287706
92.126666,0.287707
92.439256,0.287708
92.751846,0.287708
93.064436,0.287709
93.377026,0.287710
93.689616,0.287711
94.002206,0.287712
94.314796,0.287713
94.627386,0.287714
94.939976,0.287715
95.252566,0.287715
95.565156,0.287716
95.877746,0.287717
96.190336,0.287718
96.502926,0.287719
96.815516,0.287720
97.128106,0.287721
97.440696,0.287722
97.753286,0.287723
98.065876,0.287724
98.378466,0.287724
98.691056,0.287725
99.003646,0.287726
99.316236,0.287727
99.628826,0.287728
99.941416,0.287729
100.254006,0.287730
100.566596,0.287731
100.879186,0.287732
101.191776,0.287733
101.504366,0.287734
101.816956,0.287735
102.129546,0.287735
102.442136,0.287736
102.754726,0.287737
103.067316,0.287738
103.379906,0.287739
103.692496,0.287740
104.005086,0.287741
104.317676,0.287742
104.630266,0.287743
104.942855,0.287744
105.255445,0.287745
105.568035,0.287746
105.880625,0.287747
106.193215,0.287748
106.505805,0.287749
106.818395,0.287750
107.130985,0.287751
107.443575,0.287752
107.756165,0.287753
108.068755,0.287754
108.381345,0.287755
108.693935,0.287756
109.006525,0.287757
109.319115,0.287758
109.631705,0.287759
109.944295,0.287760
110.256885,0.287761
110.569475,0.287761
110.882065,0.287762
111.194655,0.287764
111.507245,0.287765
111.819835,0.287766
112.132425,0.287767
112.445015,0.287768
112.757605,0.287769
113.070195,0.287770
113.382785,0.287771
113.695375,0.287772
114.007965,0.287773
114.320555,0.287774
114.633145,0.287775
114.945735,0.287776
115.258325,0.287777
115.570915,0.287778
115.883505,0.287779
116.196095,0.287780
116.508685,0.287781
116.821275,0.287782
117.133865,0.287783
117.446455,0.287784
117.759045,0.287785
118.071635,0.287786
118.384225,0.287787
118.696815,0.287788
119.009405,0.287789
119.321995,0.287791
119.634585,0.287792
119.947175,0.287793
120.259765,0.287794
120.572355,0.287795
120.884945,0.287796
121.197535,0.287797
121.510125,0.287798
121.822715,0.287799
122.135305,0.287800
122.447895,0.287801
122.760485,0.287803
123.073075,0.287804
123.385665,0.287805
123.698255,0.287806
124.010845,0.287807
124.323435,0.287808
124.636025,0.287809
124.948615,0.287810
125.261205,0.287811
125.573795,0.287813
125.886385,0.287814
126.198975,0.287815
126.511565,0.287816
126.824155,0.287817
127.136745,0.287818
127.449335,0.287819
127.761925,0.287821
128.074515,0.287822
128.387105,0.287823
128.699695,0.287824
129.012285,0.287825
129.324875,0.287826
129.637465,0.287828
129.950055,0.287829
130.262645,0.287830
130.575235,0.287831
130.887825,0.287832
131.200415,0.287834
131.513005,0.287835
131.825595,0.287836
132.138185,0.287837
132.450775,0.287838
132.763365,0.287840
133.075955,0.287841
133.388545,0.287842
133.701135,0.287843
134.013725,0.287844
134.326315,0.287846
134.638905,0.287847
134.951495,0.287848
135.264085,0.287849
135.576675,0.287851
135.889265,0.287852
136.201855,0.287853
136.514445,0.287854
136.827035,0.287856
137.139625,0.287857
137.452215,0.287858
137.764805,0.287859
138.077395,0.287861
138.389985,0.287862
138.702575,0.287863
139.015165,0.287864
139.327755,0.287866
139.640345,0.287867
139.952935,0.287868
140.265525,0.287870
140.578115,0.287871
140.890705,0.287872
141.203295,0.287873
141.515885,0.287875
141.828475,0.287876
142.141065,0.287877
142.453655,0.287879
142.766245,0.287880
143.078835,0.287881
143.391425,0.287883
143.704015,0.287884
144.016605,0.287885
144.329195,0.287887
144.641785,0.287888
144.954375,0.287889
145.266965,0.287891
145.579555,0.287892
145.892145,0.287893
146.204735,0.287895
146.517325,0.287896
146.829915,0.287898
147.142505,0.287899
147.455095,0.287900
147.767685,0.287902
148.080275,0.287903
148.392865,0.287904
148.705455,0.287906
149.018045,0.287907
149.330635,0.287909
149.643225,0.287910
149.955815,0.287912
150.268405,0.287913
150.580995,0.287914
150.893585,0.287916
151.206175,0.287917
151.518765,0.287919
151.831355,0.287920
152.143945,0.287922
152.456535,0.287923
152.769125,0.287924
153.081715,0.287926
153.394305,0.287927
153.706895,0.287929
154.019485,0.287930
154.332075,0.287932
154.644665,0.287933
154.957255,0.287935
155.269845,0.287936
155.582435,0.287938
155.895025,0.287939
156.207615,0.287941
156.520205,0.287942
156.832795,0.287944
157.145385,0.287945
157.457975,0.287947
157.770565,0.287948
158.083155,0.287950
158.395745,0.287951
158.708335,0.287953
159.020925,0.287954
159.333515,0.287956
159.646105,0.287957
159.958695,0.287959
160.271285,0.287961
160.583875,0.287962
160.896465,0.287964
161.209055,0.287965
161.521645,0.287967
161.834235,0.287968
162.146825,0.287970
162.459415,0.287972
162.772005,0.287973
163.084595,0.287975
163.397185,0.287976
163.709775,0.287978
164.022365,0.287980
164.334955,0.287981
164.647545,0.287983
164.960135,0.287985
165.272725,0.287986
165.585315,0.287988
165.897905,0.287990
166.210495,0.287991
166.523085,0.287993
166.835675,0.287995
167.148265,0.287996
167.460855,0.287998
167.773445,0.288000
168.086034,0.288001
168.398624,0.288003
168.711214,0.288005
169.023804,0.288006
169.336394,0.288008
169.648984,0.288010
169.961574,0.288011
170.274164,0.288013
170.586754,0.288015
170.899344,0.288017
171.211934,0.288018
171.524524,0.288020
171.837114,0.288022
172.149704,0.288024
172.462294,0.288025
172.774884,0.288027
173.087474,0.288029
173.400064,0.288031
173.712654,0.288033
174.025244,0.288034
174.337834,0.288036
174.650424,0.288038
174.963014,0.288040
175.275604,0.288042
175.588194,0.288043
175.900784,0.288045
176.213374,0.288047
176.525964,0.288049
176.838554,0.288051
177.151144,0.288053
177.463734,0.288054
177.776324,0.288056
178.088914,0.288058
178.401504,0.288060
178.714094,0.288062
179.026684,0.288064
179.339274,0.288066
179.651864,0.288068
179.964454,0.288070
180.277044,0.288071
180.589634,0.288073
180.902224,0.288075
181.214814,0.288077
181.527404,0.288079
181.839994,0.288081
182.152584,0.288083
182.465174,0.288085
182.777764,0.288087
183.090354,0.288089
183.402944,0.288091
183.715534,0.288093
184.028124,0.288095
184.340714,0.288097
184.653304,0.288099
184.965894,0.288101
185.278484,0.288103
185.591074,0.288105
185.903664,0.288107
186.216254,0.288109
186.528844,0.288111
186.841434,0.288113
187.154024,0.288115
187.466614,0.288117
187.779204,0.288119
188.091794,0.288121
188.404384,0.288124
188.716974,0.288126
189.029564,0.288128
189.342154,0.288130
189.654744,0.288132
189.967334,0.288134
190.279924,0.288136
190.592514,0.288138
190.905104,0.288141
191.217694,0.288143
191.530284,0.288145
191.842874,0.288147
192.155464,0.288149
192.468054,0.288151
192.780644,0.288154
193.093234,0.288156
193.405824,0.288158
193.718414,0.288160
194.031004,0.288162
194.343594,0.288165
194.656184,0.288167
194.968774,0.288169
195.281364,0.288171
195.593954,0.288174
195.906544,0.288176
196.219134,0.288178
196.531724,0.288180
196.844314,0.288183
197.156904,0.288185
197.469494,0.288187
197.782084,0.288190
198.094674,0.288192
198.407264,0.288194
198.719854,0.288197
199.032444,0.288199
199.345034,0.288201
199.657624,0.288204
199.970214,0.288206
200.282804,0.288209
200.595394,0.288211
200.907984,0.288213
201.220574,0.288216
201.533164,0.288218
201.845754,0.288221
202.158344,0.288223
202.470934,0.288226
202.783524,0.288228
203.096114,0.288230
203.408704,0.288233
203.721294,0.288235
204.033884,0.288238
204.346474,0.288240
204.659064,0.288243
204.971654,0.288245
205.284244,0.288248
205.596834,0.288251
205.909424,0.288253
206.222014,0.288256
206.534604,0.288258
206.847194,0.288261
207.159784,0.288263
207.472374,0.288266
207.784964,0.288269
208.097554,0.288271
208.410144,0.288274
208.722734,0.288276
209.035324,0.288279
209.347914,0.288282
209.660504,0.288284
209.973094,0.288287
210.285684,0.288290
210.598274,0.288292
210.910864,0.288295
211.223454,0.288298
211.536044,0.288301
211.848634,0.288303
212.161224,0.288306
212.473814,0.288309
212.786404,0.288312
213.098994,0.288314
213.411584,0.288317
213.724174,0.288320
214.036764,0.288323
214.349354,0.288326
214.661944,0.288329
214.974534,0.288331
215.287124,0.288334
215.599714,0.288337
215.912304,0.288340
216.224894,0.288343
216.537484,0.288346
216.850074,0.288349
217.162664,0.288352
217.475254,0.288355
217.787844,0.288357
218.100434,0.288360
218.413024,0.288363
218.725614,0.288366
219.038204,0.288369
219.350794,0.288372
219.663384,0.288375
219.975974,0.288378
220.288564,0.288381
220.601154,0.288385
220.913744,0.288388
221.226334,0.288391
221.538924,0.288394
221.851514,0.288397
222.164104,0.288400
222.476694,0.288403
222.789284,0.288406
223.101874,0.288409
223.414464,0.288413
223.727054,0.288416
224.039644,0.288419
224.352234,0.288422
224.664824,0.288425
224.977414,0.288429
225.290004,0.288432
225.602594,0.288435
225.915184,0.288438
226.227774,0.288442
226.540364,0.288445
226.852954,0.288448
227.165544,0.288452
227.478134,0.288455
227.790724,0.288458
228.103314,0.288462
228.415904,0.288465
228.728494,0.288468
229.041084,0.288472
229.353674,0.288475
229.666264,0.288479
229.978854,0.288482
230.291444,0.288486
230.604034,0.288489
230.916624,0.288492
231.229213,0.288496
231.541803,0.288500
231.854393,0.288503
232.166983,0.288507
232.479573,0.288510
232.792163,0.288514
233.104753,0.288517
233.417343,0.288521
233.729933,0.288525
234.042523,0.288528
234.355113,0.288532
234.667703,0.288536
234.980293,0.288539
235.292883,0.288543
235.605473,0.288547
235.918063,0.288550
236.230653,0.288554
236.543243,0.288558
236.855833,0.288562
237.168423,0.288566
237.481013,0.288569
237.793603,0.288573
238.106193,0.288577
238.418783,0.288581
238.731373,0.288585
239.043963,0.288589
239.356553,0.288593
239.669143,0.288597
239.981733,0.288600
240.294323,0.288604
240.606913,0.288608
240.919503,0.288612
241.232093,0.288616
241.544683,0.288621
241.857273,0.288625
242.169863,0.288629
242.482453,0.288633
242.795043,0.288637
243.107633,0.288641
243.420223,0.288645
243.732813,0.288649
244.045403,0.288654
244.357993,0.288658
244.670583,0.288662
244.983173,0.288666
245.295763,0.288670
245.608353,0.288675
245.920943,0.288679
246.233533,0.288683
246.546123,0.288688
246.858713,0.288692
247.171303,0.288696
247.483893,0.288701
247.796483,0.288705
248.109073,0.288710
248.421663,0.288714
248.734253,0.288719
249.046843,0.288723
249.359433,0.288728
249.672023,0.288732
249.984613,0.288737
250.297203,0.288741
250.609793,0.288746
250.922383,0.288751
251.234973,0.288755
251.547563,0.288760
251.860153,0.288765
252.172743,0.288769
252.485333,0.288774
252.797923,0.288779
253.110513,0.288784
253.423103,0.288788
253.735693,0.288793
254.048283,0.288798
254.360873,0.288803
254.673463,0.288808
254.986053,0.288813
255.298643,0.288818
255.611233,0.288823
255.923823,0.288828
256.236413,0.288833
256.549003,0.288838
256.861593,0.288843
257.174183,0.288848
257.486773,0.288853
257.799363,0.288858
258.111953,0.288863
258.424543,0.288869
258.737133,0.288874
259.049723,0.288879
259.362313,0.288884
259.674903,0.288890
259.987493,0.288895
260.300083,0.288900
260.612673,0.288906
260.925263,0.288911
261.237853,0.288917
261.550443,0.288922
261.863033,0.288927
262.175623,0.288933
262.488213,0.288938
262.800803,0.288944
263.113393,0.288950
263.425983,0.288955
263.738573,0.288961
264.051163,0.288967
264.363753,0.288972
264.676343,0.288978
264.988933,0.288984
265.301523,0.288990
265.614113,0.288995
265.926703,0.289001
266.239293,0.289007
266.551883,0.289013
266.864473,0.289019
267.177063,0.289025
267.489653,0.289031
267.802243,0.289037
268.114833,0.289043
268.427423,0.289049
268.740013,0.289055
269.052603,0.289061
269.365193,0.289068
269.677783,0.289074
269.990373,0.289080
270.302963,0.289086
270.615553,0.289093
270.928143,0.289099
271.240733,0.289106
271.553323,0.289112
271.865913,0.289118
272.178503,0.289125
272.491093,0.289131
272.803683,0.289138
273.116273,0.289145
273.428863,0.289151
273.741453,0.289158
274.054043,0.289165
274.366633,0.289171
274.679223,0.289178
274.991813,0.289185
275.304403,0.289192
275.616993,0.289199
275.929583,0.289206
276.242173,0.289213
276.554763,0.289220
276.867353,0.289227
277.179943,0.289234
277.492533,0.289241
277.805123,0.289248
278.117713,0.289255
278.430303,0.289262
278.742893,0.289270
279.055483,0.289277
279.368073,0.289284
279.680663,0.289292
279.993253,0.289299
280.305843,0.289307
280.618433,0.289314
280.931023,0.289322
281.243613,0.289330
281.556203,0.289337
281.868793,0.289345
282.181383,0.289353
282.493973,0.289360
282.806563,0.289368
283.119153,0.289376
283.431743,0.289384
283.744333,0.289392
284.056923,0.289400
284.369513,0.289408
284.682103,0.289416
284.994693,0.289424
285.307283,0.289433
285.619873,0.289441
285.932463,0.289449
286.245053,0.289458
286.557643,0.289466
286.870233,0.289474
287.182823,0.289483
287.495413,0.289491
287.808003,0.289500
288.120593,0.289509
288.433183,0.289517
288.745773,0.289526
289.058363,0.289535
289.370953,0.289544
289.683543,0.289553
289.996133,0.289562
290.308723,0.289571
290.621313,0.289580
290.933903,0.289589
291.246493,0.289598
291.559083,0.289607
291.871673,0.289617
292.184263,0.289626
292.496853,0.289635
292.809443,0.289645
293.122033,0.289654
293.434623,0.289664
293.747213,0.289674
294.059803,0.289683
294.372392,0.289693
294.684982,0.289703
294.997572,0.289713
295.310162,0.289723
295.622752,0.289733
295.935342,0.289743
296.247932,0.289753
296.560522,0.289763
296.873112,0.289774
297.185702,0.289784
297.498292,0.289794
297.810882,0.289805
298.123472,0.289815
298.436062,0.289826
298.748652,0.289837
299.061242,0.289847
299.373832,0.289858
299.686422,0.289869
299.999012,0.289880
300.311602,0.289891
300.624192,0.289902
300.936782,0.289913
301.249372,0.289925
301.561962,0.289936
301.874552,0.289947
302.187142,0.289959
302.499732,0.289970
302.812322,0.289982
303.124912,0.289994
303.437502,0.290006
303.750092,0.290017
304.062682,0.290029
304.375272,0.290041
304.687862,0.290054
305.000452,0.290066
305.313042,0.290078
305.625632,0.290090
305.938222,0.290103
306.250812,0.290115
306.563402,0.290128
306.875992,0.290141
307.188582,0.290154
307.501172,0.290166
307.813762,0.290179
308.126352,0.290192
308.438942,0.290206
308.751532,0.290219
309.064122,0.290232
309.376712,0.290246
309.689302,0.290259
310.001892,0.290273
310.314482,0.290287
310.627072,0.290300
310.939662,0.290314
311.252252,0.290328
311.564842,0.290342
311.877432,0.290357
312.190022,0.290371
312.502612,0.290385
312.815202,0.290400
313.127792,0.290415
313.440382,0.290429
313.752972,0.290444
314.065562,0.290459
314.378152,0.290474
314.690742,0.290489
315.003332,0.290505
315.315922,0.290520
315.628512,0.290536
315.941102,0.290551
316.253692,0.290567
316.566282,0.290583
316.878872,0.290599
317.191462,0.290615
317.504052,0.290631
317.816642,0.290648
318.129232,0.290664
318.441822,0.290681
318.754412,0.290698
319.067002,0.290715
319.379592,0.290732
319.692182,0.290749
320.004772,0.290766
320.317362,0.290783
320.629952,0.290801
320.942542,0.290819
321.255132,0.290837
321.567722,0.290855
321.880312,0.290873
322.192902,0.290891
322.505492,0.290909
322.818082,0.290928
323.130672,0.290947
323.443262,0.290965
323.755852,0.290984
324.068442,0.291004
324.381032,0.291023
324.693622,0.291042
325.006212,0.291062
325.318802,0.291082
325.631392,0.291102
325.943982,0.291122
326.256572,0.291142
326.569162,0.291163
326.881752,0.291183
327.194342,0.291204
327.506932,0.291225
327.819522,0.291246
328.132112,0.291268
328.444702,0.291289
328.757292,0.291311
329.069882,0.291333
329.382472,0.291355
329.695062,0.291377
330.007652,0.291400
330.320242,0.291422
330.632832,0.291445
330.945422,0.291468
331.258012,0.291491
331.570602,0.291515
331.883192,0.291539
332.195782,0.291562
332.508372,0.291586
332.820962,0.291611
333.133552,0.291635
333.446142,0.291660
333.758732,0.291685
334.071322,0.291710
334.383912,0.291736
334.696502,0.291761
335.009092,0.291787
335.321682,0.291813
335.634272,0.291840
335.946862,0.291866
336.259452,0.291893
336.572042,0.291920
336.884632,0.291947
337.197222,0.291975
337.509812,0.292003
337.822402,0.292031
338.134992,0.292059
338.447582,0.292088
338.760172,0.292117
339.072762,0.292146
339.385352,0.292176
339.697942,0.292205
340.010532,0.292235
340.323122,0.292266
340.635712,0.292296
340.948302,0.292327
341.260892,0.292358
341.573482,0.292390
341.886072,0.292422
342.198662,0.292454
342.511252,0.292486
342.823842,0.292519
343.136432,0.292552
343.449022,0.292586
343.761612,0.292620
344.074202,0.292654
344.386792,0.292688
344.699382,0.292723
345.011972,0.292758
345.324562,0.292794
345.637152,0.292830
345.949742,0.292866
346.262332,0.292903
346.574922,0.292940
346.887512,0.292977
347.200102,0.293015
347.512692,0.293054
347.825282,0.293092
348.137872,0.293131
348.450462,0.293171
348.763052,0.293211
349.075642,0.293251
349.388232,0.293292
349.700822,0.293333
350.013412,0.293375
350.326002,0.293417
350.638592,0.293460
350.951182,0.293503
351.263772,0.293546
351.576362,0.293590
351.888952,0.293635
352.201542,0.293680
352.514132,0.293725
352.826722,0.293771
353.139312,0.293818
353.451902,0.293865
353.764492,0.293913
354.077082,0.293961
354.389672,0.294010
354.702262,0.294059
355.014852,0.294109
355.327442,0.294159
355.640032,0.294210
355.952622,0.294262
356.265212,0.294315
356.577802,0.294367
356.890392,0.294421
357.202982,0.294475
357.515571,0.294530
357.828161,0.294586
358.140751,0.294642
358.453341,0.294699
358.765931,0.294756
359.078521,0.294815
359.391111,0.294874
359.703701,0.294934
360.016291,0.294994
360.328881,0.295056
360.641471,0.295118
360.954061,0.295180
361.266651,0.295244
361.579241,0.295309
361.891831,0.295374
362.204421,0.295440
362.517011,0.295507
362.829601,0.295575
363.142191,0.295644
363.454781,0.295714
363.767371,0.295785
364.079961,0.295856
364.392551,0.295929
364.705141,0.296002
365.017731,0.296077
365.330321,0.296153
365.642911,0.296229
365.955501,0.296307
366.268091,0.296386
366.580681,0.296465
366.893271,0.296546
367.205861,0.296629
367.518451,0.296712
367.831041,0.296796
368.143631,0.296882
368.456221,0.296969
368.768811,0.297057
369.081401,0.297147
369.393991,0.297237
369.706581,0.297329
370.019171,0.297423
370.331761,0.297518
370.644351,0.297614
370.956941,0.297712
371.269531,0.297811
371.582121,0.297912
371.894711,0.298014
372.207301,0.298118
372.519891,0.298223
372.832481,0.298330
373.145071,0.298439
373.457661,0.298549
373.770251,0.298662
374.082841,0.298775
374.395431,0.298891
374.708021,0.299009
375.020611,0.299128
375.333201,0.299250
375.645791,0.299373
375.958381,0.299499
376.270971,0.299627
376.583561,0.299756
376.896151,0.299888
377.208741,0.300022
377.521331,0.300159
377.833921,0.300297
378.146511,0.300439
378.459101,0.300582
378.771691,0.300728
379.084281,0.300877
379.396871,0.301028
379.709461,0.301182
380.022051,0.301339
380.334641,0.301498
380.647231,0.301661
380.959821,0.301826
381.272411,0.301994
381.585001,0.302166
381.897591,0.302340
382.210181,0.302518
382.522771,0.302700
382.835361,0.302884
383.147951,0.303073
383.460541,0.303264
383.773131,0.303460
384.085721,0.303659
384.398311,0.303863
384.710901,0.304070
385.023491,0.304281
385.336081,0.304497
385.648671,0.304717
385.961261,0.304942
386.273851,0.305171
386.586441,0.305405
386.899031,0.305643
387.211621,0.305887
387.524211,0.306136
387.836801,0.306390
388.149391,0.306649
388.461981,0.306915
388.774571,0.307186
389.087161,0.307462
389.399751,0.307745
389.712341,0.308035
390.024931,0.308330
390.337521,0.308633
390.650111,0.308942
390.962701,0.309259
391.275291,0.309583
391.587881,0.309914
391.900471,0.310253
392.213061,0.310600
392.525651,0.310956
392.838241,0.311320
393.150831,0.311693
393.463421,0.312075
393.776011,0.312467
394.088601,0.312868
394.401191,0.313280
394.713781,0.313702
395.026371,0.314135
395.338961,0.314579
395.651551,0.315035
395.964141,0.315502
396.276731,0.315983
396.589321,0.316476
396.901911,0.316982
397.214501,0.317502
397.527091,0.318037
397.839681,0.318587
398.152271,0.319152
398.464861,0.319733
398.777451,0.320331
399.090041,0.320946
399.402631,0.321579
399.715221,0.322231
400.027811,0.322902
400.340401,0.323594
400.652991,0.324307
400.965581,0.325042
401.278171,0.325800
401.590761,0.326581
401.903351,0.327388
402.215941,0.328220
402.528531,0.329080
402.841121,0.329968
403.153711,0.330885
403.466301,0.331833
403.778891,0.332814
404.091481,0.333828
404.404071,0.334878
404.716661,0.335964
405.029251,0.337090
405.341841,0.338256
405.654431,0.339464
405.967021,0.340718
406.279611,0.342018
406.592201,0.343367
406.904791,0.344768
407.217381,0.346224
407.529971,0.347737
407.842561,0.349310
408.155151,0.350947
408.467741,0.352651
408.780331,0.354426
409.092921,0.356275
409.405511,0.358203
409.718101,0.360214
410.030691,0.362314
410.343281,0.364507
410.655871,0.366798
410.968461,0.369195
411.281051,0.371703
411.593641,0.374329
411.906231,0.377080
412.218821,0.379965
412.531411,0.382993
412.844001,0.386171
413.156591,0.389511
413.469181,0.393024
413.781771,0.396721
414.094361,0.400615
414.406951,0.404720
414.719541,0.409051
415.032131,0.413624
415.344721,0.418457
415.657311,0.423570
415.969901,0.428984
416.282491,0.434721
416.595081,0.440808
416.907671,0.447272
417.220261,0.454143
417.532851,0.461454
417.845441,0.469243
418.158031,0.477548
418.470621,0.486414
418.783211,0.495888
419.095801,0.506025
419.408391,0.516883
419.720981,0.528525
420.033571,0.541022
420.346161,0.554453
420.658750,0.568902
420.971340,0.584463
421.283930,0.601239
421.596520,0.619342
421.909110,0.638894
422.221700,0.660028
422.534290,0.682886
422.846880,0.707620
423.159470,0.734394
423.472060,0.763374
423.784650,0.794734
424.097240,0.828646
424.409830,0.865272
424.722420,0.904760
425.035010,0.947225
425.347600,0.992735
425.660190,1.041286
425.972780,1.092777
426.285370,1.146974
426.597960,1.203472
426.910550,1.261658
427.223140,1.320677
427.535730,1.379400
427.848320,1.436425
428.160910,1.490102
428.473500,1.538597
428.786090,1.580008
429.098680,1.612514
429.411270,1.634557
429.723860,1.645016
430.036450,1.643345
430.349040,1.629643
430.661630,1.604643
430.974220,1.569615
431.286810,1.526218
431.599400,1.476314
431.911990,1.421801
432.224580,1.364467
432.537170,1.305893
432.849760,1.247399
433.162350,1.190028
433.474940,1.134561
433.787530,1.081544
434.100120,1.031326
434.412710,0.984097
434.725300,0.939926
435.037890,0.898794
435.350480,0.860616
435.663070,0.825267
435.975660,0.792594
436.288250,0.762430
436.600840,0.734605
436.913430,0.708946
437.226020,0.685289
437.538610,0.663475
437.851200,0.643355
438.163790,0.624790
438.476380,0.607653
438.788970,0.591824
439.101560,0.577197
439.414150,0.563672
439.726740,0.551159
440.039330,0.539577
440.351920,0.528852
440.664510,0.518916
440.977100,0.509709
441.289690,0.501176
441.602280,0.493266
441.914870,0.485935
442.227460,0.479142
442.540050,0.472850
442.852640,0.467026
443.165230,0.461641
443.477820,0.456666
443.790410,0.452078
444.103000,0.447854
444.415590,0.443976
444.728180,0.440425
445.040770,0.437185
445.353360,0.434243
445.665950,0.431585
445.978540,0.429200
446.291130,0.427078
446.603720,0.425210
446.916310,0.423587
447.228900,0.422202
447.541490,0.421049
447.854080,0.420120
448.166670,0.419410
448.479260,0.418913
448.791850,0.418621
449.104440,0.418530
449.417030,0.418630
449.729620,0.418915
450.042210,0.419374
450.354800,0.419997
450.667390,0.420770
450.979980,0.421678
451.292570,0.422703
451.605160,0.423825
451.917750,0.425019
452.230340,0.426259
452.542930,0.427515
452.855520,0.428752
453.168110,0.429937
453.480700,0.431031
453.793290,0.431996
454.105880,0.432793
454.418470,0.433387
454.731060,0.433742
455.043650,0.433830
455.356240,0.433627
455.668830,0.433116
455.981420,0.432288
456.294010,0.431142
456.606600,0.429685
456.919190,0.427932
457.231780,0.425904
457.544370,0.423629
457.856960,0.421138
458.169550,0.418464
458.482140,0.415644
458.794730,0.412712
459.107320,0.409703
459.419910,0.406648
459.732500,0.403577
460.045090,0.400517
460.357680,0.397491
460.670270,0.394517
460.982860,0.391614
461.295450,0.388793
461.608040,0.386065
461.920630,0.383439
462.233220,0.380920
462.545810,0.378512
462.858400,0.376218
463.170990,0.374039
463.483580,0.371975
463.796170,0.370025
464.108760,0.368187
464.421350,0.366461
464.733940,0.364843
465.046530,0.363331
465.359120,0.361923
465.671710,0.360617
465.984300,0.359409
466.296890,0.358297
466.609480,0.357279
466.922070,0.356353
467.234660,0.355517
467.547250,0.354769
467.859840,0.354107
468.172430,0.353532
468.485020,0.353041
468.797610,0.352635
469.110200,0.352312
469.422790,0.352073
469.735380,0.351918
470.047970,0.351848
470.360560,0.351865
470.673150,0.351969
470.985740,0.352162
471.298330,0.352447
471.610920,0.352827
471.923510,0.353306
472.236100,0.353886
472.548690,0.354572
472.861280,0.355370
473.173870,0.356285
473.486460,0.357325
473.799050,0.358496
474.111640,0.359806
474.424230,0.361265
474.736820,0.362884
475.049410,0.364675
475.362000,0.366649
475.674590,0.368822
475.987180,0.371209
476.299770,0.373830
476.612360,0.376702
476.924950,0.379849
477.237540,0.383295
477.550130,0.387066
477.862720,0.391191
478.175310,0.395703
478.487900,0.400637
478.800490,0.406029
479.113080,0.411921
479.425670,0.418353
479.738260,0.425371
480.050850,0.433017
480.363440,0.441334
480.676030,0.450362
480.988620,0.460132
481.301210,0.470665
481.613800,0.481964
481.926390,0.494007
482.238980,0.506740
482.551570,0.520063
482.864160,0.533824
483.176750,0.547804
483.489340,0.561715
483.801929,0.575195
484.114519,0.587817
484.427109,0.599106
484.739699,0.608574
485.052289,0.615761
485.364879,0.620283
485.677469,0.621883
485.990059,0.620459
486.302649,0.616085
486.615239,0.608995
486.927829,0.599554
487.240419,0.588213
487.553009,0.575461
487.865599,0.561774
488.178189,0.547589
488.490779,0.533279
488.803369,0.519145
489.115959,0.505415
489.428549,0.492251
489.741139,0.479761
490.053729,0.468005
490.366319,0.457010
490.678909,0.446775
490.991499,0.437281
491.304089,0.428499
491.616679,0.420389
491.929269,0.412909
492.241859,0.406014
492.554449,0.399662
492.867039,0.393807
493.179629,0.388410
493.492219,0.383433
493.804809,0.378839
494.117399,0.374595
494.429989,0.370672
494.742579,0.367042
495.055169,0.363678
495.367759,0.360560
495.680349,0.357665
495.992939,0.354974
496.305529,0.352471
496.618119,0.350141
496.930709,0.347969
497.243299,0.345942
497.555889,0.344049
497.868479,0.342279
498.181069,0.340623
498.493659,0.339073
498.806249,0.337620
499.118839,0.336258
499.431429,0.334979
499.744019,0.333778
500.056609,0.332650
500.369199,0.331589
500.681789,0.330592
500.994379,0.329653
501.306969,0.328770
501.619559,0.327938
501.932149,0.327154
502.244739,0.326416
502.557329,0.325722
502.869919,0.325067
503.182509,0.324451
503.495099,0.323870
503.807689,0.323324
504.120279,0.322810
504.432869,0.322327
504.745459,0.321874
505.058049,0.321448
505.370639,0.321048
505.683229,0.320674
505.995819,0.320324
506.308409,0.319998
506.620999,0.319693
506.933589,0.319411
507.246179,0.319149
507.558769,0.318906
507.871359,0.318684
508.183949,0.318480
508.496539,0.318294
508.809129,0.318125
509.121719,0.317974
509.434309,0.317840
509.746899,0.317722
510.059489,0.317621
510.372079,0.317535
510.684669,0.317464
510.997259,0.317409
511.309849,0.317369
511.622439,0.317344
511.935029,0.317333
512.247619,0.317338
512.560209,0.317357
512.872799,0.317391
513.185389,0.317439
513.497979,0.317502
513.810569,0.317580
514.123159,0.317672
514.435749,0.317779
514.748339,0.317902
515.060929,0.318039
515.373519,0.318191
515.686109,0.318359
515.998699,0.318543
516.311289,0.318743
516.623879,0.318959
516.936469,0.319192
517.249059,0.319441
517.561649,0.319708
517.874239,0.319992
518.186829,0.320295
518.499419,0.320616
518.812009,0.320956
519.124599,0.321315
519.437189,0.321695
519.749779,0.322095
520.062369,0.322517
520.374959,0.322960
520.687549,0.323425
521.000139,0.323914
521.312729,0.324426
521.625319,0.324963
521.937909,0.325525
522.250499,0.326113
522.563089,0.326727
522.875679,0.327369
523.188269,0.328039
523.500859,0.328738
523.813449,0.329466
524.126039,0.330225
524.438629,0.331014
524.751219,0.331836
525.063809,0.332689
525.376399,0.333575
525.688989,0.334494
526.001579,0.335447
526.314169,0.336433
526.626759,0.337452
526.939349,0.338505
527.251939,0.339591
527.564529,0.340709
527.877119,0.341858
528.189709,0.343038
528.502299,0.344246
528.814889,0.345481
529.127479,0.346740
529.440069,0.348021
529.752659,0.349319
530.065249,0.350633
530.377839,0.351956
530.690429,0.353284
531.003019,0.354612
531.315609,0.355934
531.628199,0.357243
531.940789,0.358532
532.253379,0.359795
532.565969,0.361023
532.878559,0.362209
533.191149,0.363345
533.503739,0.364423
533.816329,0.365436
534.128919,0.366376
534.441509,0.367238
534.754099,0.368014
535.066689,0.368701
535.379279,0.369295
535.691869,0.369792
536.004459,0.370191
536.317049,0.370493
536.629639,0.370698
536.942229,0.370809
537.254819,0.370829
537.567409,0.370765
537.879999,0.370621
538.192589,0.370406
538.505179,0.370126
538.817769,0.369790
539.130359,0.369407
539.442949,0.368986
539.755539,0.368537
540.068129,0.368068
540.380719,0.367589
540.693309,0.367109
541.005899,0.366636
541.318489,0.366179
541.631079,0.365745
541.943669,0.365342
542.256259,0.364977
542.568849,0.364657
542.881439,0.364387
543.194029,0.364174
543.506619,0.364023
543.819209,0.363940
544.131799,0.363928
544.444389,0.363994
544.756979,0.364141
545.069569,0.364375
545.382159,0.364700
545.694749,0.365120
546.007339,0.365641
546.319929,0.366267
546.632519,0.367003
546.945108,0.367855
547.257698,0.368828
547.570288,0.369928
547.882878,0.371162
548.195468,0.372536
548.508058,0.374058
548.820648,0.375736
549.133238,0.377578
549.445828,0.379594
549.758418,0.381793
550.071008,0.384186
550.383598,0.386784
550.696188,0.389599
551.008778,0.392644
551.321368,0.395932
551.633958,0.399478
551.946548,0.403296
552.259138,0.407401
552.571728,0.411808
552.884318,0.416532
553.196908,0.421588
553.509498,0.426989
553.822088,0.432747
554.134678,0.438871
554.447268,0.445366
554.759858,0.452235
555.072448,0.459470
555.385038,0.467060
555.697628,0.474981
556.010218,0.483197
556.322808,0.491661
556.635398,0.500306
556.947988,0.509049
557.260578,0.517788
557.573168,0.526400
557.885758,0.534745
558.198348,0.542666
558.510938,0.549993
558.823528,0.556553
559.136118,0.562173
559.448708,0.566695
559.761298,0.569980
560.073888,0.571923
560.386478,0.572459
560.699068,0.571566
561.011658,0.569269
561.324248,0.565637
561.636838,0.560780
561.949428,0.554836
562.262018,0.547967
562.574608,0.540344
562.887198,0.532140
563.199788,0.523524
563.512378,0.514651
563.824968,0.505660
564.137558,0.496670
564.450148,0.487782
564.762738,0.479077
565.075328,0.470618
565.387918,0.462452
565.700508,0.454613
566.013098,0.447123
566.325688,0.439993
566.638278,0.433227
566.950868,0.426823
567.263458,0.420776
567.576048,0.415074
567.888638,0.409705
568.201228,0.404655
568.513818,0.399909
568.826408,0.395451
569.138998,0.391265
569.451588,0.387336
569.764178,0.383648
570.076768,0.380188
570.389358,0.376939
570.701948,0.373890
571.014538,0.371028
571.327128,0.368340
571.639718,0.365816
571.952308,0.363444
572.264898,0.361216
572.577488,0.359121
572.890078,0.357152
573.202668,0.355301
573.515258,0.353560
573.827848,0.351922
574.140438,0.350381
574.453028,0.348931
574.765618,0.347567
575.078208,0.346284
575.390798,0.345076
575.703388,0.343940
576.015978,0.342872
576.328568,0.341867
576.641158,0.340923
576.953748,0.340036
577.266338,0.339203
577.578928,0.338421
577.891518,0.337688
578.204108,0.337001
578.516698,0.336359
578.829288,0.335758
579.141878,0.335198
579.454468,0.334676
579.767058,0.334191
580.079648,0.333741
580.392238,0.333325
580.704828,0.332941
581.017418,0.332588
581.330008,0.332266
581.642598,0.331972
581.955188,0.331706
582.267778,0.331468
582.580368,0.331256
582.892958,0.331069
583.205548,0.330907
583.518138,0.330769
583.830728,0.330655
584.143318,0.330564
584.455908,0.330495
584.768498,0.330449
585.081088,0.330423
585.393678,0.330419
585.706268,0.330436
586.018858,0.330474
586.331448,0.330532
586.644038,0.330610
586.956628,0.330708
587.269218,0.330825
587.581808,0.330962
587.894398,0.331119
588.206988,0.331295
588.519578,0.331490
588.832168,0.331705
589.144758,0.331939
589.457348,0.332192
589.769938,0.332464
590.082528,0.332756
590.395118,0.333068
590.707708,0.333398
591.020298,0.333749
591.332888,0.334119
591.645478,0.334509
591.958068,0.334920
592.270658,0.335351
592.583248,0.335802
592.895838,0.336274
593.208428,0.336767
593.521018,0.337281
593.833608,0.337817
594.146198,0.338374
594.458788,0.338953
594.771378,0.339555
595.083968,0.340180
595.396558,0.340827
595.709148,0.341497
596.021738,0.342192
596.334328,0.342910
596.646918,0.343652
596.959508,0.344419
597.272098,0.345210
597.584688,0.346027
597.897278,0.346870
598.209868,0.347738
598.522458,0.348632
598.835048,0.349552
599.147638,0.350499
599.460228,0.351472
599.772818,0.352473
600.085408,0.353500
600.397998,0.354555
600.710588,0.355637
601.023178,0.356746
601.335768,0.357882
601.648358,0.359046
601.960948,0.360236
602.273538,0.361452
602.586128,0.362695
602.898718,0.363964
603.211308,0.365257
603.523898,0.366576
603.836488,0.367917
604.149078,0.369282
604.461668,0.370668
604.774258,0.372075
605.086848,0.373501
605.399438,0.374944
605.712028,0.376403
606.024618,0.377876
606.337208,0.379360
606.649798,0.380854
606.962388,0.382355
607.274978,0.383860
607.587568,0.385366
607.900158,0.386870
608.212748,0.388368
608.525338,0.389858
608.837928,0.391334
609.150518,0.392794
609.463108,0.394233
609.775698,0.395647
610.088287,0.397031
610.400877,0.398380
610.713467,0.399691
611.026057,0.400958
611.338647,0.402176
611.651237,0.403341
611.963827,0.404449
612.276417,0.405493
612.589007,0.406471
612.901597,0.407377
613.214187,0.408208
613.526777,0.408959
613.839367,0.409628
614.151957,0.410211
614.464547,0.410705
614.777137,0.411107
615.089727,0.411417
615.402317,0.411633
615.714907,0.411752
616.027497,0.411776
616.340087,0.411705
616.652677,0.411537
616.965267,0.411276
617.277857,0.410922
617.590447,0.410478
617.903037,0.409945
618.215627,0.409328
618.528217,0.408628
618.840807,0.407851
619.153397,0.406998
619.465987,0.406076
619.778577,0.405088
620.091167,0.404038
620.403757,0.402933
620.716347,0.401775
621.028937,0.400570
621.341527,0.399323
621.654117,0.398039
621.966707,0.396722
622.279297,0.395377
622.591887,0.394009
622.904477,0.392621
623.217067,0.391218
623.529657,0.389805
623.842247,0.388384
624.154837,0.386959
624.467427,0.385534
624.780017,0.384113
625.092607,0.382697
625.405197,0.381290
625.717787,0.379895
626.030377,0.378513
626.342967,0.377147
626.655557,0.375799
626.968147,0.374471
627.280737,0.373164
627.593327,0.371879
627.905917,0.370619
628.218507,0.369384
628.531097,0.368175
628.843687,0.366993
629.156277,0.365838
629.468867,0.364713
629.781457,0.363616
630.094047,0.362548
630.406637,0.361511
630.719227,0.360504
631.031817,0.359527
631.344407,0.358581
631.656997,0.357665
631.969587,0.356780
632.282177,0.355926
632.594767,0.355103
632.907357,0.354311
633.219947,0.353550
633.532537,0.352819
633.845127,0.352119
634.157717,0.351450
634.470307,0.350811
634.782897,0.350203
635.095487,0.349625
635.408077,0.349078
635.720667,0.348560
636.033257,0.348073
636.345847,0.347616
636.658437,0.347190
636.971027,0.346793
637.283617,0.346426
637.596207,0.346090
637.908797,0.345784
638.221387,0.345508
638.533977,0.345263
638.846567,0.345049
639.159157,0.344865
639.471747,0.344713
639.784337,0.344591
640.096927,0.344502
640.409517,0.344445
640.722107,0.344420
641.034697,0.344428
641.347287,0.344470
641.659877,0.344546
641.972467,0.344656
642.285057,0.344802
642.597647,0.344984
642.910237,0.345203
643.222827,0.345461
643.535417,0.345757
643.848007,0.346093
644.160597,0.346470
644.473187,0.346890
644.785777,0.347354
645.098367,0.347863
645.410957,0.348419
645.723547,0.349024
646.036137,0.349679
646.348727,0.350386
646.661317,0.351149
646.973907,0.351968
647.286497,0.352847
647.599087,0.353787
647.911677,0.354793
648.224267,0.355866
648.536857,0.357011
648.849447,0.358230
649.162037,0.359528
649.474627,0.360908
649.787217,0.362375
650.099807,0.363934
650.412397,0.365588
650.724987,0.367344
651.037577,0.369208
651.350167,0.371185
651.662757,0.373281
651.975347,0.375504
652.287937,0.377861
652.600527,0.380361
652.913117,0.383010
653.225707,0.385819
653.538297,0.388796
653.850887,0.391952
654.163477,0.395297
654.476067,0.398843
654.788657,0.402601
655.101247,0.406584
655.413837,0.410805
655.726427,0.415276
656.039017,0.420011
656.351607,0.425025
656.664197,0.430332
656.976787,0.435945
657.289377,0.441877
657.601967,0.448143
657.914557,0.454753
658.227147,0.461718
658.539737,0.469045
658.852327,0.476739
659.164917,0.484802
659.477507,0.493229
659.790097,0.502010
660.102687,0.511127
660.415277,0.520555
660.727867,0.530256
661.040457,0.540182
661.353047,0.550271
661.665637,0.560447
661.978227,0.570619
662.290817,0.580679
662.603407,0.590506
662.915997,0.599963
663.228587,0.608905
663.541177,0.617177
663.853767,0.624624
664.166357,0.631092
664.478947,0.636439
664.791537,0.640541
665.104127,0.643297
665.416717,0.644636
665.729307,0.644522
666.041897,0.642955
666.354487,0.639970
666.667077,0.635639
666.979667,0.630062
667.292257,0.623363
667.604847,0.615685
667.917437,0.607179
668.230027,0.598002
668.542617,0.588309
668.855207,0.578244
669.167797,0.567945
669.480387,0.557532
669.792977,0.547114
670.105567,0.536781
670.418157,0.526610
670.730747,0.516662
671.043337,0.506986
671.355927,0.497618
671.668517,0.488586
671.981107,0.479905
672.293697,0.471588
672.606287,0.463636
672.918877,0.456050
673.231466,0.448824
673.544056,0.441951
673.856646,0.435421
674.169236,0.429221
674.481826,0.423338
674.794416,0.417759
675.107006,0.412471
675.419596,0.407458
675.732186,0.402706
676.044776,0.398203
676.357366,0.393934
676.669956,0.389886
676.982546,0.386048
677.295136,0.382407
677.607726,0.378951
677.920316,0.375671
678.232906,0.372555
678.545496,0.369595
678.858086,0.366781
679.170676,0.364104
679.483266,0.361558
679.795856,0.359133
680.108446,0.356824
680.421036,0.354623
680.733626,0.352524
681.046216,0.350522
681.358806,0.348610
681.671396,0.346785
681.983986,0.345040
682.296576,0.343372
682.609166,0.341777
682.921756,0.340250
683.234346,0.338787
683.546936,0.337386
683.859526,0.336043
684.172116,0.334755
684.484706,0.333518
684.797296,0.332332
685.109886,0.331192
685.422476,0.330096
685.735066,0.329043
686.047656,0.328030
686.360246,0.327055
686.672836,0.326116
686.985426,0.325212
687.298016,0.324341
687.610606,0.323501
687.923196,0.322691
688.235786,0.321909
688.548376,0.321155
688.860966,0.320426
689.173556,0.319723
689.486146,0.319043
689.798736,0.318385
690.111326,0.317749
690.423916,0.317134
690.736506,0.316539
691.049096,0.315962
691.361686,0.315404
691.674276,0.314863
691.986866,0.314338
692.299456,0.313830
692.612046,0.313337
692.924636,0.312859
693.237226,0.312394
693.549816,0.311944
693.862406,0.311506
694.174996,0.311081
694.487586,0.310668
694.800176,0.310267
695.112766,0.309876
695.425356,0.309497
695.737946,0.309128
696.050536,0.308769
696.363126,0.308419
696.675716,0.308079
696.988306,0.307747
697.300896,0.307424
697.613486,0.307110
697.926076,0.306803
698.238666,0.306504
698.551256,0.306213
698.863846,0.305929
699.176436,0.305652
699.489026,0.305381
699.801616,0.305117
700.114206,0.304860
700.426796,0.304608
700.739386,0.304363
701.051976,0.304123
701.364566,0.303888
701.677156,0.303659
701.989746,0.303436
702.302336,0.303217
702.614926,0.303003
702.927516,0.302794
703.240106,0.302589
703.552696,0.302389
703.865286,0.302193
704.177876,0.302002
704.490466,0.301814
704.803056,0.301630
705.115646,0.301450
705.428236,0.301274
705.740826,0.301102
706.053416,0.300933
706.366006,0.300767
706.678596,0.300605
706.991186,0.300446
707.303776,0.300290
707.616366,0.300137
707.928956,0.299987
708.241546,0.299840
708.554136,0.299696
708.866726,0.299555
709.179316,0.299416
709.491906,0.299280
709.804496,0.299146
710.117086,0.299015
710.429676,0.298886
710.742266,0.298760
711.054856,0.298636
