# rshift,intensity
80.391256,0.247894
80.703692,0.247895
81.016127,0.247896
81.328562,0.247897
81.640997,0.247897
81.953433,0.247898
82.265868,0.247899
82.578303,0.247900
82.890738,0.247900
83.203174,0.247901
83.515609,0.247902
83.828044,0.247903
84.140479,0.247903
84.452915,0.247904
84.765350,0.247905
85.077785,0.247906
85.390220,0.247907
85.702656,0.247907
86.015091,0.247908
86.327526,0.247909
86.639961,0.247910
86.952397,0.247911
87.264832,0.247911
87.577267,0.247912
87.889702,0.247913
88.202138,0.247914
88.514573,0.247915
88.827008,0.247915
89.139443,0.247916
89.451879,0.247917
89.764314,0.247918
90.076749,0.247919
90.389184,0.247919
90.701620,0.247920
91.014055,0.247921
91.326490,0.247922
91.638925,0.247923
91.951360,0.247924
92.263796,0.247924
92.576231,0.247925
92.888666,0.247926
93.201101,0.247927
93.513537,0.247928
93.825972,0.247929
94.138407,0.247929
94.450842,0.247930
94.763278,0.247931
95.075713,0.247932
95.388148,0.247933
95.700583,0.247934
96.013019,0.247934
96.325454,0.247935
96.637889,0.247936
96.950324,0.247937
97.262760,0.247938
97.575195,0.247939
97.887630,0.247940
98.200065,0.247940
98.512501,0.247941
98.824936,0.247942
99.137371,0.247943
99.449806,0.247944
99.762242,0.247945
100.074677,0.247946
100.387112,0.247947
100.699547,0.247947
101.011983,0.247948
101.324418,0.247949
101.636853,0.247950
101.949288,0.247951
102.261724,0.247952
102.574159,0.247953
102.886594,0.247954
103.199029,0.247955
103.511465,0.247956
103.823900,0.247956
104.136335,0.247957
104.448770,0.247958
104.761206,0.247959
105.073641,0.247960
105.386076,0.247961
105.698511,0.247962
106.010947,0.247963
106.323382,0.247964
106.635817,0.247965
106.948252,0.247966
107.260688,0.247967
107.573123,0.247968
107.885558,0.247968
108.197993,0.247969
108.510429,0.247970
108.822864,0.247971
109.135299,0.247972
109.447734,0.247973
109.760170,0.247974
110.072605,0.247975
110.385040,0.247976
110.697475,0.247977
111.009911,0.247978
111.322346,0.247979
111.634781,0.247980
111.947216,0.247981
112.259652,0.247982
112.572087,0.247983
112.884522,0.247984
113.196957,0.247985
113.509393,0.247986
113.821828,0.247987
114.134263,0.247988
114.446698,0.247989
114.759134,0.247990
115.071569,0.247991
115.384004,0.247992
115.696439,0.247993
116.008875,0.247994
116.321310,0.247995
116.633745,0.247996
116.946180,0.247997
117.258616,0.247998
117.571051,0.247999
117.883486,0.248000
118.195921,0.248001
118.508357,0.248002
118.820792,0.248003
119.133227,0.248004
119.445662,0.248005
119.758098,0.248006
120.070533,0.248007
120.382968,0.248008
120.695403,0.248009
121.007839,0.248010
121.320274,0.248011
121.632709,0.248012
121.945144,0.248013
122.257580,0.248015
122.570015,0.248016
122.882450,0.248017
123.194885,0.248018
123.507320,0.248019
123.819756,0.248020
124.132191,0.248021
124.444626,0.248022
124.757061,0.248023
125.069497,0.248024
125.381932,0.248025
125.694367,0.248026
126.006802,0.248027
126.319238,0.248029
126.631673,0.248030
126.944108,0.248031
127.256543,0.248032
127.568979,0.248033
127.881414,0.248034
128.193849,0.248035
128.506284,0.248036
128.818720,0.248038
129.131155,0.248039
129.443590,0.248040
129.756025,0.248041
130.068461,0.248042
130.380896,0.248043
130.693331,0.248044
131.005766,0.248045
131.318202,0.248047
131.630637,0.248048
131.943072,0.248049
132.255507,0.248050
132.567943,0.248051
132.880378,0.248052
133.192813,0.248054
133.505248,0.248055
133.817684,0.248056
134.130119,0.248057
134.442554,0.248058
134.754989,0.248059
135.067425,0.248061
135.379860,0.248062
135.692295,0.248063
136.004730,0.248064
136.317166,0.248065
136.629601,0.248067
136.942036,0.248068
137.254471,0.248069
137.566907,0.248070
137.879342,0.248072
138.191777,0.248073
138.504212,0.248074
138.816648,0.248075
139.129083,0.248076
139.441518,0.248078
139.753953,0.248079
140.066389,0.248080
140.378824,0.248081
140.691259,0.248083
141.003694,0.248084
141.316130,0.248085
141.628565,0.248086
141.941000,0.248088
142.253435,0.248089
142.565871,0.248090
142.878306,0.248092
143.190741,0.248093
143.503176,0.248094
143.815612,0.248095
144.128047,0.248097
144.440482,0.248098
144.752917,0.248099
145.065353,0.248101
145.377788,0.248102
145.690223,0.248103
146.002658,0.248105
146.315094,0.248106
146.627529,0.248107
146.939964,0.248109
147.252399,0.248110
147.564835,0.248111
147.877270,0.248113
148.189705,0.248114
148.502140,0.248115
148.814576,0.248117
149.127011,0.248118
149.439446,0.248119
149.751881,0.248121
150.064317,0.248122
150.376752,0.248123
150.689187,0.248125
151.001622,0.248126
151.314058,0.248128
151.626493,0.248129
151.938928,0.248130
152.251363,0.248132
152.563799,0.248133
152.876234,0.248135
153.188669,0.248136
153.501104,0.248137
153.813540,0.248139
154.125975,0.248140
154.438410,0.248142
154.750845,0.248143
155.063280,0.248144
155.375716,0.248146
155.688151,0.248147
156.000586,0.248149
156.313021,0.248150
156.625457,0.248152
156.937892,0.248153
157.250327,0.248155
157.562762,0.248156
157.875198,0.248158
158.187633,0.248159
158.500068,0.248161
158.812503,0.248162
159.124939,0.248164
159.437374,0.248165
159.749809,0.248167
160.062244,0.248168
160.374680,0.248170
160.687115,0.248171
160.999550,0.248173
161.311985,0.248174
161.624421,0.248176
161.936856,0.248177
162.249291,0.248179
162.561726,0.248180
162.874162,0.248182
163.186597,0.248183
163.499032,0.248185
163.811467,0.248187
164.123903,0.248188
164.436338,0.248190
164.748773,0.248191
165.061208,0.248193
165.373644,0.248194
165.686079,0.248196
165.998514,0.248198
166.310949,0.248199
166.623385,0.248201
166.935820,0.248202
167.248255,0.248204
167.560690,0.248206
167.873126,0.248207
168.185561,0.248209
168.497996,0.248211
168.810431,0.248212
169.122867,0.248214
169.435302,0.248216
169.747737,0.248217
170.060172,0.248219
170.372608,0.248221
170.685043,0.248222
170.997478,0.248224
171.309913,0.248226
171.622349,0.248227
171.934784,0.248229
172.247219,0.248231
172.559654,0.248232
172.872090,0.248234
173.184525,0.248236
173.496960,0.248238
173.809395,0.248239
174.121831,0.248241
174.434266,0.248243
174.746701,0.248245
175.059136,0.248246
175.371572,0.248248
175.684007,0.248250
175.996442,0.248252
176.308877,0.248253
176.621313,0.248255
176.933748,0.248257
177.246183,0.248259
177.558618,0.248261
177.871054,0.248262
178.183489,0.248264
178.495924,0.248266
178.808359,0.248268
179.120795,0.248270
179.433230,0.248272
179.745665,0.248273
180.058100,0.248275
180.370536,0.248277
180.682971,0.248279
180.995406,0.248281
181.307841,0.248283
181.620277,0.248285
181.932712,0.248287
182.245147,0.248289
182.557582,0.248290
182.870018,0.248292
183.182453,0.248294
183.494888,0.248296
183.807323,0.248298
184.119759,0.248300
184.432194,0.248302
184.744629,0.248304
185.057064,0.248306
185.369499,0.248308
185.681935,0.248310
185.994370,0.248312
186.306805,0.248314
186.619240,0.248316
186.931676,0.248318
187.244111,0.248320
187.556546,0.248322
187.868981,0.248324
188.181417,0.248326
188.493852,0.248328
188.806287,0.248330
189.118722,0.248332
189.431158,0.248334
189.743593,0.248336
190.056028,0.248338
190.368463,0.248340
190.680899,0.248342
190.993334,0.248344
191.305769,0.248346
191.618204,0.248349
191.930640,0.248351
192.243075,0.248353
192.555510,0.248355
192.867945,0.248357
193.180381,0.248359
193.492816,0.248361
193.805251,0.248364
194.117686,0.248366
194.430122,0.248368
194.742557,0.248370
195.054992,0.248372
195.367427,0.248374
195.679863,0.248377
195.992298,0.248379
196.304733,0.248381
196.617168,0.248383
196.929604,0.248386
197.242039,0.248388
197.554474,0.248390
197.866909,0.248392
198.179345,0.248395
198.491780,0.248397
198.804215,0.248399
199.116650,0.248401
199.429086,0.248404
199.741521,0.248406
200.053956,0.248408
200.366391,0.248411
200.678827,0.248413
200.991262,0.248415
201.303697,0.248418
201.616132,0.248420
201.928568,0.248422
202.241003,0.248425
202.553438,0.248427
202.865873,0.248430
203.178309,0.248432
203.490744,0.248434
203.803179,0.248437
204.115614,0.248439
204.428050,0.248442
204.740485,0.248444
205.052920,0.248447
205.365355,0.248449
205.677791,0.248452
205.990226,0.248454
206.302661,0.248457
206.615096,0.248459
206.927532,0.248462
207.239967,0.248464
207.552402,0.248467
207.864837,0.248469
208.177273,0.248472
208.489708,0.248474
208.802143,0.248477
209.114578,0.248480
209.427014,0.248482
209.739449,0.248485
210.051884,0.248487
210.364319,0.248490
210.676755,0.248493
210.989190,0.248495
211.301625,0.248498
211.614060,0.248501
211.926496,0.248503
212.238931,0.248506
212.551366,0.248509
212.863801,0.248511
213.176237,0.248514
213.488672,0.248517
213.801107,0.248520
214.113542,0.248522
214.425978,0.248525
214.738413,0.248528
215.050848,0.248531
215.363283,0.248533
215.675719,0.248536
215.988154,0.248539
216.300589,0.248542
216.613024,0.248545
216.925459,0.248548
217.237895,0.248550
217.550330,0.248553
217.862765,0.248556
218.175200,0.248559
218.487636,0.248562
218.800071,0.248565
219.112506,0.248568
219.424941,0.248571
219.737377,0.248574
220.049812,0.248577
220.362247,0.248580
220.674682,0.248583
220.987118,0.248586
221.299553,0.248589
221.611988,0.248592
221.924423,0.248595
222.236859,0.248598
222.549294,0.248601
222.861729,0.248604
223.174164,0.248607
223.486600,0.248610
223.799035,0.248613
224.111470,0.248616
224.423905,0.248619
224.736341,0.248623
225.048776,0.248626
225.361211,0.248629
225.673646,0.248632
225.986082,0.248635
226.298517,0.248639
226.610952,0.248642
226.923387,0.248645
227.235823,0.248648
227.548258,0.248652
227.860693,0.248655
228.173128,0.248658
228.485564,0.248661
228.797999,0.248665
229.110434,0.248668
229.422869,0.248671
229.735305,0.248675
230.047740,0.248678
230.360175,0.248682
230.672610,0.248685
230.985046,0.248688
231.297481,0.248692
231.609916,0.248695
231.922351,0.248699
232.234787,0.248702
232.547222,0.248706
232.859657,0.248709
233.172092,0.248713
233.484528,0.248716
233.796963,0.248720
234.109398,0.248723
234.421833,0.248727
234.734269,0.248731
235.046704,0.248734
235.359139,0.248738
235.671574,0.248742
235.984010,0.248745
236.296445,0.248749
236.608880,0.248753
236.921315,0.248756
237.233751,0.248760
237.546186,0.248764
237.858621,0.248768
238.171056,0.248771
238.483492,0.248775
238.795927,0.248779
239.108362,0.248783
239.420797,0.248787
239.733233,0.248791
240.045668,0.248794
240.358103,0.248798
240.670538,0.248802
240.982974,0.248806
241.295409,0.248810
241.607844,0.248814
241.920279,0.248818
242.232715,0.248822
242.545150,0.248826
242.857585,0.248830
243.170020,0.248834
243.482456,0.248838
243.794891,0.248842
244.107326,0.248847
244.419761,0.248851
244.732197,0.248855
245.044632,0.248859
245.357067,0.248863
245.669502,0.248867
245.981938,0.248872
246.294373,0.248876
246.606808,0.248880
246.919243,0.248885
247.231679,0.248889
247.544114,0.248893
247.856549,0.248898
248.168984,0.248902
248.481419,0.248906
248.793855,0.248911
249.106290,0.248915
249.418725,0.248920
249.731160,0.248924
250.043596,0.248929
250.356031,0.248933
250.668466,0.248938
250.980901,0.248942
251.293337,0.248947
251.605772,0.248951
251.918207,0.248956
252.230642,0.248961
252.543078,0.248965
252.855513,0.248970
253.167948,0.248975
253.480383,0.248979
253.792819,0.248984
254.105254,0.248989
254.417689,0.248994
254.730124,0.248999
255.042560,0.249004
255.354995,0.249008
255.667430,0.249013
255.979865,0.249018
256.292301,0.249023
256.604736,0.249028
256.917171,0.249033
257.229606,0.249038
257.542042,0.249043
257.854477,0.249048
258.166912,0.249053
258.479347,0.249059
258.791783,0.249064
259.104218,0.249069
259.416653,0.249074
259.729088,0.249079
260.041524,0.249085
260.353959,0.249090
260.666394,0.249095
260.978829,0.249100
261.291265,0.249106
261.603700,0.249111
261.916135,0.249117
262.228570,0.249122
262.541006,0.249128
262.853441,0.249133
263.165876,0.249139
263.478311,0.249144
263.790747,0.249150
264.103182,0.249155
264.415617,0.249161
264.728052,0.249167
265.040488,0.249172
265.352923,0.249178
265.665358,0.249184
265.977793,0.249190
266.290229,0.249195
266.602664,0.249201
266.915099,0.249207
267.227534,0.249213
267.539970,0.249219
267.852405,0.249225
268.164840,0.249231
268.477275,0.249237
268.789711,0.249243
269.102146,0.249249
269.414581,0.249255
269.727016,0.249261
270.039452,0.249268
270.351887,0.249274
270.664322,0.249280
270.976757,0.249286
271.289193,0.249293
271.601628,0.249299
271.914063,0.249306
272.226498,0.249312
272.538934,0.249318
272.851369,0.249325
273.163804,0.249331
273.476239,0.249338
273.788675,0.249345
274.101110,0.249351
274.413545,0.249358
274.725980,0.249365
275.038416,0.249371
275.350851,0.249378
275.663286,0.249385
275.975721,0.249392
276.288157,0.249399
276.600592,0.249406
276.913027,0.249413
277.225462,0.249420
277.537898,0.249427
277.850333,0.249434
278.162768,0.249441
278.475203,0.249448
278.787639,0.249456
279.100074,0.249463
279.412509,0.249470
279.724944,0.249477
280.037379,0.249485
280.349815,0.249492
280.662250,0.249500
280.974685,0.249507
281.287120,0.249515
281.599556,0.249522
281.911991,0.249530
282.224426,0.249538
282.536861,0.249546
282.849297,0.249553
283.161732,0.249561
283.474167,0.249569
283.786602,0.249577
284.099038,0.249585
284.411473,0.249593
284.723908,0.249601
285.036343,0.249609
285.348779,0.249617
285.661214,0.249625
285.973649,0.249634
286.286084,0.249642
286.598520,0.249650
286.910955,0.249659
287.223390,0.249667
287.535825,0.249676
287.848261,0.249684
288.160696,0.249693
288.473131,0.249702
288.785566,0.249710
289.098002,0.249719
289.410437,0.249728
289.722872,0.249737
290.035307,0.249746
290.347743,0.249755
290.660178,0.249764
290.972613,0.249773
291.285048,0.249782
291.597484,0.249791
291.909919,0.249800
292.222354,0.249810
292.534789,0.249819
292.847225,0.249829
293.159660,0.249838
293.472095,0.249848
293.784530,0.249857
294.096966,0.249867
294.409401,0.249877
294.721836,0.249887
295.034271,0.249896
295.346707,0.249906
295.659142,0.249916
295.971577,0.249926
296.284012,0.249937
296.596448,0.249947
296.908883,0.249957
297.221318,0.249967
297.533753,0.249978
297.846189,0.249988
298.158624,0.249999
298.471059,0.250009
298.783494,0.250020
299.095930,0.250031
299.408365,0.250041
299.720800,0.250052
300.033235,0.250063
300.345671,0.250074
300.658106,0.250085
300.970541,0.250097
301.282976,0.250108
301.595412,0.250119
301.907847,0.250131
302.220282,0.250142
302.532717,0.250154
302.845153,0.250165
303.157588,0.250177
303.470023,0.250189
303.782458,0.250201
304.094894,0.250213
304.407329,0.250225
304.719764,0.250237
305.032199,0.250249
305.344635,0.250261
305.657070,0.250274
305.969505,0.250286
306.281940,0.250299
306.594376,0.250311
306.906811,0.250324
307.219246,0.250337
307.531681,0.250350
307.844117,0.250363
308.156552,0.250376
308.468987,0.250389
308.781422,0.250402
309.093858,0.250416
309.406293,0.250429
309.718728,0.250443
310.031163,0.250456
310.343599,0.250470
310.656034,0.250484
310.968469,0.250498
311.280904,0.250512
311.593339,0.250526
311.905775,0.250540
312.218210,0.250555
312.530645,0.250569
312.843080,0.250584
313.155516,0.250598
313.467951,0.250613
313.780386,0.250628
314.092821,0.250643
314.405257,0.250658
314.717692,0.250674
315.030127,0.250689
315.342562,0.250704
315.654998,0.250720
315.967433,0.250736
316.279868,0.250752
316.592303,0.250768
316.904739,0.250784
317.217174,0.250800
317.529609,0.250816
317.842044,0.250833
318.154480,0.250849
318.466915,0.250866
318.779350,0.250883
319.091785,0.250900
319.404221,0.250917
319.716656,0.250934
320.029091,0.250952
320.341526,0.250969
320.653962,0.250987
320.966397,0.251005
321.278832,0.251023
321.591267,0.251041
321.903703,0.251059
322.216138,0.251077
322.528573,0.251096
322.841008,0.251115
323.153444,0.251133
323.465879,0.251152
323.778314,0.251172
324.090749,0.251191
324.403185,0.251210
324.715620,0.251230
325.028055,0.251250
325.340490,0.251270
325.652926,0.251290
325.965361,0.251310
326.277796,0.251331
326.590231,0.251351
326.902667,0.251372
327.215102,0.251393
327.527537,0.251414
327.839972,0.251436
328.152408,0.251457
328.464843,0.251479
328.777278,0.251501
329.089713,0.251523
329.402149,0.251545
329.714584,0.251568
330.027019,0.251590
330.339454,0.251613
330.651890,0.251636
330.964325,0.251660
331.276760,0.251683
331.589195,0.251707
331.901631,0.251731
332.214066,0.251755
332.526501,0.251779
332.838936,0.251804
333.151372,0.251829
333.463807,0.251854
333.776242,0.251879
334.088677,0.251904
334.401113,0.251930
334.713548,0.251956
335.025983,0.251982
335.338418,0.252009
335.650854,0.252035
335.963289,0.252062
336.275724,0.252089
336.588159,0.252117
336.900595,0.252144
337.213030,0.252172
337.525465,0.252201
337.837900,0.252229
338.150336,0.252258
338.462771,0.252287
338.775206,0.252316
339.087641,0.252346
339.400077,0.252376
339.712512,0.252406
340.024947,0.252436
340.337382,0.252467
340.649818,0.252498
340.962253,0.252529
341.274688,0.252561
341.587123,0.252593
341.899559,0.252626
342.211994,0.252658
342.524429,0.252691
342.836864,0.252724
343.149299,0.252758
343.461735,0.252792
343.774170,0.252826
344.086605,0.252861
344.399040,0.252896
344.711476,0.252932
345.023911,0.252967
345.336346,0.253004
345.648781,0.253040
345.961217,0.253077
346.273652,0.253114
346.586087,0.253152
346.898522,0.253190
347.210958,0.253229
347.523393,0.253268
347.835828,0.253307
348.148263,0.253347
348.460699,0.253387
348.773134,0.253427
349.085569,0.253468
349.398004,0.253510
349.710440,0.253552
350.022875,0.253594
350.335310,0.253637
350.647745,0.253681
350.960181,0.253725
351.272616,0.253769
351.585051,0.253814
351.897486,0.253859
352.209922,0.253905
352.522357,0.253952
352.834792,0.253999
353.147227,0.254046
353.459663,0.254094
353.772098,0.254143
354.084533,0.254192
354.396968,0.254242
354.709404,0.254292
355.021839,0.254343
355.334274,0.254394
355.646709,0.254447
355.959145,0.254499
356.271580,0.254553
356.584015,0.254607
356.896450,0.254662
357.208886,0.254717
357.521321,0.254773
357.833756,0.254830
358.146191,0.254887
358.458627,0.254945
358.771062,0.255004
359.083497,0.255064
359.395932,0.255124
359.708368,0.255185
360.020803,0.255247
360.333238,0.255310
360.645673,0.255374
360.958109,0.255438
361.270544,0.255503
361.582979,0.255569
361.895414,0.255636
362.207850,0.255704
362.520285,0.255772
362.832720,0.255842
363.145155,0.255912
363.457591,0.255984
363.770026,0.256056
364.082461,0.256130
364.394896,0.256204
364.707332,0.256279
365.019767,0.256356
365.332202,0.256433
365.644637,0.256512
365.957073,0.256591
366.269508,0.256672
366.581943,0.256754
366.894378,0.256837
367.206814,0.256921
367.519249,0.257007
367.831684,0.257093
368.144119,0.257181
368.456555,0.257270
368.768990,0.257361
369.081425,0.257452
369.393860,0.257546
369.706296,0.257640
370.018731,0.257736
370.331166,0.257833
370.643601,0.257932
370.956037,0.258033
371.268472,0.258134
371.580907,0.258238
371.893342,0.258343
372.205778,0.258449
372.518213,0.258558
372.830648,0.258668
373.143083,0.258779
373.455519,0.258893
373.767954,0.259008
374.080389,0.259125
374.392824,0.259244
374.705259,0.259365
375.017695,0.259488
375.330130,0.259613
375.642565,0.259740
375.955000,0.259869
376.267436,0.260000
376.579871,0.260133
376.892306,0.260269
377.204741,0.260407
377.517177,0.260547
377.829612,0.260690
378.142047,0.260835
378.454482,0.260983
378.766918,0.261133
379.079353,0.261286
379.391788,0.261441
379.704223,0.261600
380.016659,0.261761
380.329094,0.261925
380.641529,0.262092
380.953964,0.262262
381.266400,0.262436
381.578835,0.262612
381.891270,0.262792
382.203705,0.262975
382.516141,0.263162
382.828576,0.263352
383.141011,0.263545
383.453446,0.263743
383.765882,0.263944
384.078317,0.264149
384.390752,0.264359
384.703187,0.264572
385.015623,0.264790
385.328058,0.265012
385.640493,0.265238
385.952928,0.265469
386.265364,0.265705
386.577799,0.265946
386.890234,0.266191
387.202669,0.266442
387.515105,0.266698
387.827540,0.266960
388.139975,0.267227
388.452410,0.267500
388.764846,0.267779
389.077281,0.268063
389.389716,0.268355
389.702151,0.268652
390.014587,0.268957
390.327022,0.269268
390.639457,0.269586
390.951892,0.269911
391.264328,0.270244
391.576763,0.270585
391.889198,0.270934
392.201633,0.271291
392.514069,0.271656
392.826504,0.272031
393.138939,0.272414
393.451374,0.272807
393.763810,0.273209
394.076245,0.273621
394.388680,0.274044
394.701115,0.274477
395.013551,0.274922
395.325986,0.275378
395.638421,0.275845
395.950856,0.276325
396.263292,0.276818
396.575727,0.277323
396.888162,0.277843
397.200597,0.278376
397.513033,0.278924
397.825468,0.279487
398.137903,0.280066
398.450338,0.280661
398.762774,0.281272
399.075209,0.281902
399.387644,0.282550
399.700079,0.283216
400.012515,0.283902
400.324950,0.284609
400.637385,0.285337
400.949820,0.286087
401.262256,0.286861
401.574691,0.287658
401.887126,0.288480
402.199561,0.289328
402.511997,0.290204
402.824432,0.291108
403.136867,0.292041
403.449302,0.293005
403.761738,0.294002
404.074173,0.295032
404.386608,0.296097
404.699043,0.297199
405.011479,0.298340
405.323914,0.299521
405.636349,0.300744
405.948784,0.302011
406.261219,0.303325
406.573655,0.304688
406.886090,0.306102
407.198525,0.307569
407.510960,0.309092
407.823396,0.310675
408.135831,0.312321
408.448266,0.314031
408.760701,0.315811
409.073137,0.317664
409.385572,0.319593
409.698007,0.321604
410.010442,0.323700
410.322878,0.325886
410.635313,0.328168
410.947748,0.330551
411.260183,0.333041
411.572619,0.335645
411.885054,0.338368
412.197489,0.341219
412.509924,0.344206
412.822360,0.347336
413.134795,0.350620
413.447230,0.354067
413.759665,0.357687
414.072101,0.361492
414.384536,0.365495
414.696971,0.369709
415.009406,0.374148
415.321842,0.378829
415.634277,0.383767
415.946712,0.388983
416.259147,0.394495
416.571583,0.400327
416.884018,0.406501
417.196453,0.413044
417.508888,0.419983
417.821324,0.427350
418.133759,0.435179
418.446194,0.443505
418.758629,0.452370
419.071065,0.461816
419.383500,0.471891
419.695935,0.482648
420.008370,0.494143
420.320806,0.506439
420.633241,0.519603
420.945676,0.533709
421.258111,0.548836
421.570547,0.565072
421.882982,0.582510
422.195417,0.601251
422.507852,0.621402
422.820288,0.643079
423.132723,0.666401
423.445158,0.691493
423.757593,0.718484
424.070029,0.747500
424.382464,0.778666
424.694899,0.812094
425.007334,0.847880
425.319770,0.886092
425.632205,0.926758
425.944640,0.969848
426.257075,1.015259
426.569511,1.062788
426.881946,1.112112
427.194381,1.162762
427.506816,1.214098
427.819252,1.265298
428.131687,1.315350
428.444122,1.363065
428.756557,1.407116
429.068993,1.446097
429.381428,1.478614
429.693863,1.503391
430.006298,1.519383
430.318734,1.525888
430.631169,1.522612
430.943604,1.509710
431.256039,1.487765
431.568475,1.457727
431.880910,1.420811
432.193345,1.378387
432.505780,1.331869
432.818216,1.282616
433.130651,1.231866
433.443086,1.180688
433.755521,1.129964
434.067957,1.080390
434.380392,1.032485
434.692827,0.986617
435.005262,0.943023
435.317698,0.901835
435.630133,0.863105
435.942568,0.826819
436.255003,0.792924
436.567439,0.761330
436.879874,0.731929
437.192309,0.704602
437.504744,0.679223
437.817179,0.655663
438.129615,0.633798
438.442050,0.613506
438.754485,0.594672
439.066920,0.577187
439.379356,0.560950
439.691791,0.545865
440.004226,0.531845
440.316661,0.518810
440.629097,0.506686
440.941532,0.495404
441.253967,0.484903
441.566402,0.475127
441.878838,0.466024
442.191273,0.457548
442.503708,0.449656
442.816143,0.442311
443.128579,0.435478
443.441014,0.429127
443.753449,0.423229
444.065884,0.417761
444.378320,0.412702
444.690755,0.408032
445.003190,0.403735
445.315625,0.399799
445.628061,0.396212
445.940496,0.392965
446.252931,0.390053
446.565366,0.387472
446.877802,0.385220
447.190237,0.383298
447.502672,0.381710
447.815107,0.380462
448.127543,0.379562
448.439978,0.379019
448.752413,0.378847
449.064848,0.379058
449.377284,0.379667
449.689719,0.380686
450.002154,0.382128
450.314589,0.383998
450.627025,0.386295
450.939460,0.389006
451.251895,0.392098
451.564330,0.395518
451.876766,0.399179
452.189201,0.402960
452.501636,0.406699
452.814071,0.410199
453.126507,0.413231
453.438942,0.415555
453.751377,0.416944
454.063812,0.417214
454.376248,0.416253
454.688683,0.414038
455.001118,0.410638
455.313553,0.406204
455.625989,0.400942
455.938424,0.395087
456.250859,0.388868
456.563294,0.382495
456.875730,0.376140
457.188165,0.369937
457.500600,0.363982
457.813035,0.358337
458.125471,0.353036
458.437906,0.348095
458.750341,0.343513
459.062776,0.339281
459.375212,0.335382
459.687647,0.331795
460.000082,0.328499
460.312517,0.325472
460.624953,0.322692
460.937388,0.320138
461.249823,0.317791
461.562258,0.315633
461.874694,0.313648
462.187129,0.311823
462.499564,0.310142
462.811999,0.308595
463.124435,0.307170
463.436870,0.305859
463.749305,0.304653
464.061740,0.303545
464.374176,0.302527
464.686611,0.301594
464.999046,0.300742
465.311481,0.299964
465.623917,0.299258
465.936352,0.298619
466.248787,0.298045
466.561222,0.297534
466.873658,0.297082
467.186093,0.296689
467.498528,0.296352
467.810963,0.296072
468.123399,0.295846
468.435834,0.295674
468.748269,0.295557
469.060704,0.295494
469.373139,0.295485
469.685575,0.295532
469.998010,0.295636
470.310445,0.295797
470.622880,0.296017
470.935316,0.296299
471.247751,0.296644
471.560186,0.297055
471.872621,0.297536
472.185057,0.298091
472.497492,0.298722
472.809927,0.299435
473.122362,0.300236
473.434798,0.301129
473.747233,0.302123
474.059668,0.303224
474.372103,0.304441
474.684539,0.305784
474.996974,0.307263
475.309409,0.308891
475.621844,0.310682
475.934280,0.312651
476.246715,0.314816
476.559150,0.317196
476.871585,0.319815
477.184021,0.322698
477.496456,0.325875
477.808891,0.329378
478.121326,0.333245
478.433762,0.337521
478.746197,0.342253
479.058632,0.347497
479.371067,0.353319
479.683503,0.359789
479.995938,0.366990
480.308373,0.375015
480.620808,0.383967
480.933244,0.393961
481.245679,0.405120
481.558114,0.417577
481.870549,0.431467
482.182985,0.446921
482.495420,0.464050
482.807855,0.482929
483.120290,0.503563
483.432726,0.525853
483.745161,0.549541
484.057596,0.574160
484.370031,0.598978
484.682467,0.622971
484.994902,0.644848
485.307337,0.663146
485.619772,0.676415
485.932208,0.683465
486.244643,0.683612
486.557078,0.676829
486.869513,0.663760
487.181949,0.645564
487.494384,0.623682
487.806819,0.599582
488.119254,0.574573
488.431690,0.549698
488.744125,0.525710
489.056560,0.503093
489.368995,0.482118
489.681431,0.462894
489.993866,0.445421
490.306301,0.429628
490.618736,0.415406
490.931172,0.402625
491.243607,0.391149
491.556042,0.380846
491.868477,0.371591
492.180913,0.363267
492.493348,0.355771
492.805783,0.349010
493.118218,0.342900
493.430654,0.337368
493.743089,0.332349
494.055524,0.327787
494.367959,0.323632
494.680395,0.319840
494.992830,0.316372
495.305265,0.313195
495.617700,0.310280
495.930136,0.307599
496.242571,0.305129
496.555006,0.302851
496.867441,0.300746
497.179877,0.298797
497.492312,0.296992
497.804747,0.295316
498.117182,0.293759
498.429618,0.292310
498.742053,0.290961
499.054488,0.289703
499.366923,0.288529
499.679359,0.287432
499.991794,0.286406
500.304229,0.285446
500.616664,0.284547
500.929099,0.283706
501.241535,0.282916
501.553970,0.282176
501.866405,0.281482
502.178840,0.280831
502.491276,0.280220
502.803711,0.279646
503.116146,0.279108
503.428581,0.278603
503.741017,0.278130
504.053452,0.277686
504.365887,0.277270
504.678322,0.276882
504.990758,0.276518
505.303193,0.276179
505.615628,0.275863
505.928063,0.275568
506.240499,0.275295
506.552934,0.275043
506.865369,0.274809
507.177804,0.274595
507.490240,0.274399
507.802675,0.274221
508.115110,0.274059
508.427545,0.273915
508.739981,0.273787
509.052416,0.273675
509.364851,0.273579
509.677286,0.273498
509.989722,0.273433
510.302157,0.273382
510.614592,0.273347
510.927027,0.273327
511.239463,0.273322
511.551898,0.273332
511.864333,0.273357
512.176768,0.273397
512.489204,0.273453
512.801639,0.273524
513.114074,0.273612
513.426509,0.273715
513.738945,0.273835
514.051380,0.273972
514.363815,0.274126
514.676250,0.274298
514.988686,0.274488
515.301121,0.274698
515.613556,0.274927
515.925991,0.275178
516.238427,0.275449
516.550862,0.275744
516.863297,0.276061
517.175732,0.276403
517.488168,0.276772
517.800603,0.277167
518.113038,0.277591
518.425473,0.278045
518.737909,0.278531
519.050344,0.279051
519.362779,0.279607
519.675214,0.280201
519.987650,0.280835
520.300085,0.281511
520.612520,0.282233
520.924955,0.283003
521.237391,0.283824
521.549826,0.284700
521.862261,0.285633
522.174696,0.286627
522.487132,0.287686
522.799567,0.288813
523.112002,0.290011
523.424437,0.291286
523.736873,0.292639
524.049308,0.294073
524.361743,0.295593
524.674178,0.297199
524.986614,0.298893
525.299049,0.300675
525.611484,0.302542
525.923919,0.304492
526.236355,0.306518
526.548790,0.308612
526.861225,0.310760
527.173660,0.312948
527.486096,0.315154
527.798531,0.317353
528.110966,0.319517
528.423401,0.321613
528.735837,0.323603
529.048272,0.325448
529.360707,0.327110
529.673142,0.328550
529.985578,0.329735
530.298013,0.330635
530.610448,0.331229
530.922883,0.331508
531.235319,0.331470
531.547754,0.331124
531.860189,0.330492
532.172624,0.329600
532.485059,0.328483
532.797495,0.327178
533.109930,0.325727
533.422365,0.324167
533.734800,0.322538
534.047236,0.320874
534.359671,0.319205
534.672106,0.317559
534.984541,0.315956
535.296977,0.314414
535.609412,0.312948
535.921847,0.311567
536.234282,0.310279
536.546718,0.309089
536.859153,0.308000
537.171588,0.307013
537.484023,0.306128
537.796459,0.305344
538.108894,0.304660
538.421329,0.304074
538.733764,0.303584
539.046200,0.303187
539.358635,0.302882
539.671070,0.302665
539.983505,0.302536
540.295941,0.302492
540.608376,0.302531
540.920811,0.302652
541.233246,0.302854
541.545682,0.303136
541.858117,0.303498
542.170552,0.303939
542.482987,0.304460
542.795423,0.305060
543.107858,0.305740
543.420293,0.306503
543.732728,0.307347
544.045164,0.308277
544.357599,0.309293
544.670034,0.310397
544.982469,0.311594
545.294905,0.312885
545.607340,0.314274
545.919775,0.315765
546.232210,0.317362
546.544646,0.319071
546.857081,0.320895
547.169516,0.322841
547.481951,0.324915
547.794387,0.327123
548.106822,0.329471
548.419257,0.331969
548.731692,0.334623
549.044128,0.337441
549.356563,0.340434
549.668998,0.343610
549.981433,0.346979
550.293869,0.350551
550.606304,0.354337
550.918739,0.358348
551.231174,0.362594
551.543610,0.367087
551.856045,0.371837
552.168480,0.376853
552.480915,0.382146
552.793351,0.387722
553.105786,0.393588
553.418221,0.399748
553.730656,0.406202
554.043092,0.412946
554.355527,0.419974
554.667962,0.427270
554.980397,0.434813
555.292833,0.442575
555.605268,0.450516
555.917703,0.458588
556.230138,0.466730
556.542574,0.474869
556.855009,0.482921
557.167444,0.490789
557.479879,0.498365
557.792315,0.505533
558.104750,0.512170
558.417185,0.518154
558.729620,0.523363
559.042056,0.527684
559.354491,0.531019
559.666926,0.533289
559.979361,0.534438
560.291797,0.534436
560.604232,0.533285
560.916667,0.531013
561.229102,0.527677
561.541538,0.523356
561.853973,0.518149
562.166408,0.512169
562.478843,0.505537
562.791279,0.498376
563.103714,0.490809
563.416149,0.482951
563.728584,0.474910
564.041019,0.466781
564.353455,0.458651
564.665890,0.450591
564.978325,0.442661
565.290760,0.434910
565.603196,0.427376
565.915631,0.420089
566.228066,0.413069
566.540501,0.406329
566.852937,0.399879
567.165372,0.393720
567.477807,0.387853
567.790242,0.382273
568.102678,0.376973
568.415113,0.371947
568.727548,0.367184
569.039983,0.362675
569.352419,0.358407
569.664854,0.354372
569.977289,0.350556
570.289724,0.346950
570.602160,0.343542
570.914595,0.340322
571.227030,0.337280
571.539465,0.334405
571.851901,0.331688
572.164336,0.329122
572.476771,0.326696
572.789206,0.324403
573.101642,0.322236
573.414077,0.320187
573.726512,0.318250
574.038947,0.316418
574.351383,0.314686
574.663818,0.313049
574.976253,0.311500
575.288688,0.310035
575.601124,0.308650
575.913559,0.307340
576.225994,0.306102
576.538429,0.304932
576.850865,0.303826
577.163300,0.302780
577.475735,0.301794
577.788170,0.300862
578.100606,0.299983
578.413041,0.299154
578.725476,0.298373
579.037911,0.297638
579.350347,0.296947
579.662782,0.296297
579.975217,0.295688
580.287652,0.295118
580.600088,0.294584
580.912523,0.294086
581.224958,0.293623
581.537393,0.293192
581.849829,0.292794
582.162264,0.292427
582.474699,0.292089
582.787134,0.291781
583.099570,0.291501
583.412005,0.291249
583.724440,0.291023
584.036875,0.290824
584.349311,0.290650
584.661746,0.290501
584.974181,0.290376
585.286616,0.290276
585.599052,0.290200
585.911487,0.290146
586.223922,0.290116
586.536357,0.290109
586.848793,0.290124
587.161228,0.290162
587.473663,0.290221
587.786098,0.290303
588.098534,0.290407
588.410969,0.290533
588.723404,0.290681
589.035839,0.290850
589.348275,0.291042
589.660710,0.291256
589.973145,0.291492
590.285580,0.291751
590.598016,0.292032
590.910451,0.292336
591.222886,0.292663
591.535321,0.293013
591.847757,0.293386
592.160192,0.293784
592.472627,0.294206
592.785062,0.294652
593.097498,0.295123
593.409933,0.295620
593.722368,0.296143
594.034803,0.296692
594.347239,0.297268
594.659674,0.297872
594.972109,0.298503
595.284544,0.299164
595.596979,0.299853
595.909415,0.300573
596.221850,0.301323
596.534285,0.302104
596.846720,0.302917
597.159156,0.303763
597.471591,0.304642
597.784026,0.305555
598.096461,0.306504
598.408897,0.307487
598.721332,0.308508
599.033767,0.309565
599.346202,0.310660
599.658638,0.311794
599.971073,0.312967
600.283508,0.314179
600.595943,0.315433
600.908379,0.316727
601.220814,0.318063
601.533249,0.319441
601.845684,0.320861
602.158120,0.322324
602.470555,0.323829
602.782990,0.325378
603.095425,0.326968
603.407861,0.328601
603.720296,0.330276
604.032731,0.331991
604.345166,0.333746
604.657602,0.335540
604.970037,0.337370
605.282472,0.339236
605.594907,0.341134
605.907343,0.343063
606.219778,0.345019
606.532213,0.346998
606.844648,0.348998
607.157084,0.351013
607.469519,0.353038
607.781954,0.355068
608.094389,0.357098
608.406825,0.359121
608.719260,0.361129
609.031695,0.363117
609.344130,0.365075
609.656566,0.366995
609.969001,0.368870
610.281436,0.370689
610.593871,0.372444
610.906307,0.374126
611.218742,0.375725
611.531177,0.377232
611.843612,0.378637
612.156048,0.379932
612.468483,0.381108
612.780918,0.382158
613.093353,0.383075
613.405789,0.383851
613.718224,0.384481
614.030659,0.384961
614.343094,0.385288
614.655530,0.385458
614.967965,0.385472
615.280400,0.385328
615.592835,0.385029
615.905271,0.384577
616.217706,0.383975
616.530141,0.383228
616.842576,0.382342
617.155012,0.381324
617.467447,0.380180
617.779882,0.378919
618.092317,0.377549
618.404753,0.376080
618.717188,0.374520
619.029623,0.372878
619.342058,0.371165
619.654494,0.369389
619.966929,0.367561
620.279364,0.365687
620.591799,0.363778
620.904235,0.361841
621.216670,0.359885
621.529105,0.357916
621.841540,0.355942
622.153976,0.353969
622.466411,0.352002
622.778846,0.350047
623.091281,0.348109
623.403717,0.346193
623.716152,0.344301
624.028587,0.342438
624.341022,0.340607
624.653458,0.338810
624.965893,0.337049
625.278328,0.335327
625.590763,0.333645
625.903199,0.332004
626.215634,0.330405
626.528069,0.328849
626.840504,0.327337
627.152939,0.325869
627.465375,0.324445
627.777810,0.323066
628.090245,0.321730
628.402680,0.320439
628.715116,0.319191
629.027551,0.317987
629.339986,0.316826
629.652421,0.315708
629.964857,0.314631
630.277292,0.313596
630.589727,0.312601
630.902162,0.311647
631.214598,0.310732
631.527033,0.309856
631.839468,0.309018
632.151903,0.308218
632.464339,0.307454
632.776774,0.306728
633.089209,0.306036
633.401644,0.305380
633.714080,0.304759
634.026515,0.304172
634.338950,0.303618
634.651385,0.303097
634.963821,0.302609
635.276256,0.302153
635.588691,0.301729
635.901126,0.301337
636.213562,0.300975
636.525997,0.300645
636.838432,0.300345
637.150867,0.300075
637.463303,0.299836
637.775738,0.299627
638.088173,0.299448
638.400608,0.299299
638.713044,0.299180
639.025479,0.299091
639.337914,0.299032
639.650349,0.299003
639.962785,0.299005
640.275220,0.299037
640.587655,0.299101
640.900090,0.299196
641.212526,0.299322
641.524961,0.299481
641.837396,0.299672
642.149831,0.299897
642.462267,0.300155
642.774702,0.300448
643.087137,0.300776
643.399572,0.301141
643.712008,0.301543
644.024443,0.301982
644.336878,0.302461
644.649313,0.302980
644.961749,0.303541
645.274184,0.304145
645.586619,0.304793
645.899054,0.305487
646.211490,0.306229
646.523925,0.307020
646.836360,0.307863
647.148795,0.308759
647.461231,0.309711
647.773666,0.310721
648.086101,0.311791
648.398536,0.312925
648.710972,0.314125
649.023407,0.315394
649.335842,0.316736
649.648277,0.318153
649.960713,0.319651
650.273148,0.321232
650.585583,0.322901
650.898018,0.324662
651.210454,0.326520
651.522889,0.328481
651.835324,0.330549
652.147759,0.332731
652.460195,0.335031
652.772630,0.337458
653.085065,0.340016
653.397500,0.342714
653.709936,0.345559
654.022371,0.348558
654.334806,0.351720
654.647241,0.355054
654.959677,0.358567
655.272112,0.362270
655.584547,0.366171
655.896982,0.370280
656.209418,0.374606
656.521853,0.379159
656.834288,0.383949
657.146723,0.388985
657.459159,0.394274
657.771594,0.399825
658.084029,0.405644
658.396464,0.411736
658.708899,0.418105
659.021335,0.424751
659.333770,0.431673
659.646205,0.438863
659.958640,0.446313
660.271076,0.454006
660.583511,0.461922
660.895946,0.470031
661.208381,0.478300
661.520817,0.486682
661.833252,0.495125
662.145687,0.503567
662.458122,0.511934
662.770558,0.520146
663.082993,0.528110
663.395428,0.535731
663.707863,0.542904
664.020299,0.549522
664.332734,0.555480
664.645169,0.560675
664.957604,0.565011
665.270040,0.568405
665.582475,0.570788
665.894910,0.572110
666.207345,0.572342
666.519781,0.571477
666.832216,0.569532
667.144651,0.566544
667.457086,0.562571
667.769522,0.557689
668.081957,0.551987
668.394392,0.545562
668.706827,0.538521
669.019263,0.530969
669.331698,0.523013
669.644133,0.514752
669.956568,0.506284
670.269004,0.497693
670.581439,0.489059
670.893874,0.480449
671.206309,0.471922
671.518745,0.463528
671.831180,0.455308
672.143615,0.447292
672.456050,0.439508
672.768486,0.431973
673.080921,0.424700
673.393356,0.417698
673.705791,0.410971
674.018227,0.404520
674.330662,0.398342
674.643097,0.392435
674.955532,0.386791
675.267968,0.381403
675.580403,0.376264
675.892838,0.371365
676.205273,0.366696
676.517709,0.362248
676.830144,0.358011
677.142579,0.353975
677.455014,0.350132
677.767450,0.346471
678.079885,0.342984
678.392320,0.339662
678.704755,0.336496
679.017191,0.333478
679.329626,0.330600
679.642061,0.327856
679.954496,0.325238
680.266932,0.322739
680.579367,0.320354
680.891802,0.318075
681.204237,0.315898
681.516673,0.313816
681.829108,0.311826
682.141543,0.309922
682.453978,0.308099
682.766414,0.306354
683.078849,0.304682
683.391284,0.303079
683.703719,0.301543
684.016155,0.300069
684.328590,0.298654
684.641025,0.297296
684.953460,0.295992
685.265896,0.294738
685.578331,0.293533
685.890766,0.292375
686.203201,0.291260
686.515637,0.290186
686.828072,0.289153
687.140507,0.288157
687.452942,0.287198
687.765378,0.286273
688.077813,0.285381
688.390248,0.284520
688.702683,0.283689
689.015119,0.282887
689.327554,0.282112
689.639989,0.281363
689.952424,0.280639
690.264859,0.279939
690.577295,0.279262
690.889730,0.278607
691.202165,0.277973
691.514600,0.277359
691.827036,0.276764
692.139471,0.276187
692.451906,0.275629
692.764341,0.275087
693.076777,0.274562
693.389212,0.274052
693.701647,0.273557
694.014082,0.273077
694.326518,0.272611
694.638953,0.272158
694.951388,0.271718
695.263823,0.271291
695.576259,0.270875
695.888694,0.270471
696.201129,0.270078
696.513564,0.269695
696.826000,0.269323
697.138435,0.268961
697.450870,0.268608
697.763305,0.268265
698.075741,0.267930
698.388176,0.267604
698.700611,0.267286
699.013046,0.266977
699.325482,0.266675
699.637917,0.266380
699.950352,0.266093
700.262787,0.265813
700.575223,0.265539
700.887658,0.265272
701.200093,0.265012
701.512528,0.264757
701.824964,0.264509
702.137399,0.264266
702.449834,0.264029
702.762269,0.263797
703.074705,0.263571
703.387140,0.263349
703.699575,0.263133
704.012010,0.262921
704.324446,0.262714
704.636881,0.262511
704.949316,0.262313
705.261751,0.262119
705.574187,0.261929
705.886622,0.261743
706.199057,0.261561
706.511492,0.261382
706.823928,0.261208
707.136363,0.261037
707.448798,0.260869
707.761233,0.260705
708.073669,0.260544
708.386104,0.260386
708.698539,0.260231
709.010974,0.260080
709.323410,0.259931
709.635845,0.259785
709.948280,0.259642
710.260715,0.259501
710.573151,0.259364
710.885586,0.259229
711.198021,0.259096
711.510456,0.258966
