# rshift,intensity
80.087523,0.251251
80.400733,0.251252
80.713944,0.251252
81.027154,0.251253
81.340365,0.251254
81.653575,0.251255
81.966786,0.251256
82.279996,0.251257
82.593207,0.251257
82.906417,0.251258
83.219628,0.251259
83.532838,0.251260
83.846049,0.251261
84.159259,0.251262
84.472470,0.251262
84.785681,0.251263
85.098891,0.251264
85.412102,0.251265
85.725312,0.251266
86.038523,0.251267
86.351733,0.251268
86.664944,0.251268
86.978154,0.251269
87.291365,0.251270
87.604575,0.251271
87.917786,0.251272
88.230996,0.251273
88.544207,0.251274
88.857417,0.251275
89.170628,0.251276
89.483838,0.251276
89.797049,0.251277
90.110259,0.251278
90.423470,0.251279
90.736680,0.251280
91.049891,0.251281
91.363101,0.251282
91.676312,0.251283
91.989523,0.251284
92.302733,0.251285
92.615944,0.251285
92.929154,0.251286
93.242365,0.251287
93.555575,0.251288
93.868786,0.251289
94.181996,0.251290
94.495207,0.251291
94.808417,0.251292
95.121628,0.251293
95.434838,0.251294
95.748049,0.251295
96.061259,0.251296
96.374470,0.251297
96.687680,0.251297
97.000891,0.251298
97.314101,0.251299
97.627312,0.251300
97.940522,0.251301
98.253733,0.251302
98.566943,0.251303
98.880154,0.251304
99.193364,0.251305
99.506575,0.251306
99.819786,0.251307
100.132996,0.251308
100.446207,0.251309
100.759417,0.251310
101.072628,0.251311
101.385838,0.251312
101.699049,0.251313
102.012259,0.251314
102.325470,0.251315
102.638680,0.251316
102.951891,0.251317
103.265101,0.251318
103.578312,0.251319
103.891522,0.251320
104.204733,0.251321
104.517943,0.251322
104.831154,0.251323
105.144364,0.251324
105.457575,0.251325
105.770785,0.251326
106.083996,0.251327
106.397206,0.251328
106.710417,0.251329
107.023628,0.251330
107.336838,0.251331
107.650049,0.251332
107.963259,0.251333
108.276470,0.251334
108.589680,0.251335
108.902891,0.251336
109.216101,0.251337
109.529312,0.251338
109.842522,0.251339
110.155733,0.251340
110.468943,0.251341
110.782154,0.251342
111.095364,0.251343
111.408575,0.251345
111.721785,0.251346
112.034996,0.251347
112.348206,0.251348
112.661417,0.251349
112.974627,0.251350
113.287838,0.251351
113.601048,0.251352
113.914259,0.251353
114.227470,0.251354
114.540680,0.251355
114.853891,0.251356
115.167101,0.251357
115.480312,0.251359
115.793522,0.251360
116.106733,0.251361
116.419943,0.251362
116.733154,0.251363
117.046364,0.251364
117.359575,0.251365
117.672785,0.251366
117.985996,0.251367
118.299206,0.251369
118.612417,0.251370
118.925627,0.251371
119.238838,0.251372
119.552048,0.251373
119.865259,0.251374
120.178469,0.251375
120.491680,0.251377
120.804890,0.251378
121.118101,0.251379
121.431311,0.251380
121.744522,0.251381
122.057733,0.251382
122.370943,0.251384
122.684154,0.251385
122.997364,0.251386
123.310575,0.251387
123.623785,0.251388
123.936996,0.251389
124.250206,0.251391
124.563417,0.251392
124.876627,0.251393
125.189838,0.251394
125.503048,0.251395
125.816259,0.251397
126.129469,0.251398
126.442680,0.251399
126.755890,0.251400
127.069101,0.251401
127.382311,0.251403
127.695522,0.251404
128.008732,0.251405
128.321943,0.251406
128.635153,0.251408
128.948364,0.251409
129.261575,0.251410
129.574785,0.251411
129.887996,0.251412
130.201206,0.251414
130.514417,0.251415
130.827627,0.251416
131.140838,0.251418
131.454048,0.251419
131.767259,0.251420
132.080469,0.251421
132.393680,0.251423
132.706890,0.251424
133.020101,0.251425
133.333311,0.251426
133.646522,0.251428
133.959732,0.251429
134.272943,0.251430
134.586153,0.251432
134.899364,0.251433
135.212574,0.251434
135.525785,0.251436
135.838995,0.251437
136.152206,0.251438
136.465417,0.251439
136.778627,0.251441
137.091838,0.251442
137.405048,0.251443
137.718259,0.251445
138.031469,0.251446
138.344680,0.251447
138.657890,0.251449
138.971101,0.251450
139.284311,0.251452
139.597522,0.251453
139.910732,0.251454
140.223943,0.251456
140.537153,0.251457
140.850364,0.251458
141.163574,0.251460
141.476785,0.251461
141.789995,0.251463
142.103206,0.251464
142.416416,0.251465
142.729627,0.251467
143.042837,0.251468
143.356048,0.251470
143.669258,0.251471
143.982469,0.251472
144.295680,0.251474
144.608890,0.251475
144.922101,0.251477
145.235311,0.251478
145.548522,0.251480
145.861732,0.251481
146.174943,0.251482
146.488153,0.251484
146.801364,0.251485
147.114574,0.251487
147.427785,0.251488
147.740995,0.251490
148.054206,0.251491
148.367416,0.251493
148.680627,0.251494
148.993837,0.251496
149.307048,0.251497
149.620258,0.251499
149.933469,0.251500
150.246679,0.251502
150.559890,0.251503
150.873100,0.251505
151.186311,0.251506
151.499522,0.251508
151.812732,0.251509
152.125943,0.251511
152.439153,0.251512
152.752364,0.251514
153.065574,0.251515
153.378785,0.251517
153.691995,0.251518
154.005206,0.251520
154.318416,0.251522
154.631627,0.251523
154.944837,0.251525
155.258048,0.251526
155.571258,0.251528
155.884469,0.251529
156.197679,0.251531
156.510890,0.251533
156.824100,0.251534
157.137311,0.251536
157.450521,0.251537
157.763732,0.251539
158.076942,0.251541
158.390153,0.251542
158.703364,0.251544
159.016574,0.251546
159.329785,0.251547
159.642995,0.251549
159.956206,0.251551
160.269416,0.251552
160.582627,0.251554
160.895837,0.251555
161.209048,0.251557
161.522258,0.251559
161.835469,0.251561
162.148679,0.251562
162.461890,0.251564
162.775100,0.251566
163.088311,0.251567
163.401521,0.251569
163.714732,0.251571
164.027942,0.251572
164.341153,0.251574
164.654363,0.251576
164.967574,0.251578
165.280784,0.251579
165.593995,0.251581
165.907205,0.251583
166.220416,0.251585
166.533627,0.251586
166.846837,0.251588
167.160048,0.251590
167.473258,0.251592
167.786469,0.251594
168.099679,0.251595
168.412890,0.251597
168.726100,0.251599
169.039311,0.251601
169.352521,0.251603
169.665732,0.251604
169.978942,0.251606
170.292153,0.251608
170.605363,0.251610
170.918574,0.251612
171.231784,0.251614
171.544995,0.251615
171.858205,0.251617
172.171416,0.251619
172.484626,0.251621
172.797837,0.251623
173.111047,0.251625
173.424258,0.251627
173.737469,0.251629
174.050679,0.251631
174.363890,0.251632
174.677100,0.251634
174.990311,0.251636
175.303521,0.251638
175.616732,0.251640
175.929942,0.251642
176.243153,0.251644
176.556363,0.251646
176.869574,0.251648
177.182784,0.251650
177.495995,0.251652
177.809205,0.251654
178.122416,0.251656
178.435626,0.251658
178.748837,0.251660
179.062047,0.251662
179.375258,0.251664
179.688468,0.251666
180.001679,0.251668
180.314889,0.251670
180.628100,0.251672
180.941310,0.251674
181.254521,0.251676
181.567732,0.251678
181.880942,0.251680
182.194153,0.251682
182.507363,0.251684
182.820574,0.251687
183.133784,0.251689
183.446995,0.251691
183.760205,0.251693
184.073416,0.251695
184.386626,0.251697
184.699837,0.251699
185.013047,0.251701
185.326258,0.251704
185.639468,0.251706
185.952679,0.251708
186.265889,0.251710
186.579100,0.251712
186.892310,0.251714
187.205521,0.251717
187.518731,0.251719
187.831942,0.251721
188.145152,0.251723
188.458363,0.251725
188.771574,0.251728
189.084784,0.251730
189.397995,0.251732
189.711205,0.251734
190.024416,0.251737
190.337626,0.251739
190.650837,0.251741
190.964047,0.251744
191.277258,0.251746
191.590468,0.251748
191.903679,0.251750
192.216889,0.251753
192.530100,0.251755
192.843310,0.251757
193.156521,0.251760
193.469731,0.251762
193.782942,0.251765
194.096152,0.251767
194.409363,0.251769
194.722573,0.251772
195.035784,0.251774
195.348994,0.251776
195.662205,0.251779
195.975416,0.251781
196.288626,0.251784
196.601837,0.251786
196.915047,0.251789
197.228258,0.251791
197.541468,0.251794
197.854679,0.251796
198.167889,0.251799
198.481100,0.251801
198.794310,0.251803
199.107521,0.251806
199.420731,0.251809
199.733942,0.251811
200.047152,0.251814
200.360363,0.251816
200.673573,0.251819
200.986784,0.251821
201.299994,0.251824
201.613205,0.251826
201.926415,0.251829
202.239626,0.251832
202.552836,0.251834
202.866047,0.251837
203.179257,0.251840
203.492468,0.251842
203.805679,0.251845
204.118889,0.251847
204.432100,0.251850
204.745310,0.251853
205.058521,0.251856
205.371731,0.251858
205.684942,0.251861
205.998152,0.251864
206.311363,0.251866
206.624573,0.251869
206.937784,0.251872
207.250994,0.251875
207.564205,0.251877
207.877415,0.251880
208.190626,0.251883
208.503836,0.251886
208.817047,0.251889
209.130257,0.251891
209.443468,0.251894
209.756678,0.251897
210.069889,0.251900
210.383099,0.251903
210.696310,0.251906
211.009521,0.251909
211.322731,0.251912
211.635942,0.251915
211.949152,0.251917
212.262363,0.251920
212.575573,0.251923
212.888784,0.251926
213.201994,0.251929
213.515205,0.251932
213.828415,0.251935
214.141626,0.251938
214.454836,0.251941
214.768047,0.251944
215.081257,0.251947
215.394468,0.251950
215.707678,0.251954
216.020889,0.251957
216.334099,0.251960
216.647310,0.251963
216.960520,0.251966
217.273731,0.251969
217.586941,0.251972
217.900152,0.251975
218.213363,0.251979
218.526573,0.251982
218.839784,0.251985
219.152994,0.251988
219.466205,0.251991
219.779415,0.251995
220.092626,0.251998
220.405836,0.252001
220.719047,0.252004
221.032257,0.252008
221.345468,0.252011
221.658678,0.252014
221.971889,0.252018
222.285099,0.252021
222.598310,0.252024
222.911520,0.252028
223.224731,0.252031
223.537941,0.252034
223.851152,0.252038
224.164362,0.252041
224.477573,0.252045
224.790783,0.252048
225.103994,0.252052
225.417204,0.252055
225.730415,0.252058
226.043626,0.252062
226.356836,0.252066
226.670047,0.252069
226.983257,0.252073
227.296468,0.252076
227.609678,0.252080
227.922889,0.252083
228.236099,0.252087
228.549310,0.252091
228.862520,0.252094
229.175731,0.252098
229.488941,0.252102
229.802152,0.252105
230.115362,0.252109
230.428573,0.252113
230.741783,0.252116
231.054994,0.252120
231.368204,0.252124
231.681415,0.252128
231.994625,0.252131
232.307836,0.252135
232.621046,0.252139
232.934257,0.252143
233.247468,0.252147
233.560678,0.252151
233.873889,0.252155
234.187099,0.252158
234.500310,0.252162
234.813520,0.252166
235.126731,0.252170
235.439941,0.252174
235.753152,0.252178
236.066362,0.252182
236.379573,0.252186
236.692783,0.252190
237.005994,0.252194
237.319204,0.252199
237.632415,0.252203
237.945625,0.252207
238.258836,0.252211
238.572046,0.252215
238.885257,0.252219
239.198467,0.252223
239.511678,0.252228
239.824888,0.252232
240.138099,0.252236
240.451310,0.252240
240.764520,0.252245
241.077731,0.252249
241.390941,0.252253
241.704152,0.252258
242.017362,0.252262
242.330573,0.252266
242.643783,0.252271
242.956994,0.252275
243.270204,0.252280
243.583415,0.252284
243.896625,0.252289
244.209836,0.252293
244.523046,0.252298
244.836257,0.252302
245.149467,0.252307
245.462678,0.252311
245.775888,0.252316
246.089099,0.252321
246.402309,0.252325
246.715520,0.252330
247.028730,0.252335
247.341941,0.252339
247.655151,0.252344
247.968362,0.252349
248.281573,0.252354
248.594783,0.252359
248.907994,0.252363
249.221204,0.252368
249.534415,0.252373
249.847625,0.252378
250.160836,0.252383
250.474046,0.252388
250.787257,0.252393
251.100467,0.252398
251.413678,0.252403
251.726888,0.252408
252.040099,0.252413
252.353309,0.252418
252.666520,0.252423
252.979730,0.252428
253.292941,0.252433
253.606151,0.252439
253.919362,0.252444
254.232572,0.252449
254.545783,0.252454
254.858993,0.252460
255.172204,0.252465
255.485415,0.252470
255.798625,0.252476
256.111836,0.252481
256.425046,0.252486
256.738257,0.252492
257.051467,0.252497
257.364678,0.252503
257.677888,0.252508
257.991099,0.252514
258.304309,0.252520
258.617520,0.252525
258.930730,0.252531
259.243941,0.252536
259.557151,0.252542
259.870362,0.252548
260.183572,0.252554
260.496783,0.252559
260.809993,0.252565
261.123204,0.252571
261.436414,0.252577
261.749625,0.252583
262.062835,0.252589
262.376046,0.252595
262.689257,0.252601
263.002467,0.252607
263.315678,0.252613
263.628888,0.252619
263.942099,0.252625
264.255309,0.252631
264.568520,0.252637
264.881730,0.252643
265.194941,0.252650
265.508151,0.252656
265.821362,0.252662
266.134572,0.252669
266.447783,0.252675
266.760993,0.252681
267.074204,0.252688
267.387414,0.252694
267.700625,0.252701
268.013835,0.252707
268.327046,0.252714
268.640256,0.252720
268.953467,0.252727
269.266677,0.252734
269.579888,0.252740
269.893098,0.252747
270.206309,0.252754
270.519520,0.252761
270.832730,0.252768
271.145941,0.252775
271.459151,0.252782
271.772362,0.252788
272.085572,0.252795
272.398783,0.252803
272.711993,0.252810
273.025204,0.252817
273.338414,0.252824
273.651625,0.252831
273.964835,0.252838
274.278046,0.252846
274.591256,0.252853
274.904467,0.252860
275.217677,0.252868
275.530888,0.252875
275.844098,0.252883
276.157309,0.252890
276.470519,0.252898
276.783730,0.252905
277.096940,0.252913
277.410151,0.252921
277.723362,0.252928
278.036572,0.252936
278.349783,0.252944
278.662993,0.252952
278.976204,0.252960
279.289414,0.252968
279.602625,0.252976
279.915835,0.252984
280.229046,0.252992
280.542256,0.253000
280.855467,0.253008
281.168677,0.253016
281.481888,0.253025
281.795098,0.253033
282.108309,0.253041
282.421519,0.253050
282.734730,0.253058
283.047940,0.253067
283.361151,0.253075
283.674361,0.253084
283.987572,0.253093
284.300782,0.253101
284.613993,0.253110
284.927204,0.253119
285.240414,0.253128
285.553625,0.253137
285.866835,0.253146
286.180046,0.253155
286.493256,0.253164
286.806467,0.253173
287.119677,0.253182
287.432888,0.253191
287.746098,0.253201
288.059309,0.253210
288.372519,0.253220
288.685730,0.253229
288.998940,0.253239
289.312151,0.253248
289.625361,0.253258
289.938572,0.253268
290.251782,0.253277
290.564993,0.253287
290.878203,0.253297
291.191414,0.253307
291.504624,0.253317
291.817835,0.253327
292.131045,0.253337
292.444256,0.253348
292.757467,0.253358
293.070677,0.253368
293.383888,0.253379
293.697098,0.253389
294.010309,0.253400
294.323519,0.253410
294.636730,0.253421
294.949940,0.253432
295.263151,0.253442
295.576361,0.253453
295.889572,0.253464
296.202782,0.253475
296.515993,0.253486
296.829203,0.253497
297.142414,0.253509
297.455624,0.253520
297.768835,0.253531
298.082045,0.253543
298.395256,0.253554
298.708466,0.253566
299.021677,0.253578
299.334887,0.253589
299.648098,0.253601
299.961309,0.253613
300.274519,0.253625
300.587730,0.253637
300.900940,0.253649
301.214151,0.253662
301.527361,0.253674
301.840572,0.253686
302.153782,0.253699
302.466993,0.253711
302.780203,0.253724
303.093414,0.253737
303.406624,0.253750
303.719835,0.253763
304.033045,0.253776
304.346256,0.253789
304.659466,0.253802
304.972677,0.253815
305.285887,0.253829
305.599098,0.253842
305.912308,0.253856
306.225519,0.253869
306.538729,0.253883
306.851940,0.253897
307.165150,0.253911
307.478361,0.253925
307.791572,0.253939
308.104782,0.253953
308.417993,0.253967
308.731203,0.253982
309.044414,0.253996
309.357624,0.254011
309.670835,0.254026
309.984045,0.254041
310.297256,0.254056
310.610466,0.254071
310.923677,0.254086
311.236887,0.254101
311.550098,0.254117
311.863308,0.254132
312.176519,0.254148
312.489729,0.254164
312.802940,0.254180
313.116150,0.254196
313.429361,0.254212
313.742571,0.254228
314.055782,0.254244
314.368992,0.254261
314.682203,0.254277
314.995414,0.254294
315.308624,0.254311
315.621835,0.254328
315.935045,0.254345
316.248256,0.254362
316.561466,0.254380
316.874677,0.254397
317.187887,0.254415
317.501098,0.254432
317.814308,0.254450
318.127519,0.254468
318.440729,0.254487
318.753940,0.254505
319.067150,0.254523
319.380361,0.254542
319.693571,0.254561
320.006782,0.254580
320.319992,0.254599
320.633203,0.254618
320.946413,0.254638
321.259624,0.254657
321.572834,0.254677
321.886045,0.254697
322.199256,0.254717
322.512466,0.254737
322.825677,0.254757
323.138887,0.254778
323.452098,0.254798
323.765308,0.254819
324.078519,0.254840
324.391729,0.254861
324.704940,0.254883
325.018150,0.254904
325.331361,0.254926
325.644571,0.254948
325.957782,0.254970
326.270992,0.254992
326.584203,0.255015
326.897413,0.255037
327.210624,0.255060
327.523834,0.255083
327.837045,0.255107
328.150255,0.255130
328.463466,0.255154
328.776676,0.255178
329.089887,0.255202
329.403097,0.255226
329.716308,0.255250
330.029519,0.255275
330.342729,0.255300
330.655940,0.255325
330.969150,0.255350
331.282361,0.255376
331.595571,0.255402
331.908782,0.255428
332.221992,0.255454
332.535203,0.255481
332.848413,0.255507
333.161624,0.255534
333.474834,0.255562
333.788045,0.255589
334.101255,0.255617
334.414466,0.255645
334.727676,0.255673
335.040887,0.255702
335.354097,0.255730
335.667308,0.255760
335.980518,0.255789
336.293729,0.255818
336.606939,0.255848
336.920150,0.255879
337.233361,0.255909
337.546571,0.255940
337.859782,0.255971
338.172992,0.256002
338.486203,0.256034
338.799413,0.256066
339.112624,0.256098
339.425834,0.256130
339.739045,0.256163
340.052255,0.256197
340.365466,0.256230
340.678676,0.256264
340.991887,0.256298
341.305097,0.256333
341.618308,0.256368
341.931518,0.256403
342.244729,0.256438
342.557939,0.256474
342.871150,0.256511
343.184360,0.256547
343.497571,0.256584
343.810781,0.256622
344.123992,0.256660
344.437203,0.256698
344.750413,0.256737
345.063624,0.256776
345.376834,0.256815
345.690045,0.256855
346.003255,0.256895
346.316466,0.256936
346.629676,0.256977
346.942887,0.257019
347.256097,0.257061
347.569308,0.257103
347.882518,0.257146
348.195729,0.257189
348.508939,0.257233
348.822150,0.257278
349.135360,0.257322
349.448571,0.257368
349.761781,0.257413
350.074992,0.257460
350.388202,0.257507
350.701413,0.257554
351.014623,0.257602
351.327834,0.257650
351.641044,0.257699
351.954255,0.257749
352.267466,0.257799
352.580676,0.257850
352.893887,0.257901
353.207097,0.257953
353.520308,0.258006
353.833518,0.258059
354.146729,0.258112
354.459939,0.258167
354.773150,0.258222
355.086360,0.258277
355.399571,0.258334
355.712781,0.258391
356.025992,0.258448
356.339202,0.258507
356.652413,0.258566
356.965623,0.258626
357.278834,0.258686
357.592044,0.258748
357.905255,0.258810
358.218465,0.258873
358.531676,0.258936
358.844886,0.259001
359.158097,0.259066
359.471308,0.259132
359.784518,0.259199
360.097729,0.259267
360.410939,0.259335
360.724150,0.259405
361.037360,0.259475
361.350571,0.259547
361.663781,0.259619
361.976992,0.259692
362.290202,0.259766
362.603413,0.259842
362.916623,0.259918
363.229834,0.259995
363.543044,0.260073
363.856255,0.260153
364.169465,0.260233
364.482676,0.260315
364.795886,0.260397
365.109097,0.260481
365.422307,0.260566
365.735518,0.260652
366.048728,0.260740
366.361939,0.260828
366.675150,0.260918
366.988360,0.261009
367.301571,0.261102
367.614781,0.261196
367.927992,0.261291
368.241202,0.261387
368.554413,0.261485
368.867623,0.261585
369.180834,0.261686
369.494044,0.261788
369.807255,0.261892
370.120465,0.261997
370.433676,0.262104
370.746886,0.262213
371.060097,0.262323
371.373307,0.262436
371.686518,0.262549
371.999728,0.262665
372.312939,0.262782
372.626149,0.262902
372.939360,0.263023
373.252570,0.263146
373.565781,0.263271
373.878991,0.263398
374.192202,0.263527
374.505413,0.263658
374.818623,0.263791
375.131834,0.263927
375.445044,0.264065
375.758255,0.264205
376.071465,0.264347
376.384676,0.264492
376.697886,0.264640
377.011097,0.264790
377.324307,0.264942
377.637518,0.265097
377.950728,0.265255
378.263939,0.265415
378.577149,0.265579
378.890360,0.265745
379.203570,0.265914
379.516781,0.266087
379.829991,0.266262
380.143202,0.266441
380.456412,0.266622
380.769623,0.266808
381.082833,0.266996
381.396044,0.267189
381.709255,0.267384
382.022465,0.267584
382.335676,0.267787
382.648886,0.267994
382.962097,0.268206
383.275307,0.268421
383.588518,0.268641
383.901728,0.268865
384.214939,0.269093
384.528149,0.269326
384.841360,0.269563
385.154570,0.269806
385.467781,0.270053
385.780991,0.270306
386.094202,0.270564
386.407412,0.270827
386.720623,0.271095
387.033833,0.271370
387.347044,0.271650
387.660254,0.271936
387.973465,0.272229
388.286675,0.272527
388.599886,0.272833
388.913097,0.273145
389.226307,0.273464
389.539518,0.273791
389.852728,0.274124
390.165939,0.274466
390.479149,0.274815
390.792360,0.275172
391.105570,0.275538
391.418781,0.275913
391.731991,0.276296
392.045202,0.276689
392.358412,0.277091
392.671623,0.277503
392.984833,0.277925
393.298044,0.278357
393.611254,0.278801
393.924465,0.279255
394.237675,0.279721
394.550886,0.280199
394.864096,0.280690
395.177307,0.281193
395.490517,0.281710
395.803728,0.282241
396.116938,0.282785
396.430149,0.283345
396.743360,0.283920
397.056570,0.284510
397.369781,0.285117
397.682991,0.285742
397.996202,0.286384
398.309412,0.287044
398.622623,0.287724
398.935833,0.288423
399.249044,0.289144
399.562254,0.289885
399.875465,0.290649
400.188675,0.291437
400.501886,0.292248
400.815096,0.293085
401.128307,0.293948
401.441517,0.294839
401.754728,0.295758
402.067938,0.296707
402.381149,0.297687
402.694359,0.298699
403.007570,0.299746
403.320780,0.300828
403.633991,0.301947
403.947202,0.303104
404.260412,0.304303
404.573623,0.305543
404.886833,0.306828
405.200044,0.308160
405.513254,0.309541
405.826465,0.310973
406.139675,0.312458
406.452886,0.314001
406.766096,0.315602
407.079307,0.317266
407.392517,0.318996
407.705728,0.320795
408.018938,0.322667
408.332149,0.324615
408.645359,0.326644
408.958570,0.328759
409.271780,0.330964
409.584991,0.333264
409.898201,0.335665
410.211412,0.338173
410.524622,0.340793
410.837833,0.343533
411.151044,0.346400
411.464254,0.349402
411.777465,0.352546
412.090675,0.355842
412.403886,0.359299
412.717096,0.362929
413.030307,0.366741
413.343517,0.370749
413.656728,0.374965
413.969938,0.379403
414.283149,0.384078
414.596359,0.389008
414.909570,0.394210
415.222780,0.399704
415.535991,0.405510
415.849201,0.411652
416.162412,0.418154
416.475622,0.425043
416.788833,0.432350
417.102043,0.440105
417.415254,0.448344
417.728464,0.457106
418.041675,0.466430
418.354885,0.476362
418.668096,0.486952
418.981307,0.498253
419.294517,0.510322
419.607728,0.523224
419.920938,0.537025
420.234149,0.551800
420.547359,0.567630
420.860570,0.584599
421.173780,0.602801
421.486991,0.622331
421.800201,0.643295
422.113412,0.665799
422.426622,0.689956
422.739833,0.715877
423.053043,0.743675
423.366254,0.773457
423.679464,0.805319
423.992675,0.839341
424.305885,0.875576
424.619096,0.914042
424.932306,0.954706
425.245517,0.997468
425.558727,1.042143
425.871938,1.088441
426.185149,1.135947
426.498359,1.184103
426.811570,1.232191
427.124780,1.279332
427.437991,1.324497
427.751201,1.366528
428.064412,1.404195
428.377622,1.436259
428.690833,1.461559
429.004043,1.479111
429.317254,1.488196
429.630464,1.488430
429.943675,1.479808
430.256885,1.462700
430.570096,1.437815
430.883306,1.406130
431.196517,1.368801
431.509727,1.327066
431.822938,1.282158
432.136148,1.235237
432.449359,1.187339
432.762569,1.139347
433.075780,1.091985
433.388991,1.045816
433.702201,1.001260
434.015412,0.958612
434.328622,0.918060
434.641833,0.879706
434.955043,0.843586
435.268254,0.809685
435.581464,0.777949
435.894675,0.748300
436.207885,0.720642
436.521096,0.694869
436.834306,0.670870
437.147517,0.648532
437.460727,0.627745
437.773938,0.608399
438.087148,0.590394
438.400359,0.573630
438.713569,0.558016
439.026780,0.543468
439.339990,0.529904
439.653201,0.517253
439.966411,0.505445
440.279622,0.494419
440.592832,0.484117
440.906043,0.474487
441.219254,0.465479
441.532464,0.457051
441.845675,0.449161
442.158885,0.441773
442.472096,0.434853
442.785306,0.428371
443.098517,0.422299
443.411727,0.416611
443.724938,0.411284
444.038148,0.406298
444.351359,0.401634
444.664569,0.397275
444.977780,0.393207
445.290990,0.389415
445.604201,0.385889
445.917411,0.382618
446.230622,0.379595
446.543832,0.376811
446.857043,0.374262
447.170253,0.371944
447.483464,0.369854
447.796674,0.367991
448.109885,0.366356
448.423096,0.364950
448.736306,0.363779
449.049517,0.362846
449.362727,0.362160
449.675938,0.361728
449.989148,0.361560
450.302359,0.361667
450.615569,0.362060
450.928780,0.362752
451.241990,0.363751
451.555201,0.365065
451.868411,0.366696
452.181622,0.368639
452.494832,0.370877
452.808043,0.373375
453.121253,0.376080
453.434464,0.378912
453.747674,0.381762
454.060885,0.384491
454.374095,0.386936
454.687306,0.388920
455.000516,0.390268
455.313727,0.390827
455.626937,0.390495
455.940148,0.389228
456.253359,0.387057
456.566569,0.384074
456.879780,0.380423
457.192990,0.376273
457.506201,0.371800
457.819411,0.367168
458.132622,0.362516
458.445832,0.357953
458.759043,0.353561
459.072253,0.349393
459.385464,0.345482
459.698674,0.341845
460.011885,0.338483
460.325095,0.335393
460.638306,0.332564
460.951516,0.329980
461.264727,0.327627
461.577937,0.325489
461.891148,0.323549
462.204358,0.321792
462.517569,0.320204
462.830779,0.318772
463.143990,0.317483
463.457201,0.316328
463.770411,0.315296
464.083622,0.314379
464.396832,0.313570
464.710043,0.312861
465.023253,0.312246
465.336464,0.311722
465.649674,0.311283
465.962885,0.310925
466.276095,0.310647
466.589306,0.310444
466.902516,0.310315
467.215727,0.310258
467.528937,0.310272
467.842148,0.310357
468.155358,0.310511
468.468569,0.310735
468.781779,0.311029
469.094990,0.311393
469.408200,0.311829
469.721411,0.312338
470.034621,0.312921
470.347832,0.313580
470.661043,0.314319
470.974253,0.315138
471.287464,0.316042
471.600674,0.317034
471.913885,0.318117
472.227095,0.319296
472.540306,0.320575
472.853516,0.321959
473.166727,0.323454
473.479937,0.325065
473.793148,0.326799
474.106358,0.328662
474.419569,0.330662
474.732779,0.332807
475.045990,0.335105
475.359200,0.337565
475.672411,0.340196
475.985621,0.343007
476.298832,0.346009
476.612042,0.349212
476.925253,0.352627
477.238463,0.356263
477.551674,0.360131
477.864884,0.364240
478.178095,0.368600
478.491306,0.373217
478.804516,0.378098
479.117727,0.383244
479.430937,0.388657
479.744148,0.394331
480.057358,0.400256
480.370569,0.406417
480.683779,0.412790
480.996990,0.419341
481.310200,0.426028
481.623411,0.432797
481.936621,0.439580
482.249832,0.446300
482.563042,0.452864
482.876253,0.459171
483.189463,0.465110
483.502674,0.470563
483.815884,0.475412
484.129095,0.479543
484.442305,0.482851
484.755516,0.485246
485.068726,0.486660
485.381937,0.487051
485.695148,0.486405
486.008358,0.484737
486.321569,0.482091
486.634779,0.478536
486.947990,0.474164
487.261200,0.469079
487.574411,0.463397
487.887621,0.457235
488.200832,0.450710
488.514042,0.443932
488.827253,0.437004
489.140463,0.430016
489.453674,0.423045
489.766884,0.416157
490.080095,0.409406
490.393305,0.402833
490.706516,0.396472
491.019726,0.390344
491.332937,0.384467
491.646147,0.378848
491.959358,0.373492
492.272568,0.368399
492.585779,0.363565
492.898990,0.358985
493.212200,0.354651
493.525411,0.350554
493.838621,0.346683
494.151832,0.343029
494.465042,0.339581
494.778253,0.336328
495.091463,0.333259
495.404674,0.330365
495.717884,0.327634
496.031095,0.325059
496.344305,0.322629
496.657516,0.320336
496.970726,0.318171
497.283937,0.316127
497.597147,0.314197
497.910358,0.312374
498.223568,0.310650
498.536779,0.309021
498.849989,0.307481
499.163200,0.306024
499.476410,0.304646
499.789621,0.303341
500.102831,0.302106
500.416042,0.300937
500.729253,0.299830
501.042463,0.298782
501.355674,0.297789
501.668884,0.296849
501.982095,0.295958
502.295305,0.295114
502.608516,0.294315
502.921726,0.293558
503.234937,0.292842
503.548147,0.292163
503.861358,0.291522
504.174568,0.290915
504.487779,0.290342
504.800989,0.289800
505.114200,0.289289
505.427410,0.288808
505.740621,0.288354
506.053831,0.287927
506.367042,0.287526
506.680252,0.287151
506.993463,0.286799
507.306673,0.286471
507.619884,0.286165
507.933095,0.285881
508.246305,0.285618
508.559516,0.285376
508.872726,0.285155
509.185937,0.284953
509.499147,0.284770
509.812358,0.284606
510.125568,0.284461
510.438779,0.284333
510.751989,0.284224
511.065200,0.284132
511.378410,0.284058
511.691621,0.284001
512.004831,0.283962
512.318042,0.283939
512.631252,0.283933
512.944463,0.283945
513.257673,0.283973
513.570884,0.284018
513.884094,0.284081
514.197305,0.284160
514.510515,0.284257
514.823726,0.284371
515.136937,0.284503
515.450147,0.284652
515.763358,0.284819
516.076568,0.285005
516.389779,0.285209
516.702989,0.285431
517.016200,0.285673
517.329410,0.285935
517.642621,0.286216
517.955831,0.286517
518.269042,0.286839
518.582252,0.287182
518.895463,0.287546
519.208673,0.287933
519.521884,0.288341
519.835094,0.288773
520.148305,0.289228
520.461515,0.289707
520.774726,0.290210
521.087936,0.290738
521.401147,0.291291
521.714357,0.291870
522.027568,0.292474
522.340778,0.293105
522.653989,0.293762
522.967200,0.294445
523.280410,0.295155
523.593621,0.295892
523.906831,0.296655
524.220042,0.297443
524.533252,0.298257
524.846463,0.299095
525.159673,0.299957
525.472884,0.300841
525.786094,0.301745
526.099305,0.302668
526.412515,0.303608
526.725726,0.304562
527.038936,0.305526
527.352147,0.306499
527.665357,0.307475
527.978568,0.308452
528.291778,0.309424
528.604989,0.310387
528.918199,0.311336
529.231410,0.312265
529.544620,0.313170
529.857831,0.314045
530.171042,0.314884
530.484252,0.315683
530.797463,0.316435
531.110673,0.317137
531.423884,0.317784
531.737094,0.318373
532.050305,0.318900
532.363515,0.319365
532.676726,0.319764
532.989936,0.320100
533.303147,0.320371
533.616357,0.320580
533.929568,0.320729
534.242778,0.320822
534.555989,0.320863
534.869199,0.320856
535.182410,0.320807
535.495620,0.320722
535.808831,0.320608
536.122041,0.320470
536.435252,0.320315
536.748462,0.320150
537.061673,0.319981
537.374884,0.319815
537.688094,0.319658
538.001305,0.319515
538.314515,0.319393
538.627726,0.319296
538.940936,0.319230
539.254147,0.319199
539.567357,0.319208
539.880568,0.319260
540.193778,0.319360
540.506989,0.319510
540.820199,0.319716
541.133410,0.319979
541.446620,0.320302
541.759831,0.320689
542.073041,0.321143
542.386252,0.321666
542.699462,0.322262
543.012673,0.322932
543.325883,0.323680
543.639094,0.324509
543.952304,0.325422
544.265515,0.326421
544.578725,0.327511
544.891936,0.328695
545.205147,0.329976
545.518357,0.331358
545.831568,0.332845
546.144778,0.334441
546.457989,0.336152
546.771199,0.337981
547.084410,0.339933
547.397620,0.342014
547.710831,0.344230
548.024041,0.346585
548.337252,0.349086
548.650462,0.351738
548.963673,0.354549
549.276883,0.357524
549.590094,0.360670
549.903304,0.363992
550.216515,0.367498
550.529725,0.371193
550.842936,0.375083
551.156146,0.379172
551.469357,0.383465
551.782567,0.387965
552.095778,0.392674
552.408989,0.397591
552.722199,0.402715
553.035410,0.408042
553.348620,0.413563
553.661831,0.419268
553.975041,0.425142
554.288252,0.431166
554.601462,0.437315
554.914673,0.443558
555.227883,0.449859
555.541094,0.456175
555.854304,0.462457
556.167515,0.468649
556.480725,0.474688
556.793936,0.480508
557.107146,0.486037
557.420357,0.491200
557.733567,0.495922
558.046778,0.500129
558.359988,0.503749
558.673199,0.506720
558.986409,0.508985
559.299620,0.510502
559.612831,0.511240
559.926041,0.511182
560.239252,0.510329
560.552462,0.508695
560.865673,0.506310
561.178883,0.503218
561.492094,0.499474
561.805304,0.495140
562.118515,0.490286
562.431725,0.484988
562.744936,0.479319
563.058146,0.473355
563.371357,0.467166
563.684567,0.460821
563.997778,0.454381
564.310988,0.447902
564.624199,0.441434
564.937409,0.435019
565.250620,0.428694
565.563830,0.422490
565.877041,0.416430
566.190251,0.410534
566.503462,0.404817
566.816672,0.399289
567.129883,0.393959
567.443094,0.388830
567.756304,0.383904
568.069515,0.379181
568.382725,0.374658
568.695936,0.370332
569.009146,0.366199
569.322357,0.362254
569.635567,0.358489
569.948778,0.354900
570.261988,0.351480
570.575199,0.348221
570.888409,0.345117
571.201620,0.342161
571.514830,0.339347
571.828041,0.336668
572.141251,0.334118
572.454462,0.331690
572.767672,0.329379
573.080883,0.327178
573.394093,0.325083
573.707304,0.323088
574.020514,0.321188
574.333725,0.319378
574.646936,0.317655
574.960146,0.316013
575.273357,0.314448
575.586567,0.312958
575.899778,0.311538
576.212988,0.310185
576.526199,0.308895
576.839409,0.307666
577.152620,0.306494
577.465830,0.305378
577.779041,0.304314
578.092251,0.303301
578.405462,0.302335
578.718672,0.301415
579.031883,0.300539
579.345093,0.299705
579.658304,0.298910
579.971514,0.298155
580.284725,0.297436
580.597935,0.296752
580.911146,0.296103
581.224356,0.295487
581.537567,0.294902
581.850777,0.294347
582.163988,0.293822
582.477199,0.293325
582.790409,0.292856
583.103620,0.292413
583.416830,0.291997
583.730041,0.291605
584.043251,0.291237
584.356462,0.290893
584.669672,0.290572
584.982883,0.290274
585.296093,0.289997
585.609304,0.289742
585.922514,0.289508
586.235725,0.289295
586.548935,0.289102
586.862146,0.288929
587.175356,0.288776
587.488567,0.288642
587.801777,0.288528
588.114988,0.288433
588.428198,0.288357
588.741409,0.288299
589.054619,0.288261
589.367830,0.288241
589.681041,0.288240
589.994251,0.288258
590.307462,0.288294
590.620672,0.288350
590.933883,0.288425
591.247093,0.288518
591.560304,0.288632
591.873514,0.288765
592.186725,0.288918
592.499935,0.289091
592.813146,0.289285
593.126356,0.289499
593.439567,0.289735
593.752777,0.289993
594.065988,0.290274
594.379198,0.290577
594.692409,0.290904
595.005619,0.291255
595.318830,0.291631
595.632040,0.292032
595.945251,0.292460
596.258461,0.292915
596.571672,0.293399
596.884883,0.293912
597.198093,0.294455
597.511304,0.295029
597.824514,0.295637
598.137725,0.296278
598.450935,0.296954
598.764146,0.297668
599.077356,0.298420
599.390567,0.299211
599.703777,0.300045
600.016988,0.300922
600.330198,0.301845
600.643409,0.302816
600.956619,0.303836
601.269830,0.304909
601.583040,0.306036
601.896251,0.307221
602.209461,0.308466
602.522672,0.309775
602.835882,0.311149
603.149093,0.312592
603.462303,0.314108
603.775514,0.315701
604.088724,0.317372
604.401935,0.319128
604.715146,0.320971
605.028356,0.322905
605.341567,0.324935
605.654777,0.327064
605.967988,0.329297
606.281198,0.331639
606.594409,0.334092
606.907619,0.336662
607.220830,0.339352
607.534040,0.342166
607.847251,0.345106
608.160461,0.348176
608.473672,0.351377
608.786882,0.354711
609.100093,0.358177
609.413303,0.361774
609.726514,0.365500
610.039724,0.369349
610.352935,0.373316
610.666145,0.377391
610.979356,0.381562
611.292566,0.385815
611.605777,0.390131
611.918988,0.394488
612.232198,0.398861
612.545409,0.403220
612.858619,0.407532
613.171830,0.411759
613.485040,0.415861
613.798251,0.419794
614.111461,0.423512
614.424672,0.426970
614.737882,0.430119
615.051093,0.432916
615.364303,0.435317
615.677514,0.437285
615.990724,0.438788
616.303935,0.439800
616.617145,0.440306
616.930356,0.440296
617.243566,0.439774
617.556777,0.438748
617.869987,0.437240
618.183198,0.435276
618.496408,0.432891
618.809619,0.430123
619.122830,0.427018
619.436040,0.423619
619.749251,0.419975
620.062461,0.416132
620.375672,0.412135
620.688882,0.408027
621.002093,0.403847
621.315303,0.399632
621.628514,0.395414
621.941724,0.391222
622.254935,0.387079
622.568145,0.383008
622.881356,0.379024
623.194566,0.375143
623.507777,0.371374
623.820987,0.367728
624.134198,0.364208
624.447408,0.360821
624.760619,0.357567
625.073829,0.354448
625.387040,0.351464
625.700250,0.348613
626.013461,0.345894
626.326671,0.343303
626.639882,0.340837
626.953093,0.338494
627.266303,0.336268
627.579514,0.334157
627.892724,0.332157
628.205935,0.330262
628.519145,0.328470
628.832356,0.326776
629.145566,0.325176
629.458777,0.323666
629.771987,0.322243
630.085198,0.320904
630.398408,0.319644
630.711619,0.318461
631.024829,0.317351
631.338040,0.316312
631.651250,0.315340
631.964461,0.314434
632.277671,0.313590
632.590882,0.312807
632.904092,0.312081
633.217303,0.311412
633.530513,0.310798
633.843724,0.310235
634.156935,0.309723
634.470145,0.309261
634.783356,0.308847
635.096566,0.308479
635.409777,0.308156
635.722987,0.307878
636.036198,0.307643
636.349408,0.307451
636.662619,0.307301
636.975829,0.307191
637.289040,0.307123
637.602250,0.307094
637.915461,0.307104
638.228671,0.307154
638.541882,0.307243
638.855092,0.307371
639.168303,0.307537
639.481513,0.307742
639.794724,0.307986
640.107934,0.308269
640.421145,0.308591
640.734355,0.308953
641.047566,0.309354
641.360777,0.309796
641.673987,0.310278
641.987198,0.310802
642.300408,0.311369
642.613619,0.311978
642.926829,0.312631
643.240040,0.313329
643.553250,0.314073
643.866461,0.314863
644.179671,0.315702
644.492882,0.316591
644.806092,0.317530
645.119303,0.318522
645.432513,0.319569
645.745724,0.320671
646.058934,0.321830
646.372145,0.323050
646.685355,0.324331
646.998566,0.325677
647.311776,0.327089
647.624987,0.328570
647.938197,0.330122
648.251408,0.331749
648.564618,0.333452
648.877829,0.335237
649.191040,0.337104
649.504250,0.339059
649.817461,0.341104
650.130671,0.343243
650.443882,0.345480
650.757092,0.347819
651.070303,0.350264
651.383513,0.352820
651.696724,0.355491
652.009934,0.358281
652.323145,0.361195
652.636355,0.364238
652.949566,0.367414
653.262776,0.370730
653.575987,0.374189
653.889197,0.377796
654.202408,0.381557
654.515618,0.385476
654.828829,0.389557
655.142039,0.393804
655.455250,0.398222
655.768460,0.402813
656.081671,0.407580
656.394882,0.412525
656.708092,0.417648
657.021303,0.422949
657.334513,0.428427
657.647724,0.434078
657.960934,0.439896
658.274145,0.445876
658.587355,0.452006
658.900566,0.458274
659.213776,0.464666
659.526987,0.471162
659.840197,0.477741
660.153408,0.484376
660.466618,0.491037
660.779829,0.497691
661.093039,0.504301
661.406250,0.510823
661.719460,0.517212
662.032671,0.523419
662.345881,0.529392
662.659092,0.535077
662.972302,0.540420
663.285513,0.545363
663.598724,0.549853
663.911934,0.553837
664.225145,0.557266
664.538355,0.560098
664.851566,0.562294
665.164776,0.563824
665.477987,0.564667
665.791197,0.564811
666.104408,0.564252
666.417618,0.562997
666.730829,0.561062
667.044039,0.558473
667.357250,0.555262
667.670460,0.551469
667.983671,0.547140
668.296881,0.542326
668.610092,0.537079
668.923302,0.531455
669.236513,0.525509
669.549723,0.519296
669.862934,0.512870
670.176144,0.506281
670.489355,0.499577
670.802565,0.492802
671.115776,0.485997
671.428987,0.479197
671.742197,0.472435
672.055408,0.465740
672.368618,0.459134
672.681829,0.452640
672.995039,0.446275
673.308250,0.440051
673.621460,0.433982
673.934671,0.428074
674.247881,0.422335
674.561092,0.416769
674.874302,0.411379
675.187513,0.406165
675.500723,0.401127
675.813934,0.396265
676.127144,0.391576
676.440355,0.387056
676.753565,0.382704
677.066776,0.378513
677.379986,0.374481
677.693197,0.370603
678.006407,0.366873
678.319618,0.363287
678.632829,0.359840
678.946039,0.356527
679.259250,0.353342
679.572460,0.350281
679.885671,0.347339
680.198881,0.344511
680.512092,0.341793
680.825302,0.339180
681.138513,0.336667
681.451723,0.334250
681.764934,0.331926
682.078144,0.329690
682.391355,0.327538
682.704565,0.325468
683.017776,0.323474
683.330986,0.321555
683.644197,0.319706
683.957407,0.317925
684.270618,0.316209
684.583828,0.314555
684.897039,0.312960
685.210249,0.311421
685.523460,0.309937
685.836671,0.308505
686.149881,0.307123
686.463092,0.305789
686.776302,0.304500
687.089513,0.303254
687.402723,0.302051
687.715934,0.300888
688.029144,0.299763
688.342355,0.298675
688.655565,0.297623
688.968776,0.296605
689.281986,0.295619
689.595197,0.294664
689.908407,0.293740
690.221618,0.292844
690.534828,0.291976
690.848039,0.291134
691.161249,0.290318
691.474460,0.289527
691.787670,0.288760
692.100881,0.288015
692.414091,0.287292
692.727302,0.286590
693.040512,0.285908
693.353723,0.285246
693.666934,0.284603
693.980144,0.283977
694.293355,0.283370
694.606565,0.282779
694.919776,0.282204
695.232986,0.281645
695.546197,0.281101
695.859407,0.280572
696.172618,0.280056
696.485828,0.279555
696.799039,0.279066
697.112249,0.278590
697.425460,0.278126
697.738670,0.277675
698.051881,0.277234
698.365091,0.276805
698.678302,0.276386
698.991512,0.275978
699.304723,0.275580
699.617933,0.275191
699.931144,0.274812
700.244354,0.274442
700.557565,0.274080
700.870776,0.273727
701.183986,0.273383
701.497197,0.273046
701.810407,0.272717
702.123618,0.272396
702.436828,0.272082
702.750039,0.271775
703.063249,0.271475
703.376460,0.271182
703.689670,0.270895
704.002881,0.270614
704.316091,0.270340
704.629302,0.270071
704.942512,0.269809
705.255723,0.269551
705.568933,0.269299
705.882144,0.269053
706.195354,0.268812
706.508565,0.268575
706.821775,0.268344
707.134986,0.268117
707.448196,0.267894
707.761407,0.267677
708.074617,0.267463
708.387828,0.267254
708.701039,0.267049
709.014249,0.266848
709.327460,0.266651
709.640670,0.266457
709.953881,0.266268
710.267091,0.266082
710.580302,0.265899
710.893512,0.265720
711.206723,0.265544
