# rshift,intensity
79.631922,0.164279
79.944203,0.164280
80.256484,0.164281
80.568764,0.164281
80.881045,0.164282
81.193326,0.164283
81.505606,0.164283
81.817887,0.164284
82.130167,0.164285
82.442448,0.164285
82.754729,0.164286
83.067009,0.164287
83.379290,0.164287
83.691571,0.164288
84.003851,0.164289
84.316132,0.164289
84.628413,0.164290
84.940693,0.164291
85.252974,0.164291
85.565255,0.164292
85.877535,0.164293
86.189816,0.164293
86.502097,0.164294
86.814377,0.164295
87.126658,0.164296
87.438939,0.164296
87.751219,0.164297
88.063500,0.164298
88.375781,0.164298
88.688061,0.164299
89.000342,0.164300
89.312623,0.164300
89.624903,0.164301
89.937184,0.164302
90.249464,0.164303
90.561745,0.164303
90.874026,0.164304
91.186306,0.164305
91.498587,0.164305
91.810868,0.164306
92.123148,0.164307
92.435429,0.164308
92.747710,0.164308
93.059990,0.164309
93.372271,0.164310
93.684552,0.164310
93.996832,0.164311
94.309113,0.164312
94.621394,0.164313
94.933674,0.164313
95.245955,0.164314
95.558236,0.164315
95.870516,0.164316
96.182797,0.164316
96.495078,0.164317
96.807358,0.164318
97.119639,0.164319
97.431920,0.164319
97.744200,0.164320
98.056481,0.164321
98.368761,0.164322
98.681042,0.164322
98.993323,0.164323
99.305603,0.164324
99.617884,0.164325
99.930165,0.164325
100.242445,0.164326
100.554726,0.164327
100.867007,0.164328
101.179287,0.164329
101.491568,0.164329
101.803849,0.164330
102.116129,0.164331
102.428410,0.164332
102.740691,0.164332
103.052971,0.164333
103.365252,0.164334
103.677533,0.164335
103.989813,0.164336
104.302094,0.164336
104.614375,0.164337
104.926655,0.164338
105.238936,0.164339
105.551216,0.164340
105.863497,0.164340
106.175778,0.164341
106.488058,0.164342
106.800339,0.164343
107.112620,0.164344
107.424900,0.164344
107.737181,0.164345
108.049462,0.164346
108.361742,0.164347
108.674023,0.164348
108.986304,0.164349
109.298584,0.164349
109.610865,0.164350
109.923146,0.164351
110.235426,0.164352
110.547707,0.164353
110.859988,0.164354
111.172268,0.164354
111.484549,0.164355
111.796830,0.164356
112.109110,0.164357
112.421391,0.164358
112.733672,0.164359
113.045952,0.164360
113.358233,0.164360
113.670513,0.164361
113.982794,0.164362
114.295075,0.164363
114.607355,0.164364
114.919636,0.164365
115.231917,0.164366
115.544197,0.164367
115.856478,0.164367
116.168759,0.164368
116.481039,0.164369
116.793320,0.164370
117.105601,0.164371
117.417881,0.164372
117.730162,0.164373
118.042443,0.164374
118.354723,0.164375
118.667004,0.164375
118.979285,0.164376
119.291565,0.164377
119.603846,0.164378
119.916127,0.164379
120.228407,0.164380
120.540688,0.164381
120.852968,0.164382
121.165249,0.164383
121.477530,0.164384
121.789810,0.164385
122.102091,0.164386
122.414372,0.164386
122.726652,0.164387
123.038933,0.164388
123.351214,0.164389
123.663494,0.164390
123.975775,0.164391
124.288056,0.164392
124.600336,0.164393
124.912617,0.164394
125.224898,0.164395
125.537178,0.164396
125.849459,0.164397
126.161740,0.164398
126.474020,0.164399
126.786301,0.164400
127.098582,0.164401
127.410862,0.164402
127.723143,0.164403
128.035424,0.164404
128.347704,0.164405
128.659985,0.164406
128.972265,0.164407
129.284546,0.164408
129.596827,0.164409
129.909107,0.164410
130.221388,0.164411
130.533669,0.164412
130.845949,0.164413
131.158230,0.164414
131.470511,0.164415
131.782791,0.164416
132.095072,0.164417
132.407353,0.164418
132.719633,0.164419
133.031914,0.164420
133.344195,0.164421
133.656475,0.164422
133.968756,0.164423
134.281037,0.164424
134.593317,0.164425
134.905598,0.164426
135.217879,0.164427
135.530159,0.164428
135.842440,0.164429
136.154720,0.164430
136.467001,0.164431
136.779282,0.164432
137.091562,0.164433
137.403843,0.164435
137.716124,0.164436
138.028404,0.164437
138.340685,0.164438
138.652966,0.164439
138.965246,0.164440
139.277527,0.164441
139.589808,0.164442
139.902088,0.164443
140.214369,0.164444
140.526650,0.164445
140.838930,0.164447
141.151211,0.164448
141.463492,0.164449
141.775772,0.164450
142.088053,0.164451
142.400334,0.164452
142.712614,0.164453
143.024895,0.164454
143.337176,0.164456
143.649456,0.164457
143.961737,0.164458
144.274017,0.164459
144.586298,0.164460
144.898579,0.164461
145.210859,0.164462
145.523140,0.164464
145.835421,0.164465
146.147701,0.164466
146.459982,0.164467
146.772263,0.164468
147.084543,0.164469
147.396824,0.164471
147.709105,0.164472
148.021385,0.164473
148.333666,0.164474
148.645947,0.164475
148.958227,0.164477
149.270508,0.164478
149.582789,0.164479
149.895069,0.164480
150.207350,0.164481
150.519631,0.164483
150.831911,0.164484
151.144192,0.164485
151.456472,0.164486
151.768753,0.164487
152.081034,0.164489
152.393314,0.164490
152.705595,0.164491
153.017876,0.164492
153.330156,0.164494
153.642437,0.164495
153.954718,0.164496
154.266998,0.164498
154.579279,0.164499
154.891560,0.164500
155.203840,0.164501
155.516121,0.164503
155.828402,0.164504
156.140682,0.164505
156.452963,0.164506
156.765244,0.164508
157.077524,0.164509
157.389805,0.164510
157.702086,0.164512
158.014366,0.164513
158.326647,0.164514
158.638928,0.164516
158.951208,0.164517
159.263489,0.164518
159.575769,0.164520
159.888050,0.164521
160.200331,0.164522
160.512611,0.164524
160.824892,0.164525
161.137173,0.164526
161.449453,0.164528
161.761734,0.164529
162.074015,0.164530
162.386295,0.164532
162.698576,0.164533
163.010857,0.164535
163.323137,0.164536
163.635418,0.164537
163.947699,0.164539
164.259979,0.164540
164.572260,0.164542
164.884541,0.164543
165.196821,0.164544
165.509102,0.164546
165.821383,0.164547
166.133663,0.164549
166.445944,0.164550
166.758224,0.164552
167.070505,0.164553
167.382786,0.164554
167.695066,0.164556
168.007347,0.164557
168.319628,0.164559
168.631908,0.164560
168.944189,0.164562
169.256470,0.164563
169.568750,0.164565
169.881031,0.164566
170.193312,0.164568
170.505592,0.164569
170.817873,0.164571
171.130154,0.164572
171.442434,0.164574
171.754715,0.164575
172.066996,0.164577
172.379276,0.164578
172.691557,0.164580
173.003838,0.164581
173.316118,0.164583
173.628399,0.164584
173.940680,0.164586
174.252960,0.164588
174.565241,0.164589
174.877521,0.164591
175.189802,0.164592
175.502083,0.164594
175.814363,0.164595
176.126644,0.164597
176.438925,0.164599
176.751205,0.164600
177.063486,0.164602
177.375767,0.164603
177.688047,0.164605
178.000328,0.164607
178.312609,0.164608
178.624889,0.164610
178.937170,0.164612
179.249451,0.164613
179.561731,0.164615
179.874012,0.164617
180.186293,0.164618
180.498573,0.164620
180.810854,0.164622
181.123135,0.164623
181.435415,0.164625
181.747696,0.164627
182.059977,0.164628
182.372257,0.164630
182.684538,0.164632
182.996818,0.164633
183.309099,0.164635
183.621380,0.164637
183.933660,0.164639
184.245941,0.164640
184.558222,0.164642
184.870502,0.164644
185.182783,0.164646
185.495064,0.164647
185.807344,0.164649
186.119625,0.164651
186.431906,0.164653
186.744186,0.164654
187.056467,0.164656
187.368748,0.164658
187.681028,0.164660
187.993309,0.164662
188.305590,0.164664
188.617870,0.164665
188.930151,0.164667
189.242432,0.164669
189.554712,0.164671
189.866993,0.164673
190.179273,0.164675
190.491554,0.164676
190.803835,0.164678
191.116115,0.164680
191.428396,0.164682
191.740677,0.164684
192.052957,0.164686
192.365238,0.164688
192.677519,0.164690
192.989799,0.164692
193.302080,0.164694
193.614361,0.164696
193.926641,0.164698
194.238922,0.164699
194.551203,0.164701
194.863483,0.164703
195.175764,0.164705
195.488045,0.164707
195.800325,0.164709
196.112606,0.164711
196.424887,0.164713
196.737167,0.164715
197.049448,0.164717
197.361729,0.164719
197.674009,0.164721
197.986290,0.164724
198.298570,0.164726
198.610851,0.164728
198.923132,0.164730
199.235412,0.164732
199.547693,0.164734
199.859974,0.164736
200.172254,0.164738
200.484535,0.164740
200.796816,0.164742
201.109096,0.164744
201.421377,0.164747
201.733658,0.164749
202.045938,0.164751
202.358219,0.164753
202.670500,0.164755
202.982780,0.164757
203.295061,0.164759
203.607342,0.164762
203.919622,0.164764
204.231903,0.164766
204.544184,0.164768
204.856464,0.164770
205.168745,0.164773
205.481025,0.164775
205.793306,0.164777
206.105587,0.164779
206.417867,0.164782
206.730148,0.164784
207.042429,0.164786
207.354709,0.164789
207.666990,0.164791
207.979271,0.164793
208.291551,0.164796
208.603832,0.164798
208.916113,0.164800
209.228393,0.164803
209.540674,0.164805
209.852955,0.164807
210.165235,0.164810
210.477516,0.164812
210.789797,0.164814
211.102077,0.164817
211.414358,0.164819
211.726639,0.164822
212.038919,0.164824
212.351200,0.164827
212.663481,0.164829
212.975761,0.164831
213.288042,0.164834
213.600322,0.164836
213.912603,0.164839
214.224884,0.164841
214.537164,0.164844
214.849445,0.164846
215.161726,0.164849
215.474006,0.164851
215.786287,0.164854
216.098568,0.164857
216.410848,0.164859
216.723129,0.164862
217.035410,0.164864
217.347690,0.164867
217.659971,0.164870
217.972252,0.164872
218.284532,0.164875
218.596813,0.164877
218.909094,0.164880
219.221374,0.164883
219.533655,0.164885
219.845936,0.164888
220.158216,0.164891
220.470497,0.164894
220.782777,0.164896
221.095058,0.164899
221.407339,0.164902
221.719619,0.164905
222.031900,0.164907
222.344181,0.164910
222.656461,0.164913
222.968742,0.164916
223.281023,0.164919
223.593303,0.164921
223.905584,0.164924
224.217865,0.164927
224.530145,0.164930
224.842426,0.164933
225.154707,0.164936
225.466987,0.164939
225.779268,0.164942
226.091549,0.164944
226.403829,0.164947
226.716110,0.164950
227.028391,0.164953
227.340671,0.164956
227.652952,0.164959
227.965233,0.164962
228.277513,0.164965
228.589794,0.164968
228.902074,0.164971
229.214355,0.164974
229.526636,0.164978
229.838916,0.164981
230.151197,0.164984
230.463478,0.164987
230.775758,0.164990
231.088039,0.164993
231.400320,0.164996
231.712600,0.164999
232.024881,0.165003
232.337162,0.165006
232.649442,0.165009
232.961723,0.165012
233.274004,0.165015
233.586284,0.165019
233.898565,0.165022
234.210846,0.165025
234.523126,0.165029
234.835407,0.165032
235.147688,0.165035
235.459968,0.165039
235.772249,0.165042
236.084529,0.165045
236.396810,0.165049
236.709091,0.165052
237.021371,0.165055
237.333652,0.165059
237.645933,0.165062
237.958213,0.165066
238.270494,0.165069
238.582775,0.165073
238.895055,0.165076
239.207336,0.165080
239.519617,0.165083
239.831897,0.165087
240.144178,0.165090
240.456459,0.165094
240.768739,0.165098
241.081020,0.165101
241.393301,0.165105
241.705581,0.165109
242.017862,0.165112
242.330143,0.165116
242.642423,0.165120
242.954704,0.165123
243.266985,0.165127
243.579265,0.165131
243.891546,0.165135
244.203826,0.165138
244.516107,0.165142
244.828388,0.165146
245.140668,0.165150
245.452949,0.165154
245.765230,0.165158
246.077510,0.165162
246.389791,0.165166
246.702072,0.165170
247.014352,0.165173
247.326633,0.165177
247.638914,0.165181
247.951194,0.165185
248.263475,0.165190
248.575756,0.165194
248.888036,0.165198
249.200317,0.165202
249.512598,0.165206
249.824878,0.165210
250.137159,0.165214
250.449440,0.165218
250.761720,0.165223
251.074001,0.165227
251.386281,0.165231
251.698562,0.165235
252.010843,0.165240
252.323123,0.165244
252.635404,0.165248
252.947685,0.165253
253.259965,0.165257
253.572246,0.165261
253.884527,0.165266
254.196807,0.165270
254.509088,0.165275
254.821369,0.165279
255.133649,0.165284
255.445930,0.165288
255.758211,0.165293
256.070491,0.165297
256.382772,0.165302
256.695053,0.165306
257.007333,0.165311
257.319614,0.165316
257.631895,0.165320
257.944175,0.165325
258.256456,0.165330
258.568737,0.165335
258.881017,0.165339
259.193298,0.165344
259.505578,0.165349
259.817859,0.165354
260.130140,0.165359
260.442420,0.165364
260.754701,0.165369
261.066982,0.165374
261.379262,0.165379
261.691543,0.165384
262.003824,0.165389
262.316104,0.165394
262.628385,0.165399
262.940666,0.165404
263.252946,0.165409
263.565227,0.165414
263.877508,0.165419
264.189788,0.165425
264.502069,0.165430
264.814350,0.165435
265.126630,0.165440
265.438911,0.165446
265.751192,0.165451
266.063472,0.165456
266.375753,0.165462
266.688034,0.165467
267.000314,0.165473
267.312595,0.165478
267.624875,0.165484
267.937156,0.165489
268.249437,0.165495
268.561717,0.165501
268.873998,0.165506
269.186279,0.165512
269.498559,0.165518
269.810840,0.165523
270.123121,0.165529
270.435401,0.165535
270.747682,0.165541
271.059963,0.165547
271.372243,0.165553
271.684524,0.165559
271.996805,0.165565
272.309085,0.165571
272.621366,0.165577
272.933647,0.165583
273.245927,0.165589
273.558208,0.165595
273.870489,0.165601
274.182769,0.165607
274.495050,0.165614
274.807330,0.165620
275.119611,0.165626
275.431892,0.165633
275.744172,0.165639
276.056453,0.165645
276.368734,0.165652
276.681014,0.165658
276.993295,0.165665
277.305576,0.165672
277.617856,0.165678
277.930137,0.165685
278.242418,0.165692
278.554698,0.165698
278.866979,0.165705
279.179260,0.165712
279.491540,0.165719
279.803821,0.165726
280.116102,0.165733
280.428382,0.165740
280.740663,0.165747
281.052944,0.165754
281.365224,0.165761
281.677505,0.165768
281.989786,0.165775
282.302066,0.165782
282.614347,0.165790
282.926627,0.165797
283.238908,0.165804
283.551189,0.165812
283.863469,0.165819
284.175750,0.165827
284.488031,0.165834
284.800311,0.165842
285.112592,0.165849
285.424873,0.165857
285.737153,0.165865
286.049434,0.165872
286.361715,0.165880
286.673995,0.165888
286.986276,0.165896
287.298557,0.165904
287.610837,0.165912
287.923118,0.165920
288.235399,0.165928
288.547679,0.165936
288.859960,0.165945
289.172241,0.165953
289.484521,0.165961
289.796802,0.165969
290.109082,0.165978
290.421363,0.165986
290.733644,0.165995
291.045924,0.166003
291.358205,0.166012
291.670486,0.166021
291.982766,0.166030
292.295047,0.166038
292.607328,0.166047
292.919608,0.166056
293.231889,0.166065
293.544170,0.166074
293.856450,0.166083
294.168731,0.166092
294.481012,0.166102
294.793292,0.166111
295.105573,0.166120
295.417854,0.166130
295.730134,0.166139
296.042415,0.166149
296.354696,0.166158
296.666976,0.166168
296.979257,0.166177
297.291538,0.166187
297.603818,0.166197
297.916099,0.166207
298.228379,0.166217
298.540660,0.166227
298.852941,0.166237
299.165221,0.166247
299.477502,0.166257
299.789783,0.166268
300.102063,0.166278
300.414344,0.166289
300.726625,0.166299
301.038905,0.166310
301.351186,0.166320
301.663467,0.166331
301.975747,0.166342
302.288028,0.166353
302.600309,0.166364
302.912589,0.166375
303.224870,0.166386
303.537151,0.166397
303.849431,0.166408
304.161712,0.166420
304.473993,0.166431
304.786273,0.166443
305.098554,0.166454
305.410834,0.166466
305.723115,0.166478
306.035396,0.166489
306.347676,0.166501
306.659957,0.166513
306.972238,0.166526
307.284518,0.166538
307.596799,0.166550
307.909080,0.166562
308.221360,0.166575
308.533641,0.166587
308.845922,0.166600
309.158202,0.166613
309.470483,0.166625
309.782764,0.166638
310.095044,0.166651
310.407325,0.166665
310.719606,0.166678
311.031886,0.166691
311.344167,0.166704
311.656448,0.166718
311.968728,0.166732
312.281009,0.166745
312.593290,0.166759
312.905570,0.166773
313.217851,0.166787
313.530131,0.166801
313.842412,0.166815
314.154693,0.166830
314.466973,0.166844
314.779254,0.166859
315.091535,0.166873
315.403815,0.166888
315.716096,0.166903
316.028377,0.166918
316.340657,0.166933
316.652938,0.166948
316.965219,0.166964
317.277499,0.166979
317.589780,0.166995
317.902061,0.167011
318.214341,0.167027
318.526622,0.167043
318.838903,0.167059
319.151183,0.167075
319.463464,0.167091
319.775745,0.167108
320.088025,0.167124
320.400306,0.167141
320.712586,0.167158
321.024867,0.167175
321.337148,0.167192
321.649428,0.167210
321.961709,0.167227
322.273990,0.167245
322.586270,0.167263
322.898551,0.167280
323.210832,0.167299
323.523112,0.167317
323.835393,0.167335
324.147674,0.167354
324.459954,0.167372
324.772235,0.167391
325.084516,0.167410
325.396796,0.167429
325.709077,0.167449
326.021358,0.167468
326.333638,0.167488
326.645919,0.167508
326.958200,0.167528
327.270480,0.167548
327.582761,0.167568
327.895042,0.167589
328.207322,0.167609
328.519603,0.167630
328.831883,0.167651
329.144164,0.167672
329.456445,0.167694
329.768725,0.167716
330.081006,0.167737
330.393287,0.167759
330.705567,0.167782
331.017848,0.167804
331.330129,0.167827
331.642409,0.167849
331.954690,0.167872
332.266971,0.167896
332.579251,0.167919
332.891532,0.167943
333.203813,0.167967
333.516093,0.167991
333.828374,0.168015
334.140655,0.168040
334.452935,0.168064
334.765216,0.168089
335.077497,0.168115
335.389777,0.168140
335.702058,0.168166
336.014339,0.168192
336.326619,0.168218
336.638900,0.168244
336.951180,0.168271
337.263461,0.168298
337.575742,0.168325
337.888022,0.168353
338.200303,0.168381
338.512584,0.168409
338.824864,0.168437
339.137145,0.168466
339.449426,0.168495
339.761706,0.168524
340.073987,0.168553
340.386268,0.168583
340.698548,0.168613
341.010829,0.168643
341.323110,0.168674
341.635390,0.168705
341.947671,0.168736
342.259952,0.168768
342.572232,0.168800
342.884513,0.168832
343.196794,0.168864
343.509074,0.168897
343.821355,0.168931
344.133635,0.168964
344.445916,0.168998
344.758197,0.169032
345.070477,0.169067
345.382758,0.169102
345.695039,0.169138
346.007319,0.169173
346.319600,0.169209
346.631881,0.169246
346.944161,0.169283
347.256442,0.169320
347.568723,0.169358
347.881003,0.169396
348.193284,0.169435
348.505565,0.169474
348.817845,0.169513
349.130126,0.169553
349.442407,0.169593
349.754687,0.169634
350.066968,0.169675
350.379249,0.169717
350.691529,0.169759
351.003810,0.169802
351.316091,0.169845
351.628371,0.169889
351.940652,0.169933
352.252932,0.169977
352.565213,0.170023
352.877494,0.170068
353.189774,0.170114
353.502055,0.170161
353.814336,0.170208
354.126616,0.170256
354.438897,0.170305
354.751178,0.170354
355.063458,0.170403
355.375739,0.170453
355.688020,0.170504
356.000300,0.170556
356.312581,0.170608
356.624862,0.170660
356.937142,0.170714
357.249423,0.170768
357.561704,0.170822
357.873984,0.170877
358.186265,0.170933
358.498546,0.170990
358.810826,0.171048
359.123107,0.171106
359.435387,0.171165
359.747668,0.171224
360.059949,0.171285
360.372229,0.171346
360.684510,0.171408
360.996791,0.171471
361.309071,0.171534
361.621352,0.171599
361.933633,0.171664
362.245913,0.171730
362.558194,0.171797
362.870475,0.171865
363.182755,0.171934
363.495036,0.172004
363.807317,0.172075
364.119597,0.172146
364.431878,0.172219
364.744159,0.172293
365.056439,0.172367
365.368720,0.172443
365.681001,0.172520
365.993281,0.172598
366.305562,0.172677
366.617843,0.172757
366.930123,0.172838
367.242404,0.172921
367.554684,0.173004
367.866965,0.173089
368.179246,0.173175
368.491526,0.173262
368.803807,0.173351
369.116088,0.173441
369.428368,0.173532
369.740649,0.173625
370.052930,0.173719
370.365210,0.173814
370.677491,0.173911
370.989772,0.174009
371.302052,0.174109
371.614333,0.174210
371.926614,0.174313
372.238894,0.174418
372.551175,0.174524
372.863456,0.174632
373.175736,0.174742
373.488017,0.174853
373.800298,0.174966
374.112578,0.175081
374.424859,0.175198
374.737139,0.175317
375.049420,0.175437
375.361701,0.175560
375.673981,0.175685
375.986262,0.175811
376.298543,0.175940
376.610823,0.176071
376.923104,0.176205
377.235385,0.176340
377.547665,0.176478
377.859946,0.176618
378.172227,0.176761
378.484507,0.176906
378.796788,0.177054
379.109069,0.177204
379.421349,0.177357
379.733630,0.177513
380.045911,0.177672
380.358191,0.177833
380.670472,0.177998
380.982753,0.178165
381.295033,0.178336
381.607314,0.178510
381.919595,0.178687
382.231875,0.178867
382.544156,0.179051
382.856436,0.179238
383.168717,0.179429
383.480998,0.179623
383.793278,0.179822
384.105559,0.180024
384.417840,0.180230
384.730120,0.180441
385.042401,0.180655
385.354682,0.180874
385.666962,0.181097
385.979243,0.181325
386.291524,0.181558
386.603804,0.181795
386.916085,0.182038
387.228366,0.182285
387.540646,0.182538
387.852927,0.182796
388.165208,0.183059
388.477488,0.183329
388.789769,0.183604
389.102050,0.183885
389.414330,0.184173
389.726611,0.184467
390.038891,0.184767
390.351172,0.185074
390.663453,0.185389
390.975733,0.185710
391.288014,0.186039
391.600295,0.186376
391.912575,0.186721
392.224856,0.187073
392.537137,0.187435
392.849417,0.187805
393.161698,0.188184
393.473979,0.188572
393.786259,0.188970
394.098540,0.189377
394.410821,0.189795
394.723101,0.190224
395.035382,0.190663
395.347663,0.191114
395.659943,0.191577
395.972224,0.192052
396.284505,0.192539
396.596785,0.193039
396.909066,0.193553
397.221347,0.194081
397.533627,0.194623
397.845908,0.195180
398.158188,0.195753
398.470469,0.196342
398.782750,0.196948
399.095030,0.197571
399.407311,0.198212
399.719592,0.198872
400.031872,0.199552
400.344153,0.200252
400.656434,0.200972
400.968714,0.201715
401.280995,0.202481
401.593276,0.203270
401.905556,0.204084
402.217837,0.204924
402.530118,0.205791
402.842398,0.206686
403.154679,0.207611
403.466960,0.208565
403.779240,0.209552
404.091521,0.210572
404.403802,0.211627
404.716082,0.212718
405.028363,0.213847
405.340643,0.215016
405.652924,0.216227
405.965205,0.217482
406.277485,0.218782
406.589766,0.220131
406.902047,0.221529
407.214327,0.222981
407.526608,0.224488
407.838889,0.226053
408.151169,0.227680
408.463450,0.229371
408.775731,0.231131
409.088011,0.232961
409.400292,0.234867
409.712573,0.236853
410.024853,0.238922
410.337134,0.241080
410.649415,0.243331
410.961695,0.245681
411.273976,0.248135
411.586257,0.250700
411.898537,0.253382
412.210818,0.256189
412.523099,0.259126
412.835379,0.262203
413.147660,0.265429
413.459940,0.268812
413.772221,0.272362
414.084502,0.276091
414.396782,0.280010
414.709063,0.284131
415.021344,0.288468
415.333624,0.293034
415.645905,0.297847
415.958186,0.302923
416.270466,0.308279
416.582747,0.313936
416.895028,0.319915
417.207308,0.326239
417.519589,0.332933
417.831870,0.340024
418.144150,0.347540
418.456431,0.355514
418.768712,0.363979
419.080992,0.372971
419.393273,0.382530
419.705554,0.392699
420.017834,0.403523
420.330115,0.415050
420.642396,0.427333
420.954676,0.440427
421.266957,0.454390
421.579237,0.469284
421.891518,0.485174
422.203799,0.502125
422.516079,0.520206
422.828360,0.539483
423.140641,0.560022
423.452921,0.581885
423.765202,0.605129
424.077483,0.629798
424.389763,0.655921
424.702044,0.683510
425.014325,0.712546
425.326605,0.742976
425.638886,0.774703
425.951167,0.807575
426.263447,0.841375
426.575728,0.875815
426.888009,0.910519
427.200289,0.945027
427.512570,0.978790
427.824851,1.011179
428.137131,1.041496
428.449412,1.069003
428.761692,1.092957
429.073973,1.112646
429.386254,1.127446
429.698534,1.136859
430.010815,1.140558
430.323096,1.138413
430.635376,1.130505
430.947657,1.117115
431.259938,1.098702
431.572218,1.075866
431.884499,1.049301
432.196780,1.019747
432.509060,0.987948
432.821341,0.954612
433.133622,0.920389
433.445902,0.885847
433.758183,0.851470
434.070464,0.817651
434.382744,0.784700
434.695025,0.752852
435.007306,0.722271
435.319586,0.693069
435.631867,0.665308
435.944148,0.639014
436.256428,0.614184
436.568709,0.590791
436.880989,0.568795
437.193270,0.548142
437.505551,0.528772
437.817831,0.510620
438.130112,0.493620
438.442393,0.477703
438.754673,0.462804
439.066954,0.448858
439.379235,0.435804
439.691515,0.423583
440.003796,0.412140
440.316077,0.401422
440.628357,0.391380
440.940638,0.381969
441.252919,0.373147
441.565199,0.364874
441.877480,0.357114
442.189761,0.349833
442.502041,0.343001
442.814322,0.336588
443.126603,0.330570
443.438883,0.324922
443.751164,0.319621
444.063444,0.314648
444.375725,0.309985
444.688006,0.305615
445.000286,0.301522
445.312567,0.297694
445.624848,0.294117
445.937128,0.290781
446.249409,0.287676
446.561690,0.284794
446.873970,0.282126
447.186251,0.279668
447.498532,0.277413
447.810812,0.275357
448.123093,0.273498
448.435374,0.271831
448.747654,0.270358
449.059935,0.269075
449.372216,0.267985
449.684496,0.267087
449.996777,0.266384
450.309058,0.265878
450.621338,0.265569
450.933619,0.265462
451.245900,0.265557
451.558180,0.265856
451.870461,0.266357
452.182741,0.267057
452.495022,0.267949
452.807303,0.269024
453.119583,0.270262
453.431864,0.271641
453.744145,0.273127
454.056425,0.274677
454.368706,0.276239
454.680987,0.277750
454.993267,0.279138
455.305548,0.280326
455.617829,0.281235
455.930109,0.281792
456.242390,0.281932
456.554671,0.281608
456.866951,0.280796
457.179232,0.279495
457.491513,0.277728
457.803793,0.275541
458.116074,0.272995
458.428355,0.270162
458.740635,0.267119
459.052916,0.263940
459.365196,0.260694
459.677477,0.257440
459.989758,0.254229
460.302038,0.251100
460.614319,0.248082
460.926600,0.245197
461.238880,0.242459
461.551161,0.239874
461.863442,0.237446
462.175722,0.235175
462.488003,0.233057
462.800284,0.231089
463.112564,0.229263
463.424845,0.227574
463.737126,0.226015
464.049406,0.224578
464.361687,0.223258
464.673968,0.222047
464.986248,0.220940
465.298529,0.219931
465.610810,0.219015
465.923090,0.218188
466.235371,0.217444
466.547652,0.216781
466.859932,0.216194
467.172213,0.215682
467.484493,0.215241
467.796774,0.214870
468.109055,0.214566
468.421335,0.214330
468.733616,0.214158
469.045897,0.214052
469.358177,0.214011
469.670458,0.214034
469.982739,0.214123
470.295019,0.214279
470.607300,0.214501
470.919581,0.214793
471.231861,0.215155
471.544142,0.215591
471.856423,0.216103
472.168703,0.216694
472.480984,0.217368
472.793265,0.218129
473.105545,0.218982
473.417826,0.219933
473.730107,0.220987
474.042387,0.222151
474.354668,0.223434
474.666948,0.224842
474.979229,0.226387
475.291510,0.228078
475.603790,0.229927
475.916071,0.231947
476.228352,0.234152
476.540632,0.236559
476.852913,0.239185
477.165194,0.242049
477.477474,0.245174
477.789755,0.248582
478.102036,0.252300
478.414316,0.256356
478.726597,0.260781
479.038878,0.265608
479.351158,0.270871
479.663439,0.276609
479.975720,0.282858
480.288000,0.289658
480.600281,0.297045
480.912562,0.305052
481.224842,0.313706
481.537123,0.323025
481.849404,0.333008
482.161684,0.343633
482.473965,0.354850
482.786245,0.366568
483.098526,0.378648
483.410807,0.390895
483.723087,0.403052
484.035368,0.414799
484.347649,0.425759
484.659929,0.435518
484.972210,0.443653
485.284491,0.449768
485.596771,0.453537
485.909052,0.454747
486.221333,0.453321
486.533613,0.449335
486.845894,0.443001
487.158175,0.434645
487.470455,0.424660
487.782736,0.413472
488.095017,0.401493
488.407297,0.389101
488.719578,0.376616
489.031859,0.364295
489.344139,0.352334
489.656420,0.340871
489.968700,0.329997
490.280981,0.319764
490.593262,0.310192
490.905542,0.301282
491.217823,0.293016
491.530104,0.285368
491.842384,0.278305
492.154665,0.271788
492.466946,0.265780
492.779226,0.260242
493.091507,0.255137
493.403788,0.250430
493.716068,0.246087
494.028349,0.242077
494.340630,0.238372
494.652910,0.234945
494.965191,0.231772
495.277472,0.228832
495.589752,0.226104
495.902033,0.223571
496.214314,0.221216
496.526594,0.219023
496.838875,0.216981
497.151156,0.215076
497.463436,0.213298
497.775717,0.211636
498.087997,0.210081
498.400278,0.208625
498.712559,0.207261
499.024839,0.205981
499.337120,0.204780
499.649401,0.203652
499.961681,0.202592
500.273962,0.201594
500.586243,0.200655
500.898523,0.199771
501.210804,0.198938
501.523085,0.198153
501.835365,0.197412
502.147646,0.196714
502.459927,0.196055
502.772207,0.195433
503.084488,0.194846
503.396769,0.194292
503.709049,0.193769
504.021330,0.193276
504.333611,0.192810
504.645891,0.192371
504.958172,0.191957
505.270453,0.191568
505.582733,0.191201
505.895014,0.190855
506.207294,0.190531
506.519575,0.190226
506.831856,0.189941
507.144136,0.189674
507.456417,0.189425
507.768698,0.189193
508.080978,0.188977
508.393259,0.188777
508.705540,0.188593
509.017820,0.188423
509.330101,0.188268
509.642382,0.188128
509.954662,0.188001
510.266943,0.187888
510.579224,0.187788
510.891504,0.187701
511.203785,0.187628
511.516066,0.187567
511.828346,0.187518
512.140627,0.187482
512.452908,0.187458
512.765188,0.187447
513.077469,0.187447
513.389749,0.187460
513.702030,0.187485
514.014311,0.187523
514.326591,0.187572
514.638872,0.187634
514.951153,0.187709
515.263433,0.187796
515.575714,0.187895
515.887995,0.188008
516.200275,0.188133
516.512556,0.188272
516.824837,0.188424
517.137117,0.188590
517.449398,0.188770
517.761679,0.188964
518.073959,0.189173
518.386240,0.189396
518.698521,0.189635
519.010801,0.189889
519.323082,0.190160
519.635363,0.190447
519.947643,0.190750
520.259924,0.191071
520.572205,0.191410
520.884485,0.191767
521.196766,0.192143
521.509046,0.192538
521.821327,0.192953
522.133608,0.193388
522.445888,0.193844
522.758169,0.194322
523.070450,0.194821
523.382730,0.195343
523.695011,0.195887
524.007292,0.196455
524.319572,0.197046
524.631853,0.197661
524.944134,0.198301
525.256414,0.198964
525.568695,0.199653
525.880976,0.200366
526.193256,0.201103
526.505537,0.201865
526.817818,0.202649
527.130098,0.203457
527.442379,0.204287
527.754660,0.205138
528.066940,0.206007
528.379221,0.206895
528.691501,0.207798
529.003782,0.208714
529.316063,0.209640
529.628343,0.210574
529.940624,0.211511
530.252905,0.212448
530.565185,0.213379
530.877466,0.214302
531.189747,0.215210
531.502027,0.216099
531.814308,0.216962
532.126589,0.217795
532.438869,0.218591
532.751150,0.219345
533.063431,0.220052
533.375711,0.220706
533.687992,0.221304
534.000273,0.221839
534.312553,0.222311
534.624834,0.222714
534.937115,0.223049
535.249395,0.223313
535.561676,0.223506
535.873957,0.223631
536.186237,0.223688
536.498518,0.223681
536.810798,0.223613
537.123079,0.223488
537.435360,0.223313
537.747640,0.223092
538.059921,0.222832
538.372202,0.222538
538.684482,0.222219
538.996763,0.221880
539.309044,0.221529
539.621324,0.221171
539.933605,0.220814
540.245886,0.220464
540.558166,0.220126
540.870447,0.219807
541.182728,0.219512
541.495008,0.219246
541.807289,0.219014
542.119570,0.218821
542.431850,0.218671
542.744131,0.218567
543.056412,0.218515
543.368692,0.218518
543.680973,0.218579
543.993253,0.218702
544.305534,0.218891
544.617815,0.219149
544.930095,0.219481
545.242376,0.219890
545.554657,0.220379
545.866937,0.220954
546.179218,0.221618
546.491499,0.222377
546.803779,0.223234
547.116060,0.224197
547.428341,0.225270
547.740621,0.226459
548.052902,0.227773
548.365183,0.229218
548.677463,0.230801
548.989744,0.232533
549.302025,0.234422
549.614305,0.236478
549.926586,0.238713
550.238867,0.241137
550.551147,0.243764
550.863428,0.246606
551.175709,0.249677
551.487989,0.252992
551.800270,0.256565
552.112550,0.260412
552.424831,0.264547
552.737112,0.268985
553.049392,0.273738
553.361673,0.278819
553.673954,0.284236
553.986234,0.289993
554.298515,0.296089
554.610796,0.302515
554.923076,0.309256
555.235357,0.316281
555.547638,0.323549
555.859918,0.331001
556.172199,0.338559
556.484480,0.346127
556.796760,0.353588
557.109041,0.360805
557.421322,0.367624
557.733602,0.373878
558.045883,0.379398
558.358164,0.384016
558.670444,0.387580
558.982725,0.389965
559.295005,0.391081
559.607286,0.390884
559.919567,0.389375
560.231847,0.386604
560.544128,0.382665
560.856409,0.377686
561.168689,0.371822
561.480970,0.365238
561.793251,0.358106
562.105531,0.350590
562.417812,0.342842
562.730093,0.334998
563.042373,0.327171
563.354654,0.319456
563.666935,0.311928
563.979215,0.304643
564.291496,0.297641
564.603777,0.290950
564.916057,0.284586
565.228338,0.278555
565.540619,0.272858
565.852899,0.267488
566.165180,0.262438
566.477461,0.257694
566.789741,0.253243
567.102022,0.249070
567.414302,0.245159
567.726583,0.241496
568.038864,0.238065
568.351144,0.234850
568.663425,0.231838
568.975706,0.229016
569.287986,0.226369
569.600267,0.223887
569.912548,0.221557
570.224828,0.219369
570.537109,0.217314
570.849390,0.215382
571.161670,0.213564
571.473951,0.211853
571.786232,0.210242
572.098512,0.208723
572.410793,0.207291
572.723074,0.205939
573.035354,0.204663
573.347635,0.203457
573.659916,0.202318
573.972196,0.201240
574.284477,0.200219
574.596758,0.199253
574.909038,0.198338
575.221319,0.197471
575.533599,0.196649
575.845880,0.195869
576.158161,0.195128
576.470441,0.194426
576.782722,0.193759
577.095003,0.193125
577.407283,0.192524
577.719564,0.191952
578.031845,0.191409
578.344125,0.190892
578.656406,0.190402
578.968687,0.189935
579.280967,0.189492
579.593248,0.189071
579.905529,0.188671
580.217809,0.188291
580.530090,0.187930
580.842371,0.187588
581.154651,0.187263
581.466932,0.186955
581.779213,0.186664
582.091493,0.186388
582.403774,0.186127
582.716054,0.185880
583.028335,0.185648
583.340616,0.185429
583.652896,0.185223
583.965177,0.185029
584.277458,0.184848
584.589738,0.184679
584.902019,0.184522
585.214300,0.184376
585.526580,0.184241
585.838861,0.184117
586.151142,0.184003
586.463422,0.183900
586.775703,0.183808
587.087984,0.183725
587.400264,0.183652
587.712545,0.183590
588.024826,0.183537
588.337106,0.183493
588.649387,0.183460
588.961668,0.183436
589.273948,0.183421
589.586229,0.183416
589.898510,0.183421
590.210790,0.183436
590.523071,0.183460
590.835351,0.183494
591.147632,0.183537
591.459913,0.183591
591.772193,0.183655
592.084474,0.183729
592.396755,0.183814
592.709035,0.183909
593.021316,0.184015
593.333597,0.184132
593.645877,0.184260
593.958158,0.184400
594.270439,0.184552
594.582719,0.184716
594.895000,0.184893
595.207281,0.185083
595.519561,0.185286
595.831842,0.185503
596.144123,0.185735
596.456403,0.185982
596.768684,0.186244
597.080965,0.186523
597.393245,0.186818
597.705526,0.187131
598.017806,0.187463
598.330087,0.187813
598.642368,0.188184
598.954648,0.188576
599.266929,0.188990
599.579210,0.189427
599.891490,0.189888
600.203771,0.190375
600.516052,0.190890
600.828332,0.191432
601.140613,0.192005
601.452894,0.192609
601.765174,0.193247
602.077455,0.193920
602.389736,0.194631
602.702016,0.195381
603.014297,0.196174
603.326578,0.197011
603.638858,0.197895
603.951139,0.198830
604.263420,0.199818
604.575700,0.200863
604.887981,0.201968
605.200262,0.203137
605.512542,0.204375
605.824823,0.205685
606.137103,0.207073
606.449384,0.208542
606.761665,0.210099
607.073945,0.211749
607.386226,0.213497
607.698507,0.215351
608.010787,0.217315
608.323068,0.219396
608.635349,0.221601
608.947629,0.223937
609.259910,0.226410
609.572191,0.229026
609.884471,0.231792
610.196752,0.234712
610.509033,0.237792
610.821313,0.241035
611.133594,0.244442
611.445875,0.248013
611.758155,0.251745
612.070436,0.255631
612.382717,0.259661
612.694997,0.263819
613.007278,0.268086
613.319558,0.272433
613.631839,0.276827
613.944120,0.281225
614.256400,0.285580
614.568681,0.289833
614.880962,0.293922
615.193242,0.297778
615.505523,0.301328
615.817804,0.304499
616.130084,0.307220
616.442365,0.309427
616.754646,0.311063
617.066926,0.312086
617.379207,0.312469
617.691488,0.312201
618.003768,0.311291
618.316049,0.309766
618.628330,0.307665
618.940610,0.305045
619.252891,0.301969
619.565172,0.298509
619.877452,0.294736
620.189733,0.290725
620.502014,0.286544
620.814294,0.282256
621.126575,0.277921
621.438855,0.273587
621.751136,0.269296
622.063417,0.265084
622.375697,0.260979
622.687978,0.257001
623.000259,0.253167
623.312539,0.249487
623.624820,0.245969
623.937101,0.242615
624.249381,0.239426
624.561662,0.236402
624.873943,0.233538
625.186223,0.230830
625.498504,0.228274
625.810785,0.225863
626.123065,0.223591
626.435346,0.221451
626.747627,0.219438
627.059907,0.217544
627.372188,0.215762
627.684469,0.214088
627.996749,0.212514
628.309030,0.211036
628.621310,0.209647
628.933591,0.208343
629.245872,0.207118
629.558152,0.205969
629.870433,0.204891
630.182714,0.203879
630.494994,0.202931
630.807275,0.202042
631.119556,0.201209
631.431836,0.200430
631.744117,0.199702
632.056398,0.199021
632.368678,0.198386
632.680959,0.197794
632.993240,0.197242
633.305520,0.196731
633.617801,0.196256
633.930082,0.195818
634.242362,0.195413
634.554643,0.195042
634.866924,0.194702
635.179204,0.194392
635.491485,0.194112
635.803766,0.193860
636.116046,0.193636
636.428327,0.193438
636.740607,0.193267
637.052888,0.193121
637.365169,0.192999
637.677449,0.192902
637.989730,0.192829
638.302011,0.192780
638.614291,0.192753
638.926572,0.192750
639.238853,0.192770
639.551133,0.192812
639.863414,0.192877
640.175695,0.192965
640.487975,0.193076
640.800256,0.193210
641.112537,0.193366
641.424817,0.193547
641.737098,0.193751
642.049379,0.193979
642.361659,0.194231
642.673940,0.194509
642.986221,0.194812
643.298501,0.195141
643.610782,0.195498
643.923062,0.195882
644.235343,0.196295
644.547624,0.196737
644.859904,0.197210
645.172185,0.197714
645.484466,0.198252
645.796746,0.198824
646.109027,0.199431
646.421308,0.200076
646.733588,0.200760
647.045869,0.201484
647.358150,0.202251
647.670430,0.203063
647.982711,0.203922
648.294992,0.204831
648.607272,0.205792
648.919553,0.206807
649.231834,0.207881
649.544114,0.209017
649.856395,0.210217
650.168676,0.211486
650.480956,0.212827
650.793237,0.214247
651.105518,0.215748
651.417798,0.217336
651.730079,0.219017
652.042359,0.220797
652.354640,0.222682
652.666921,0.224679
652.979201,0.226796
653.291482,0.229040
653.603763,0.231420
653.916043,0.233945
654.228324,0.236626
654.540605,0.239472
654.852885,0.242495
655.165166,0.245707
655.477447,0.249121
655.789727,0.252750
656.102008,0.256608
656.414289,0.260711
656.726569,0.265074
657.038850,0.269713
657.351131,0.274644
657.663411,0.279884
657.975692,0.285449
658.287973,0.291354
658.600253,0.297615
658.912534,0.304244
659.224815,0.311250
659.537095,0.318641
659.849376,0.326417
660.161656,0.334574
660.473937,0.343098
660.786218,0.351967
661.098498,0.361145
661.410779,0.370582
661.723060,0.380214
662.035340,0.389956
662.347621,0.399704
662.659902,0.409335
662.972182,0.418706
663.284463,0.427657
663.596744,0.436013
663.909024,0.443594
664.221305,0.450218
664.533586,0.455713
664.845866,0.459926
665.158147,0.462735
665.470428,0.464053
665.782708,0.463838
666.094989,0.462096
666.407270,0.458880
666.719550,0.454283
667.031831,0.448438
667.344111,0.441502
667.656392,0.433650
667.968673,0.425064
668.280953,0.415924
668.593234,0.406401
668.905515,0.396653
669.217795,0.386817
669.530076,0.377013
669.842357,0.367340
670.154637,0.357877
670.466918,0.348685
670.779199,0.339812
671.091479,0.331289
671.403760,0.323137
671.716041,0.315366
672.028321,0.307980
672.340602,0.300977
672.652883,0.294349
672.965163,0.288085
673.277444,0.282173
673.589725,0.276596
673.902005,0.271341
674.214286,0.266389
674.526567,0.261725
674.838847,0.257332
675.151128,0.253194
675.463408,0.249296
675.775689,0.245623
676.087970,0.242161
676.400250,0.238897
676.712531,0.235817
677.024812,0.232910
677.337092,0.230165
677.649373,0.227571
677.961654,0.225118
678.273934,0.222798
678.586215,0.220602
678.898496,0.218522
679.210776,0.216550
679.523057,0.214680
679.835338,0.212905
680.147618,0.211219
680.459899,0.209617
680.772180,0.208094
681.084460,0.206645
681.396741,0.205265
681.709022,0.203951
682.021302,0.202698
682.333583,0.201502
682.645863,0.200361
682.958144,0.199272
683.270425,0.198231
683.582705,0.197235
683.894986,0.196283
684.207267,0.195371
684.519547,0.194498
684.831828,0.193661
685.144109,0.192859
685.456389,0.192089
685.768670,0.191351
686.080951,0.190642
686.393231,0.189960
686.705512,0.189305
687.017793,0.188676
687.330073,0.188070
687.642354,0.187486
687.954635,0.186925
688.266915,0.186384
688.579196,0.185862
688.891477,0.185359
689.203757,0.184874
689.516038,0.184406
689.828319,0.183954
690.140599,0.183518
690.452880,0.183096
690.765160,0.182688
691.077441,0.182294
691.389722,0.181913
691.702002,0.181544
692.014283,0.181187
692.326564,0.180841
692.638844,0.180507
692.951125,0.180182
693.263406,0.179868
693.575686,0.179563
693.887967,0.179267
694.200248,0.178980
694.512528,0.178701
694.824809,0.178431
695.137090,0.178169
695.449370,0.177914
695.761651,0.177666
696.073932,0.177425
696.386212,0.177191
696.698493,0.176963
697.010774,0.176742
697.323054,0.176526
697.635335,0.176317
697.947615,0.176113
698.259896,0.175914
698.572177,0.175720
698.884457,0.175532
699.196738,0.175348
699.509019,0.175169
699.821299,0.174995
700.133580,0.174824
700.445861,0.174658
700.758141,0.174496
701.070422,0.174339
701.382703,0.174184
701.694983,0.174034
702.007264,0.173887
702.319545,0.173743
702.631825,0.173603
702.944106,0.173466
703.256387,0.173333
703.568667,0.173202
703.880948,0.173074
704.193229,0.172949
704.505509,0.172827
704.817790,0.172707
705.130071,0.172591
705.442351,0.172476
705.754632,0.172364
706.066912,0.172255
706.379193,0.172148
706.691474,0.172043
707.003754,0.171940
707.316035,0.171839
707.628316,0.171741
707.940596,0.171644
708.252877,0.171550
708.565158,0.171457
708.877438,0.171366
709.189719,0.171277
709.502000,0.171190
709.814280,0.171104
710.126561,0.171020
710.438842,0.170938
710.751122,0.170857
