# rshift,intensity
80.694990,0.278617
81.007425,0.278618
81.319860,0.278619
81.632296,0.278620
81.944731,0.278621
82.257166,0.278622
82.569601,0.278623
82.882037,0.278623
83.194472,0.278624
83.506907,0.278625
83.819342,0.278626
84.131778,0.278627
84.444213,0.278628
84.756648,0.278628
85.069083,0.278629
85.381519,0.278630
85.693954,0.278631
86.006389,0.278632
86.318824,0.278633
86.631260,0.278634
86.943695,0.278635
87.256130,0.278635
87.568565,0.278636
87.881001,0.278637
88.193436,0.278638
88.505871,0.278639
88.818306,0.278640
89.130742,0.278641
89.443177,0.278642
89.755612,0.278642
90.068047,0.278643
90.380483,0.278644
90.692918,0.278645
91.005353,0.278646
91.317788,0.278647
91.630224,0.278648
91.942659,0.278649
92.255094,0.278650
92.567529,0.278651
92.879965,0.278651
93.192400,0.278652
93.504835,0.278653
93.817270,0.278654
94.129706,0.278655
94.442141,0.278656
94.754576,0.278657
95.067011,0.278658
95.379447,0.278659
95.691882,0.278660
96.004317,0.278661
96.316752,0.278662
96.629188,0.278663
96.941623,0.278664
97.254058,0.278664
97.566493,0.278665
97.878929,0.278666
98.191364,0.278667
98.503799,0.278668
98.816234,0.278669
99.128670,0.278670
99.441105,0.278671
99.753540,0.278672
100.065975,0.278673
100.378411,0.278674
100.690846,0.278675
101.003281,0.278676
101.315716,0.278677
101.628152,0.278678
101.940587,0.278679
102.253022,0.278680
102.565457,0.278681
102.877893,0.278682
103.190328,0.278683
103.502763,0.278684
103.815198,0.278685
104.127634,0.278686
104.440069,0.278687
104.752504,0.278688
105.064939,0.278689
105.377375,0.278690
105.689810,0.278691
106.002245,0.278692
106.314680,0.278693
106.627116,0.278694
106.939551,0.278695
107.251986,0.278696
107.564421,0.278697
107.876856,0.278698
108.189292,0.278699
108.501727,0.278700
108.814162,0.278701
109.126597,0.278702
109.439033,0.278703
109.751468,0.278704
110.063903,0.278705
110.376338,0.278706
110.688774,0.278707
111.001209,0.278708
111.313644,0.278709
111.626079,0.278711
111.938515,0.278712
112.250950,0.278713
112.563385,0.278714
112.875820,0.278715
113.188256,0.278716
113.500691,0.278717
113.813126,0.278718
114.125561,0.278719
114.437997,0.278720
114.750432,0.278721
115.062867,0.278722
115.375302,0.278723
115.687738,0.278725
116.000173,0.278726
116.312608,0.278727
116.625043,0.278728
116.937479,0.278729
117.249914,0.278730
117.562349,0.278731
117.874784,0.278732
118.187220,0.278733
118.499655,0.278735
118.812090,0.278736
119.124525,0.278737
119.436961,0.278738
119.749396,0.278739
120.061831,0.278740
120.374266,0.278741
120.686702,0.278742
120.999137,0.278744
121.311572,0.278745
121.624007,0.278746
121.936443,0.278747
122.248878,0.278748
122.561313,0.278749
122.873748,0.278751
123.186184,0.278752
123.498619,0.278753
123.811054,0.278754
124.123489,0.278755
124.435925,0.278756
124.748360,0.278758
125.060795,0.278759
125.373230,0.278760
125.685666,0.278761
125.998101,0.278762
126.310536,0.278764
126.622971,0.278765
126.935407,0.278766
127.247842,0.278767
127.560277,0.278768
127.872712,0.278770
128.185148,0.278771
128.497583,0.278772
128.810018,0.278773
129.122453,0.278775
129.434889,0.278776
129.747324,0.278777
130.059759,0.278778
130.372194,0.278779
130.684630,0.278781
130.997065,0.278782
131.309500,0.278783
131.621935,0.278784
131.934371,0.278786
132.246806,0.278787
132.559241,0.278788
132.871676,0.278790
133.184112,0.278791
133.496547,0.278792
133.808982,0.278793
134.121417,0.278795
134.433853,0.278796
134.746288,0.278797
135.058723,0.278799
135.371158,0.278800
135.683594,0.278801
135.996029,0.278802
136.308464,0.278804
136.620899,0.278805
136.933335,0.278806
137.245770,0.278808
137.558205,0.278809
137.870640,0.278810
138.183076,0.278812
138.495511,0.278813
138.807946,0.278814
139.120381,0.278816
139.432816,0.278817
139.745252,0.278818
140.057687,0.278820
140.370122,0.278821
140.682557,0.278822
140.994993,0.278824
141.307428,0.278825
141.619863,0.278827
141.932298,0.278828
142.244734,0.278829
142.557169,0.278831
142.869604,0.278832
143.182039,0.278834
143.494475,0.278835
143.806910,0.278836
144.119345,0.278838
144.431780,0.278839
144.744216,0.278841
145.056651,0.278842
145.369086,0.278843
145.681521,0.278845
145.993957,0.278846
146.306392,0.278848
146.618827,0.278849
146.931262,0.278851
147.243698,0.278852
147.556133,0.278853
147.868568,0.278855
148.181003,0.278856
148.493439,0.278858
148.805874,0.278859
149.118309,0.278861
149.430744,0.278862
149.743180,0.278864
150.055615,0.278865
150.368050,0.278867
150.680485,0.278868
150.992921,0.278870
151.305356,0.278871
151.617791,0.278873
151.930226,0.278874
152.242662,0.278876
152.555097,0.278877
152.867532,0.278879
153.179967,0.278880
153.492403,0.278882
153.804838,0.278883
154.117273,0.278885
154.429708,0.278886
154.742144,0.278888
155.054579,0.278890
155.367014,0.278891
155.679449,0.278893
155.991885,0.278894
156.304320,0.278896
156.616755,0.278897
156.929190,0.278899
157.241626,0.278901
157.554061,0.278902
157.866496,0.278904
158.178931,0.278905
158.491367,0.278907
158.803802,0.278909
159.116237,0.278910
159.428672,0.278912
159.741108,0.278913
160.053543,0.278915
160.365978,0.278917
160.678413,0.278918
160.990849,0.278920
161.303284,0.278922
161.615719,0.278923
161.928154,0.278925
162.240590,0.278927
162.553025,0.278928
162.865460,0.278930
163.177895,0.278932
163.490331,0.278933
163.802766,0.278935
164.115201,0.278937
164.427636,0.278939
164.740072,0.278940
165.052507,0.278942
165.364942,0.278944
165.677377,0.278945
165.989813,0.278947
166.302248,0.278949
166.614683,0.278951
166.927118,0.278952
167.239554,0.278954
167.551989,0.278956
167.864424,0.278958
168.176859,0.278959
168.489295,0.278961
168.801730,0.278963
169.114165,0.278965
169.426600,0.278967
169.739036,0.278968
170.051471,0.278970
170.363906,0.278972
170.676341,0.278974
170.988776,0.278976
171.301212,0.278977
171.613647,0.278979
171.926082,0.278981
172.238517,0.278983
172.550953,0.278985
172.863388,0.278987
173.175823,0.278988
173.488258,0.278990
173.800694,0.278992
174.113129,0.278994
174.425564,0.278996
174.737999,0.278998
175.050435,0.279000
175.362870,0.279002
175.675305,0.279004
175.987740,0.279006
176.300176,0.279007
176.612611,0.279009
176.925046,0.279011
177.237481,0.279013
177.549917,0.279015
177.862352,0.279017
178.174787,0.279019
178.487222,0.279021
178.799658,0.279023
179.112093,0.279025
179.424528,0.279027
179.736963,0.279029
180.049399,0.279031
180.361834,0.279033
180.674269,0.279035
180.986704,0.279037
181.299140,0.279039
181.611575,0.279041
181.924010,0.279043
182.236445,0.279045
182.548881,0.279047
182.861316,0.279049
183.173751,0.279051
183.486186,0.279053
183.798622,0.279056
184.111057,0.279058
184.423492,0.279060
184.735927,0.279062
185.048363,0.279064
185.360798,0.279066
185.673233,0.279068
185.985668,0.279070
186.298104,0.279072
186.610539,0.279075
186.922974,0.279077
187.235409,0.279079
187.547845,0.279081
187.860280,0.279083
188.172715,0.279085
188.485150,0.279088
188.797586,0.279090
189.110021,0.279092
189.422456,0.279094
189.734891,0.279096
190.047327,0.279099
190.359762,0.279101
190.672197,0.279103
190.984632,0.279105
191.297068,0.279108
191.609503,0.279110
191.921938,0.279112
192.234373,0.279114
192.546809,0.279117
192.859244,0.279119
193.171679,0.279121
193.484114,0.279124
193.796550,0.279126
194.108985,0.279128
194.421420,0.279131
194.733855,0.279133
195.046291,0.279135
195.358726,0.279138
195.671161,0.279140
195.983596,0.279142
196.296032,0.279145
196.608467,0.279147
196.920902,0.279150
197.233337,0.279152
197.545773,0.279154
197.858208,0.279157
198.170643,0.279159
198.483078,0.279162
198.795514,0.279164
199.107949,0.279167
199.420384,0.279169
199.732819,0.279172
200.045255,0.279174
200.357690,0.279177
200.670125,0.279179
200.982560,0.279182
201.294996,0.279184
201.607431,0.279187
201.919866,0.279189
202.232301,0.279192
202.544736,0.279194
202.857172,0.279197
203.169607,0.279199
203.482042,0.279202
203.794477,0.279205
204.106913,0.279207
204.419348,0.279210
204.731783,0.279213
205.044218,0.279215
205.356654,0.279218
205.669089,0.279220
205.981524,0.279223
206.293959,0.279226
206.606395,0.279229
206.918830,0.279231
207.231265,0.279234
207.543700,0.279237
207.856136,0.279239
208.168571,0.279242
208.481006,0.279245
208.793441,0.279248
209.105877,0.279250
209.418312,0.279253
209.730747,0.279256
210.043182,0.279259
210.355618,0.279262
210.668053,0.279264
210.980488,0.279267
211.292923,0.279270
211.605359,0.279273
211.917794,0.279276
212.230229,0.279279
212.542664,0.279281
212.855100,0.279284
213.167535,0.279287
213.479970,0.279290
213.792405,0.279293
214.104841,0.279296
214.417276,0.279299
214.729711,0.279302
215.042146,0.279305
215.354582,0.279308
215.667017,0.279311
215.979452,0.279314
216.291887,0.279317
216.604323,0.279320
216.916758,0.279323
217.229193,0.279326
217.541628,0.279329
217.854064,0.279332
218.166499,0.279335
218.478934,0.279338
218.791369,0.279342
219.103805,0.279345
219.416240,0.279348
219.728675,0.279351
220.041110,0.279354
220.353546,0.279357
220.665981,0.279360
220.978416,0.279364
221.290851,0.279367
221.603287,0.279370
221.915722,0.279373
222.228157,0.279377
222.540592,0.279380
222.853028,0.279383
223.165463,0.279386
223.477898,0.279390
223.790333,0.279393
224.102769,0.279396
224.415204,0.279400
224.727639,0.279403
225.040074,0.279406
225.352510,0.279410
225.664945,0.279413
225.977380,0.279417
226.289815,0.279420
226.602251,0.279424
226.914686,0.279427
227.227121,0.279430
227.539556,0.279434
227.851992,0.279437
228.164427,0.279441
228.476862,0.279444
228.789297,0.279448
229.101733,0.279452
229.414168,0.279455
229.726603,0.279459
230.039038,0.279462
230.351474,0.279466
230.663909,0.279470
230.976344,0.279473
231.288779,0.279477
231.601215,0.279481
231.913650,0.279484
232.226085,0.279488
232.538520,0.279492
232.850956,0.279495
233.163391,0.279499
233.475826,0.279503
233.788261,0.279507
234.100696,0.279511
234.413132,0.279514
234.725567,0.279518
235.038002,0.279522
235.350437,0.279526
235.662873,0.279530
235.975308,0.279534
236.287743,0.279538
236.600178,0.279541
236.912614,0.279545
237.225049,0.279549
237.537484,0.279553
237.849919,0.279557
238.162355,0.279561
238.474790,0.279565
238.787225,0.279569
239.099660,0.279574
239.412096,0.279578
239.724531,0.279582
240.036966,0.279586
240.349401,0.279590
240.661837,0.279594
240.974272,0.279598
241.286707,0.279603
241.599142,0.279607
241.911578,0.279611
242.224013,0.279615
242.536448,0.279619
242.848883,0.279624
243.161319,0.279628
243.473754,0.279632
243.786189,0.279637
244.098624,0.279641
244.411060,0.279645
244.723495,0.279650
245.035930,0.279654
245.348365,0.279659
245.660801,0.279663
245.973236,0.279668
246.285671,0.279672
246.598106,0.279677
246.910542,0.279681
247.222977,0.279686
247.535412,0.279690
247.847847,0.279695
248.160283,0.279700
248.472718,0.279704
248.785153,0.279709
249.097588,0.279714
249.410024,0.279718
249.722459,0.279723
250.034894,0.279728
250.347329,0.279733
250.659765,0.279737
250.972200,0.279742
251.284635,0.279747
251.597070,0.279752
251.909506,0.279757
252.221941,0.279762
252.534376,0.279767
252.846811,0.279772
253.159247,0.279777
253.471682,0.279782
253.784117,0.279787
254.096552,0.279792
254.408988,0.279797
254.721423,0.279802
255.033858,0.279807
255.346293,0.279812
255.658729,0.279817
255.971164,0.279823
256.283599,0.279828
256.596034,0.279833
256.908470,0.279838
257.220905,0.279844
257.533340,0.279849
257.845775,0.279854
258.158211,0.279860
258.470646,0.279865
258.783081,0.279871
259.095516,0.279876
259.407952,0.279881
259.720387,0.279887
260.032822,0.279892
260.345257,0.279898
260.657693,0.279904
260.970128,0.279909
261.282563,0.279915
261.594998,0.279921
261.907434,0.279926
262.219869,0.279932
262.532304,0.279938
262.844739,0.279944
263.157175,0.279949
263.469610,0.279955
263.782045,0.279961
264.094480,0.279967
264.406916,0.279973
264.719351,0.279979
265.031786,0.279985
265.344221,0.279991
265.656656,0.279997
265.969092,0.280003
266.281527,0.280009
266.593962,0.280015
266.906397,0.280022
267.218833,0.280028
267.531268,0.280034
267.843703,0.280040
268.156138,0.280047
268.468574,0.280053
268.781009,0.280059
269.093444,0.280066
269.405879,0.280072
269.718315,0.280079
270.030750,0.280085
270.343185,0.280092
270.655620,0.280098
270.968056,0.280105
271.280491,0.280111
271.592926,0.280118
271.905361,0.280125
272.217797,0.280132
272.530232,0.280138
272.842667,0.280145
273.155102,0.280152
273.467538,0.280159
273.779973,0.280166
274.092408,0.280173
274.404843,0.280180
274.717279,0.280187
275.029714,0.280194
275.342149,0.280201
275.654584,0.280208
275.967020,0.280215
276.279455,0.280223
276.591890,0.280230
276.904325,0.280237
277.216761,0.280245
277.529196,0.280252
277.841631,0.280260
278.154066,0.280267
278.466502,0.280275
278.778937,0.280282
279.091372,0.280290
279.403807,0.280297
279.716243,0.280305
280.028678,0.280313
280.341113,0.280321
280.653548,0.280328
280.965984,0.280336
281.278419,0.280344
281.590854,0.280352
281.903289,0.280360
282.215725,0.280368
282.528160,0.280376
282.840595,0.280384
283.153030,0.280393
283.465466,0.280401
283.777901,0.280409
284.090336,0.280417
284.402771,0.280426
284.715207,0.280434
285.027642,0.280443
285.340077,0.280451
285.652512,0.280460
285.964948,0.280468
286.277383,0.280477
286.589818,0.280486
286.902253,0.280494
287.214689,0.280503
287.527124,0.280512
287.839559,0.280521
288.151994,0.280530
288.464430,0.280539
288.776865,0.280548
289.089300,0.280557
289.401735,0.280567
289.714171,0.280576
290.026606,0.280585
290.339041,0.280594
290.651476,0.280604
290.963912,0.280613
291.276347,0.280623
291.588782,0.280632
291.901217,0.280642
292.213653,0.280652
292.526088,0.280662
292.838523,0.280671
293.150958,0.280681
293.463394,0.280691
293.775829,0.280701
294.088264,0.280711
294.400699,0.280721
294.713135,0.280732
295.025570,0.280742
295.338005,0.280752
295.650440,0.280763
295.962876,0.280773
296.275311,0.280784
296.587746,0.280794
296.900181,0.280805
297.212616,0.280816
297.525052,0.280826
297.837487,0.280837
298.149922,0.280848
298.462357,0.280859
298.774793,0.280870
299.087228,0.280881
299.399663,0.280893
299.712098,0.280904
300.024534,0.280915
300.336969,0.280927
300.649404,0.280938
300.961839,0.280950
301.274275,0.280961
301.586710,0.280973
301.899145,0.280985
302.211580,0.280997
302.524016,0.281009
302.836451,0.281021
303.148886,0.281033
303.461321,0.281045
303.773757,0.281058
304.086192,0.281070
304.398627,0.281082
304.711062,0.281095
305.023498,0.281108
305.335933,0.281120
305.648368,0.281133
305.960803,0.281146
306.273239,0.281159
306.585674,0.281172
306.898109,0.281185
307.210544,0.281198
307.522980,0.281212
307.835415,0.281225
308.147850,0.281239
308.460285,0.281252
308.772721,0.281266
309.085156,0.281280
309.397591,0.281294
309.710026,0.281308
310.022462,0.281322
310.334897,0.281336
310.647332,0.281350
310.959767,0.281365
311.272203,0.281379
311.584638,0.281394
311.897073,0.281409
312.209508,0.281424
312.521944,0.281439
312.834379,0.281454
313.146814,0.281469
313.459249,0.281484
313.771685,0.281499
314.084120,0.281515
314.396555,0.281530
314.708990,0.281546
315.021426,0.281562
315.333861,0.281578
315.646296,0.281594
315.958731,0.281610
316.271167,0.281627
316.583602,0.281643
316.896037,0.281660
317.208472,0.281676
317.520908,0.281693
317.833343,0.281710
318.145778,0.281727
318.458213,0.281744
318.770649,0.281762
319.083084,0.281779
319.395519,0.281797
319.707954,0.281814
320.020390,0.281832
320.332825,0.281850
320.645260,0.281869
320.957695,0.281887
321.270131,0.281905
321.582566,0.281924
321.895001,0.281943
322.207436,0.281962
322.519872,0.281981
322.832307,0.282000
323.144742,0.282019
323.457177,0.282039
323.769613,0.282058
324.082048,0.282078
324.394483,0.282098
324.706918,0.282118
325.019354,0.282138
325.331789,0.282159
325.644224,0.282180
325.956659,0.282200
326.269095,0.282221
326.581530,0.282242
326.893965,0.282264
327.206400,0.282285
327.518836,0.282307
327.831271,0.282329
328.143706,0.282351
328.456141,0.282373
328.768576,0.282396
329.081012,0.282418
329.393447,0.282441
329.705882,0.282464
330.018317,0.282487
330.330753,0.282511
330.643188,0.282534
330.955623,0.282558
331.268058,0.282582
331.580494,0.282606
331.892929,0.282631
332.205364,0.282655
332.517799,0.282680
332.830235,0.282705
333.142670,0.282731
333.455105,0.282756
333.767540,0.282782
334.079976,0.282808
334.392411,0.282834
334.704846,0.282861
335.017281,0.282887
335.329717,0.282914
335.642152,0.282942
335.954587,0.282969
336.267022,0.282997
336.579458,0.283025
336.891893,0.283053
337.204328,0.283081
337.516763,0.283110
337.829199,0.283139
338.141634,0.283169
338.454069,0.283198
338.766504,0.283228
339.078940,0.283258
339.391375,0.283289
339.703810,0.283319
340.016245,0.283350
340.328681,0.283382
340.641116,0.283413
340.953551,0.283445
341.265986,0.283477
341.578422,0.283510
341.890857,0.283543
342.203292,0.283576
342.515727,0.283609
342.828163,0.283643
343.140598,0.283677
343.453033,0.283712
343.765468,0.283747
344.077904,0.283782
344.390339,0.283818
344.702774,0.283854
345.015209,0.283890
345.327645,0.283927
345.640080,0.283964
345.952515,0.284001
346.264950,0.284039
346.577386,0.284077
346.889821,0.284116
347.202256,0.284155
347.514691,0.284194
347.827127,0.284234
348.139562,0.284275
348.451997,0.284315
348.764432,0.284356
349.076868,0.284398
349.389303,0.284440
349.701738,0.284483
350.014173,0.284526
350.326609,0.284569
350.639044,0.284613
350.951479,0.284657
351.263914,0.284702
351.576350,0.284748
351.888785,0.284793
352.201220,0.284840
352.513655,0.284887
352.826091,0.284934
353.138526,0.284982
353.450961,0.285031
353.763396,0.285080
354.075832,0.285130
354.388267,0.285180
354.700702,0.285231
355.013137,0.285282
355.325573,0.285334
355.638008,0.285387
355.950443,0.285440
356.262878,0.285494
356.575314,0.285548
356.887749,0.285604
357.200184,0.285659
357.512619,0.285716
357.825055,0.285773
358.137490,0.285831
358.449925,0.285890
358.762360,0.285949
359.074796,0.286009
359.387231,0.286070
359.699666,0.286131
360.012101,0.286194
360.324536,0.286257
360.636972,0.286321
360.949407,0.286385
361.261842,0.286451
361.574277,0.286517
361.886713,0.286585
362.199148,0.286653
362.511583,0.286722
362.824018,0.286792
363.136454,0.286863
363.448889,0.286934
363.761324,0.287007
364.073759,0.287081
364.386195,0.287155
364.698630,0.287231
365.011065,0.287308
365.323500,0.287386
365.635936,0.287464
365.948371,0.287544
366.260806,0.287625
366.573241,0.287707
366.885677,0.287791
367.198112,0.287875
367.510547,0.287961
367.822982,0.288048
368.135418,0.288136
368.447853,0.288225
368.760288,0.288316
369.072723,0.288408
369.385159,0.288501
369.697594,0.288596
370.010029,0.288692
370.322464,0.288789
370.634900,0.288888
370.947335,0.288988
371.259770,0.289090
371.572205,0.289194
371.884641,0.289299
372.197076,0.289405
372.509511,0.289514
372.821946,0.289623
373.134382,0.289735
373.446817,0.289848
373.759252,0.289964
374.071687,0.290081
374.384123,0.290199
374.696558,0.290320
375.008993,0.290443
375.321428,0.290568
375.633864,0.290694
375.946299,0.290823
376.258734,0.290954
376.571169,0.291087
376.883605,0.291222
377.196040,0.291360
377.508475,0.291500
377.820910,0.291642
378.133346,0.291787
378.445781,0.291934
378.758216,0.292084
379.070651,0.292236
379.383087,0.292391
379.695522,0.292549
380.007957,0.292709
380.320392,0.292873
380.632828,0.293039
380.945263,0.293208
381.257698,0.293381
381.570133,0.293556
381.882569,0.293735
382.195004,0.293917
382.507439,0.294103
382.819874,0.294292
383.132310,0.294484
383.444745,0.294681
383.757180,0.294881
384.069615,0.295085
384.382051,0.295293
384.694486,0.295504
385.006921,0.295721
385.319356,0.295941
385.631792,0.296166
385.944227,0.296395
386.256662,0.296629
386.569097,0.296868
386.881533,0.297112
387.193968,0.297361
387.506403,0.297615
387.818838,0.297874
388.131274,0.298139
388.443709,0.298410
388.756144,0.298686
389.068579,0.298968
389.381015,0.299257
389.693450,0.299552
390.005885,0.299853
390.318320,0.300161
390.630756,0.300476
390.943191,0.300799
391.255626,0.301128
391.568061,0.301466
391.880496,0.301811
392.192932,0.302164
392.505367,0.302526
392.817802,0.302896
393.130237,0.303275
393.442673,0.303664
393.755108,0.304061
394.067543,0.304469
394.379978,0.304887
394.692414,0.305315
395.004849,0.305754
395.317284,0.306205
395.629719,0.306667
395.942155,0.307141
396.254590,0.307627
396.567025,0.308126
396.879460,0.308639
397.191896,0.309165
397.504331,0.309706
397.816766,0.310262
398.129201,0.310833
398.441637,0.311420
398.754072,0.312023
399.066507,0.312644
399.378942,0.313283
399.691378,0.313940
400.003813,0.314616
400.316248,0.315313
400.628683,0.316030
400.941119,0.316769
401.253554,0.317531
401.565989,0.318316
401.878424,0.319126
402.190860,0.319961
402.503295,0.320823
402.815730,0.321712
403.128165,0.322630
403.440601,0.323579
403.753036,0.324559
404.065471,0.325572
404.377906,0.326620
404.690342,0.327703
405.002777,0.328824
405.315212,0.329985
405.627647,0.331187
405.940083,0.332432
406.252518,0.333722
406.564953,0.335060
406.877388,0.336447
407.189824,0.337887
407.502259,0.339382
407.814694,0.340934
408.127129,0.342548
408.439565,0.344225
408.752000,0.345969
409.064435,0.347784
409.376870,0.349674
409.689306,0.351642
410.001741,0.353694
410.314176,0.355833
410.626611,0.358065
410.939047,0.360395
411.251482,0.362828
411.563917,0.365371
411.876352,0.368031
412.188788,0.370813
412.501223,0.373727
412.813658,0.376779
413.126093,0.379979
413.438529,0.383335
413.750964,0.386858
414.063399,0.390559
414.375834,0.394450
414.688270,0.398542
415.000705,0.402850
415.313140,0.407388
415.625575,0.412172
415.938011,0.417220
416.250446,0.422549
416.562881,0.428180
416.875316,0.434135
417.187752,0.440437
417.500187,0.447113
417.812622,0.454189
418.125057,0.461696
418.437493,0.469667
418.749928,0.478137
419.062363,0.487144
419.374798,0.496730
419.687234,0.506940
419.999669,0.517823
420.312104,0.529431
420.624539,0.541821
420.936975,0.555052
421.249410,0.569190
421.561845,0.584304
421.874280,0.600467
422.186716,0.617754
422.499151,0.636246
422.811586,0.656024
423.124021,0.677170
423.436456,0.699766
423.748892,0.723888
424.061327,0.749606
424.373762,0.776978
424.686197,0.806045
424.998633,0.836820
425.311068,0.869287
425.623503,0.903383
425.935938,0.938990
426.248374,0.975919
426.560809,1.013902
426.873244,1.052573
427.185679,1.091462
427.498115,1.129985
427.810550,1.167451
428.122985,1.203068
428.435420,1.235968
428.747856,1.265247
429.060291,1.290011
429.372726,1.309438
429.685161,1.322837
429.997597,1.329711
430.310032,1.329799
430.622467,1.323103
430.934902,1.309883
431.247338,1.290639
431.559773,1.266062
431.872208,1.236974
432.184643,1.204269
432.497079,1.168854
432.809514,1.131594
433.121949,1.093281
433.434384,1.054608
433.746820,1.016157
434.059255,0.978398
434.371690,0.941697
434.684125,0.906323
434.996561,0.872463
435.308996,0.840236
435.621431,0.809704
435.933866,0.780886
436.246302,0.753766
436.558737,0.728306
436.871172,0.704446
437.183607,0.682117
437.496043,0.661244
437.808478,0.641745
438.120913,0.623538
438.433348,0.606543
438.745784,0.590680
439.058219,0.575873
439.370654,0.562051
439.683089,0.549144
439.995525,0.537090
440.307960,0.525827
440.620395,0.515300
440.932830,0.505458
441.245266,0.496253
441.557701,0.487641
441.870136,0.479580
442.182571,0.472035
442.495007,0.464969
442.807442,0.458353
443.119877,0.452156
443.432312,0.446353
443.744748,0.440920
444.057183,0.435834
444.369618,0.431075
444.682053,0.426625
444.994489,0.422467
445.306924,0.418587
445.619359,0.414970
445.931794,0.411604
446.244230,0.408479
446.556665,0.405584
446.869100,0.402911
447.181535,0.400451
447.493971,0.398198
447.806406,0.396147
448.118841,0.394292
448.431276,0.392628
448.743712,0.391151
449.056147,0.389860
449.368582,0.388749
449.681017,0.387818
449.993453,0.387063
450.305888,0.386482
450.618323,0.386071
450.930758,0.385826
451.243194,0.385744
451.555629,0.385817
451.868064,0.386038
452.180499,0.386395
452.492935,0.386876
452.805370,0.387463
453.117805,0.388136
453.430240,0.388868
453.742676,0.389632
454.055111,0.390392
454.367546,0.391112
454.679981,0.391751
454.992416,0.392267
455.304852,0.392618
455.617287,0.392767
455.929722,0.392681
456.242157,0.392332
456.554593,0.391706
456.867028,0.390795
457.179463,0.389605
457.491898,0.388150
457.804334,0.386456
458.116769,0.384554
458.429204,0.382479
458.741639,0.380272
459.054075,0.377971
459.366510,0.375612
459.678945,0.373232
459.991380,0.370861
460.303816,0.368524
460.616251,0.366243
460.928686,0.364036
461.241121,0.361915
461.553557,0.359891
461.865992,0.357970
462.178427,0.356157
462.490862,0.354452
462.803298,0.352858
463.115733,0.351372
463.428168,0.349994
463.740603,0.348721
464.053039,0.347551
464.365474,0.346479
464.677909,0.345504
464.990344,0.344622
465.302780,0.343830
465.615215,0.343125
465.927650,0.342504
466.240085,0.341966
466.552521,0.341507
466.864956,0.341127
467.177391,0.340822
467.489826,0.340592
467.802262,0.340436
468.114697,0.340353
468.427132,0.340342
468.739567,0.340403
469.052003,0.340536
469.364438,0.340741
469.676873,0.341020
469.989308,0.341372
470.301744,0.341799
470.614179,0.342303
470.926614,0.342886
471.239049,0.343549
471.551485,0.344295
471.863920,0.345128
472.176355,0.346050
472.488790,0.347065
472.801226,0.348178
473.113661,0.349392
473.426096,0.350714
473.738531,0.352147
474.050967,0.353699
474.363402,0.355376
474.675837,0.357186
474.988272,0.359135
475.300708,0.361233
475.613143,0.363489
475.925578,0.365913
476.238013,0.368516
476.550449,0.371309
476.862884,0.374304
477.175319,0.377516
477.487754,0.380956
477.800190,0.384642
478.112625,0.388587
478.425060,0.392809
478.737495,0.397323
479.049931,0.402147
479.362366,0.407297
479.674801,0.412790
479.987236,0.418642
480.299672,0.424865
480.612107,0.431471
480.924542,0.438468
481.236977,0.445859
481.549413,0.453641
481.861848,0.461800
482.174283,0.470317
482.486718,0.479156
482.799154,0.488268
483.111589,0.497587
483.424024,0.507027
483.736459,0.516481
484.048895,0.525822
484.361330,0.534900
484.673765,0.543548
484.986200,0.551586
485.298636,0.558825
485.611071,0.565076
485.923506,0.570164
486.235941,0.573936
486.548376,0.576269
486.860812,0.577087
487.173247,0.576359
487.485682,0.574104
487.798117,0.570394
488.110553,0.565340
488.422988,0.559090
488.735423,0.551817
489.047858,0.543708
489.360294,0.534951
489.672729,0.525728
489.985164,0.516212
490.297599,0.506553
490.610035,0.496884
490.922470,0.487315
491.234905,0.477936
491.547340,0.468817
491.859776,0.460009
492.172211,0.451550
492.484646,0.443464
492.797081,0.435764
493.109517,0.428454
493.421952,0.421533
493.734387,0.414994
494.046822,0.408825
494.359258,0.403013
494.671693,0.397543
494.984128,0.392398
495.296563,0.387561
495.608999,0.383016
495.921434,0.378744
496.233869,0.374731
496.546304,0.370958
496.858740,0.367413
497.171175,0.364079
497.483610,0.360943
497.796045,0.357993
498.108481,0.355216
498.420916,0.352601
498.733351,0.350137
499.045786,0.347814
499.358222,0.345624
499.670657,0.343557
499.983092,0.341607
500.295527,0.339764
500.607963,0.338024
500.920398,0.336378
501.232833,0.334822
501.545268,0.333351
501.857704,0.331958
502.170139,0.330639
502.482574,0.329391
502.795009,0.328208
503.107445,0.327087
503.419880,0.326026
503.732315,0.325020
504.044750,0.324066
504.357186,0.323163
504.669621,0.322306
504.982056,0.321495
505.294491,0.320726
505.606927,0.319998
505.919362,0.319309
506.231797,0.318657
506.544232,0.318040
506.856668,0.317457
507.169103,0.316907
507.481538,0.316388
507.793973,0.315899
508.106409,0.315439
508.418844,0.315007
508.731279,0.314602
509.043714,0.314224
509.356150,0.313871
509.668585,0.313543
509.981020,0.313239
510.293455,0.312959
510.605891,0.312702
510.918326,0.312469
511.230761,0.312257
511.543196,0.312069
511.855632,0.311902
512.168067,0.311757
512.480502,0.311634
512.792937,0.311534
513.105373,0.311455
513.417808,0.311398
513.730243,0.311363
514.042678,0.311351
514.355114,0.311362
514.667549,0.311397
514.979984,0.311454
515.292419,0.311537
515.604855,0.311644
515.917290,0.311777
516.229725,0.311936
516.542160,0.312123
516.854596,0.312339
517.167031,0.312584
517.479466,0.312860
517.791901,0.313168
518.104336,0.313511
518.416772,0.313888
518.729207,0.314303
519.041642,0.314758
519.354077,0.315253
519.666513,0.315793
519.978948,0.316378
520.291383,0.317012
520.603818,0.317698
520.916254,0.318438
521.228689,0.319235
521.541124,0.320093
521.853559,0.321015
522.165995,0.322004
522.478430,0.323063
522.790865,0.324196
523.103300,0.325405
523.415736,0.326693
523.728171,0.328062
524.040606,0.329514
524.353041,0.331047
524.665477,0.332662
524.977912,0.334356
525.290347,0.336122
525.602782,0.337956
525.915218,0.339844
526.227653,0.341775
526.540088,0.343729
526.852523,0.345686
527.164959,0.347619
527.477394,0.349498
527.789829,0.351291
528.102264,0.352962
528.414700,0.354473
528.727135,0.355790
529.039570,0.356879
529.352005,0.357710
529.664441,0.358264
529.976876,0.358525
530.289311,0.358491
530.601746,0.358166
530.914182,0.357568
531.226617,0.356718
531.539052,0.355646
531.851487,0.354388
532.163923,0.352980
532.476358,0.351458
532.788793,0.349859
533.101228,0.348215
533.413664,0.346556
533.726099,0.344907
534.038534,0.343291
534.350969,0.341724
534.663405,0.340221
534.975840,0.338791
535.288275,0.337442
535.600710,0.336179
535.913146,0.335006
536.225581,0.333923
536.538016,0.332931
536.850451,0.332029
537.162887,0.331215
537.475322,0.330488
537.787757,0.329846
538.100192,0.329285
538.412628,0.328804
538.725063,0.328400
539.037498,0.328071
539.349933,0.327814
539.662369,0.327628
539.974804,0.327510
540.287239,0.327460
540.599674,0.327475
540.912110,0.327554
541.224545,0.327697
541.536980,0.327903
541.849415,0.328172
542.161851,0.328503
542.474286,0.328896
542.786721,0.329353
543.099156,0.329872
543.411592,0.330457
543.724027,0.331106
544.036462,0.331823
544.348897,0.332608
544.661333,0.333464
544.973768,0.334393
545.286203,0.335398
545.598638,0.336481
545.911074,0.337646
546.223509,0.338896
546.535944,0.340235
546.848379,0.341669
547.160815,0.343201
547.473250,0.344836
547.785685,0.346582
548.098120,0.348443
548.410556,0.350426
548.722991,0.352540
549.035426,0.354790
549.347861,0.357187
549.660296,0.359738
549.972732,0.362454
550.285167,0.365345
550.597602,0.368422
550.910037,0.371695
551.222473,0.375178
551.534908,0.378883
551.847343,0.382823
552.159778,0.387011
552.472214,0.391462
552.784649,0.396187
553.097084,0.401202
553.409519,0.406518
553.721955,0.412147
554.034390,0.418097
554.346825,0.424377
554.659260,0.430989
554.971696,0.437932
555.284131,0.445200
555.596566,0.452778
555.909001,0.460643
556.221437,0.468763
556.533872,0.477090
556.846307,0.485565
557.158742,0.494114
557.471178,0.502646
557.783613,0.511051
558.096048,0.519209
558.408483,0.526981
558.720919,0.534220
559.033354,0.540775
559.345789,0.546494
559.658224,0.551235
559.970660,0.554873
560.283095,0.557307
560.595530,0.558468
560.907965,0.558322
561.220401,0.556874
561.532836,0.554170
561.845271,0.550287
562.157706,0.545335
562.470142,0.539444
562.782577,0.532761
563.095012,0.525436
563.407447,0.517621
563.719883,0.509461
564.032318,0.501089
564.344753,0.492624
564.657188,0.484168
564.969624,0.475809
565.282059,0.467615
565.594494,0.459644
565.906929,0.451937
566.219365,0.444524
566.531800,0.437425
566.844235,0.430652
567.156670,0.424211
567.469106,0.418100
567.781541,0.412316
568.093976,0.406850
568.406411,0.401692
568.718847,0.396831
569.031282,0.392253
569.343717,0.387945
569.656152,0.383893
569.968588,0.380084
570.281023,0.376505
570.593458,0.373141
570.905893,0.369980
571.218329,0.367011
571.530764,0.364222
571.843199,0.361601
572.155634,0.359138
572.468070,0.356824
572.780505,0.354650
573.092940,0.352607
573.405375,0.350687
573.717811,0.348882
574.030246,0.347186
574.342681,0.345593
574.655116,0.344095
574.967552,0.342689
575.279987,0.341367
575.592422,0.340127
575.904857,0.338962
576.217293,0.337869
576.529728,0.336844
576.842163,0.335884
577.154598,0.334984
577.467034,0.334143
577.779469,0.333356
578.091904,0.332622
578.404339,0.331937
578.716775,0.331300
579.029210,0.330708
579.341645,0.330160
579.654080,0.329653
579.966516,0.329186
580.278951,0.328757
580.591386,0.328364
580.903821,0.328007
581.216256,0.327683
581.528692,0.327393
581.841127,0.327134
582.153562,0.326905
582.465997,0.326707
582.778433,0.326537
583.090868,0.326395
583.403303,0.326281
583.715738,0.326193
584.028174,0.326131
584.340609,0.326095
584.653044,0.326083
584.965479,0.326096
585.277915,0.326134
585.590350,0.326195
585.902785,0.326279
586.215220,0.326387
586.527656,0.326517
586.840091,0.326670
587.152526,0.326846
587.464961,0.327043
587.777397,0.327263
588.089832,0.327506
588.402267,0.327770
588.714702,0.328056
589.027138,0.328365
589.339573,0.328696
589.652008,0.329048
589.964443,0.329423
590.276879,0.329821
590.589314,0.330241
590.901749,0.330683
591.214184,0.331148
591.526620,0.331637
591.839055,0.332148
592.151490,0.332683
592.463925,0.333242
592.776361,0.333824
593.088796,0.334431
593.401231,0.335062
593.713666,0.335719
594.026102,0.336400
594.338537,0.337107
594.650972,0.337839
594.963407,0.338598
595.275843,0.339383
595.588278,0.340195
595.900713,0.341034
596.213148,0.341901
596.525584,0.342796
596.838019,0.343719
597.150454,0.344671
597.462889,0.345651
597.775325,0.346661
598.087760,0.347701
598.400195,0.348770
598.712630,0.349869
599.025066,0.350999
599.337501,0.352159
599.649936,0.353350
599.962371,0.354571
600.274807,0.355823
600.587242,0.357105
600.899677,0.358419
601.212112,0.359762
601.524548,0.361136
601.836983,0.362539
602.149418,0.363971
602.461853,0.365432
602.774289,0.366921
603.086724,0.368437
603.399159,0.369980
603.711594,0.371547
604.024030,0.373137
604.336465,0.374750
604.648900,0.376383
604.961335,0.378035
605.273771,0.379703
605.586206,0.381385
605.898641,0.383079
606.211076,0.384781
606.523512,0.386490
606.835947,0.388201
607.148382,0.389911
607.460817,0.391616
607.773253,0.393313
608.085688,0.394997
608.398123,0.396664
608.710558,0.398310
609.022994,0.399928
609.335429,0.401515
609.647864,0.403066
609.960299,0.404574
610.272735,0.406036
610.585170,0.407445
610.897605,0.408795
611.210040,0.410083
611.522476,0.411302
611.834911,0.412448
612.147346,0.413515
612.459781,0.414498
612.772216,0.415394
613.084652,0.416198
613.397087,0.416907
613.709522,0.417517
614.021957,0.418025
614.334393,0.418429
614.646828,0.418727
614.959263,0.418917
615.271698,0.419000
615.584134,0.418975
615.896569,0.418842
616.209004,0.418603
616.521439,0.418258
616.833875,0.417810
617.146310,0.417262
617.458745,0.416616
617.771180,0.415877
618.083616,0.415048
618.396051,0.414133
618.708486,0.413137
619.020921,0.412065
619.333357,0.410922
619.645792,0.409712
619.958227,0.408443
620.270662,0.407118
620.583098,0.405743
620.895533,0.404325
621.207968,0.402867
621.520403,0.401375
621.832839,0.399855
622.145274,0.398311
622.457709,0.396748
622.770144,0.395171
623.082580,0.393584
623.395015,0.391992
623.707450,0.390398
624.019885,0.388805
624.332321,0.387218
624.644756,0.385639
624.957191,0.384072
625.269626,0.382520
625.582062,0.380984
625.894497,0.379467
626.206932,0.377972
626.519367,0.376499
626.831803,0.375052
627.144238,0.373630
627.456673,0.372237
627.769108,0.370872
628.081544,0.369537
628.393979,0.368233
628.706414,0.366960
629.018849,0.365720
629.331285,0.364512
629.643720,0.363338
629.956155,0.362197
630.268590,0.361090
630.581026,0.360017
630.893461,0.358978
631.205896,0.357973
631.518331,0.357003
631.830767,0.356067
632.143202,0.355165
632.455637,0.354297
632.768072,0.353464
633.080508,0.352664
633.392943,0.351899
633.705378,0.351166
634.017813,0.350468
634.330249,0.349803
634.642684,0.349171
634.955119,0.348572
635.267554,0.348006
635.579990,0.347473
635.892425,0.346973
636.204860,0.346505
636.517295,0.346070
636.829731,0.345668
637.142166,0.345297
637.454601,0.344959
637.767036,0.344654
638.079472,0.344381
638.391907,0.344140
638.704342,0.343932
639.016777,0.343757
639.329213,0.343615
639.641648,0.343505
639.954083,0.343429
640.266518,0.343387
640.578954,0.343378
640.891389,0.343404
641.203824,0.343464
641.516259,0.343560
641.828695,0.343691
642.141130,0.343858
642.453565,0.344062
642.766000,0.344303
643.078436,0.344582
643.390871,0.344901
643.703306,0.345259
644.015741,0.345658
644.328176,0.346099
644.640612,0.346582
644.953047,0.347110
645.265482,0.347683
645.577917,0.348302
645.890353,0.348969
646.202788,0.349685
646.515223,0.350453
646.827658,0.351273
647.140094,0.352148
647.452529,0.353080
647.764964,0.354070
648.077399,0.355121
648.389835,0.356235
648.702270,0.357415
649.014705,0.358663
649.327140,0.359982
649.639576,0.361375
649.952011,0.362845
650.264446,0.364395
650.576881,0.366029
650.889317,0.367751
651.201752,0.369564
651.514187,0.371473
651.826622,0.373482
652.139058,0.375594
652.451493,0.377816
652.763928,0.380152
653.076363,0.382606
653.388799,0.385185
653.701234,0.387895
654.013669,0.390740
654.326104,0.393727
654.638540,0.396861
654.950975,0.400151
655.263410,0.403601
655.575845,0.407218
655.888281,0.411009
656.200716,0.414980
656.513151,0.419138
656.825586,0.423489
657.138022,0.428038
657.450457,0.432792
657.762892,0.437754
658.075327,0.442928
658.387763,0.448318
658.700198,0.453925
659.012633,0.459749
659.325068,0.465788
659.637504,0.472038
659.949939,0.478493
660.262374,0.485141
660.574809,0.491971
660.887245,0.498965
661.199680,0.506102
661.512115,0.513354
661.824550,0.520691
662.136986,0.528074
662.449421,0.535462
662.761856,0.542805
663.074291,0.550048
663.386727,0.557132
663.699162,0.563992
664.011597,0.570559
664.324032,0.576760
664.636468,0.582523
664.948903,0.587774
665.261338,0.592443
665.573773,0.596462
665.886209,0.599772
666.198644,0.602321
666.511079,0.604066
666.823514,0.604978
667.135950,0.605041
667.448385,0.604251
667.760820,0.602619
668.073255,0.600170
668.385691,0.596940
668.698126,0.592977
669.010561,0.588338
669.322996,0.583088
669.635432,0.577294
669.947867,0.571030
670.260302,0.564370
670.572737,0.557385
670.885173,0.550147
671.197608,0.542721
671.510043,0.535170
671.822478,0.527550
672.134914,0.519914
672.447349,0.512306
672.759784,0.504765
673.072219,0.497327
673.384655,0.490018
673.697090,0.482864
674.009525,0.475882
674.321960,0.469087
674.634396,0.462492
674.946831,0.456102
675.259266,0.449925
675.571701,0.443961
675.884136,0.438213
676.196572,0.432679
676.509007,0.427356
676.821442,0.422241
677.133877,0.417329
677.446313,0.412615
677.758748,0.408094
678.071183,0.403759
678.383618,0.399604
678.696054,0.395622
679.008489,0.391807
679.320924,0.388152
679.633359,0.384651
679.945795,0.381296
680.258230,0.378082
680.570665,0.375002
680.883100,0.372051
681.195536,0.369222
681.507971,0.366511
681.820406,0.363911
682.132841,0.361417
682.445277,0.359024
682.757712,0.356728
683.070147,0.354525
683.382582,0.352409
683.695018,0.350377
684.007453,0.348424
684.319888,0.346547
684.632323,0.344743
684.944759,0.343008
685.257194,0.341339
685.569629,0.339733
685.882064,0.338186
686.194500,0.336697
686.506935,0.335262
686.819370,0.333880
687.131805,0.332547
687.444241,0.331261
687.756676,0.330021
688.069111,0.328824
688.381546,0.327669
688.693982,0.326553
689.006417,0.325476
689.318852,0.324434
689.631287,0.323428
689.943723,0.322454
690.256158,0.321513
690.568593,0.320602
690.881028,0.319720
691.193464,0.318866
691.505899,0.318039
691.818334,0.317238
692.130769,0.316462
692.443205,0.315709
692.755640,0.314979
693.068075,0.314272
693.380510,0.313585
693.692946,0.312918
694.005381,0.312271
694.317816,0.311643
694.630251,0.311033
694.942687,0.310440
695.255122,0.309864
695.567557,0.309304
695.879992,0.308759
696.192428,0.308229
696.504863,0.307714
696.817298,0.307213
697.129733,0.306724
697.442169,0.306249
697.754604,0.305787
698.067039,0.305336
698.379474,0.304897
698.691910,0.304469
699.004345,0.304052
699.316780,0.303645
699.629215,0.303249
699.941651,0.302862
700.254086,0.302485
700.566521,0.302117
700.878956,0.301758
701.191392,0.301407
701.503827,0.301065
701.816262,0.300730
702.128697,0.300404
702.441133,0.300085
702.753568,0.299773
703.066003,0.299469
703.378438,0.299171
703.690874,0.298880
704.003309,0.298595
704.315744,0.298317
704.628179,0.298044
704.940615,0.297778
705.253050,0.297517
705.565485,0.297262
705.877920,0.297012
706.190356,0.296768
706.502791,0.296529
706.815226,0.296294
707.127661,0.296065
707.440096,0.295840
707.752532,0.295619
708.064967,0.295403
708.377402,0.295192
708.689837,0.294984
709.002273,0.294781
709.314708,0.294581
709.627143,0.294386
709.939578,0.294194
710.252014,0.294006
710.564449,0.293821
710.876884,0.293640
711.189319,0.293462
711.501755,0.293288
711.814190,0.293117
