# rshift,intensity
80.543123,0.266716
80.855713,0.266717
81.168303,0.266718
81.480893,0.266718
81.793483,0.266719
82.106073,0.266720
82.418663,0.266721
82.731253,0.266722
83.043843,0.266722
83.356433,0.266723
83.669023,0.266724
83.981613,0.266725
84.294203,0.266726
84.606793,0.266726
84.919383,0.266727
85.231973,0.266728
85.544563,0.266729
85.857153,0.266730
86.169743,0.266730
86.482333,0.266731
86.794923,0.266732
87.107513,0.266733
87.420103,0.266734
87.732693,0.266734
88.045283,0.266735
88.357873,0.266736
88.670463,0.266737
88.983053,0.266738
89.295643,0.266739
89.608233,0.266739
89.920823,0.266740
90.233413,0.266741
90.546003,0.266742
90.858593,0.266743
91.171183,0.266744
91.483773,0.266745
91.796363,0.266745
92.108953,0.266746
92.421543,0.266747
92.734133,0.266748
93.046723,0.266749
93.359313,0.266750
93.671903,0.266751
93.984493,0.266751
94.297083,0.266752
94.609673,0.266753
94.922263,0.266754
95.234853,0.266755
95.547443,0.266756
95.860033,0.266757
96.172623,0.266757
96.485213,0.266758
96.797803,0.266759
97.110393,0.266760
97.422983,0.266761
97.735573,0.266762
98.048163,0.266763
98.360753,0.266764
98.673343,0.266765
98.985933,0.266766
99.298523,0.266766
99.611113,0.266767
99.923703,0.266768
100.236293,0.266769
100.548883,0.266770
100.861473,0.266771
101.174063,0.266772
101.486653,0.266773
101.799243,0.266774
102.111833,0.266775
102.424423,0.266776
102.737013,0.266777
103.049603,0.266777
103.362193,0.266778
103.674783,0.266779
103.987373,0.266780
104.299963,0.266781
104.612553,0.266782
104.925143,0.266783
105.237733,0.266784
105.550323,0.266785
105.862913,0.266786
106.175503,0.266787
106.488093,0.266788
106.800683,0.266789
107.113273,0.266790
107.425863,0.266791
107.738453,0.266792
108.051043,0.266793
108.363633,0.266794
108.676223,0.266795
108.988813,0.266796
109.301403,0.266797
109.613993,0.266798
109.926583,0.266799
110.239173,0.266800
110.551763,0.266801
110.864353,0.266802
111.176943,0.266803
111.489533,0.266804
111.802123,0.266805
112.114713,0.266806
112.427303,0.266807
112.739893,0.266808
113.052483,0.266809
113.365073,0.266810
113.677663,0.266811
113.990253,0.266812
114.302843,0.266813
114.615433,0.266814
114.928023,0.266815
115.240613,0.266816
115.553203,0.266817
115.865793,0.266818
116.178383,0.266819
116.490973,0.266820
116.803563,0.266821
117.116153,0.266822
117.428743,0.266823
117.741333,0.266824
118.053923,0.266825
118.366513,0.266826
118.679103,0.266827
118.991693,0.266828
119.304283,0.266829
119.616873,0.266831
119.929463,0.266832
120.242053,0.266833
120.554643,0.266834
120.867233,0.266835
121.179822,0.266836
121.492412,0.266837
121.805002,0.266838
122.117592,0.266839
122.430182,0.266840
122.742772,0.266841
123.055362,0.266843
123.367952,0.266844
123.680542,0.266845
123.993132,0.266846
124.305722,0.266847
124.618312,0.266848
124.930902,0.266849
125.243492,0.266850
125.556082,0.266852
125.868672,0.266853
126.181262,0.266854
126.493852,0.266855
126.806442,0.266856
127.119032,0.266857
127.431622,0.266858
127.744212,0.266860
128.056802,0.266861
128.369392,0.266862
128.681982,0.266863
128.994572,0.266864
129.307162,0.266865
129.619752,0.266867
129.932342,0.266868
130.244932,0.266869
130.557522,0.266870
130.870112,0.266871
131.182702,0.266872
131.495292,0.266874
131.807882,0.266875
132.120472,0.266876
132.433062,0.266877
132.745652,0.266878
133.058242,0.266880
133.370832,0.266881
133.683422,0.266882
133.996012,0.266883
134.308602,0.266885
134.621192,0.266886
134.933782,0.266887
135.246372,0.266888
135.558962,0.266889
135.871552,0.266891
136.184142,0.266892
136.496732,0.266893
136.809322,0.266894
137.121912,0.266896
137.434502,0.266897
137.747092,0.266898
138.059682,0.266899
138.372272,0.266901
138.684862,0.266902
138.997452,0.266903
139.310042,0.266905
139.622632,0.266906
139.935222,0.266907
140.247812,0.266908
140.560402,0.266910
140.872992,0.266911
141.185582,0.266912
141.498172,0.266914
141.810762,0.266915
142.123352,0.266916
142.435942,0.266918
142.748532,0.266919
143.061122,0.266920
143.373712,0.266922
143.686302,0.266923
143.998892,0.266924
144.311482,0.266926
144.624072,0.266927
144.936662,0.266928
145.249252,0.266930
145.561842,0.266931
145.874432,0.266932
146.187022,0.266934
146.499612,0.266935
146.812202,0.266936
147.124792,0.266938
147.437382,0.266939
147.749972,0.266941
148.062562,0.266942
148.375152,0.266943
148.687742,0.266945
149.000332,0.266946
149.312922,0.266948
149.625512,0.266949
149.938102,0.266950
150.250692,0.266952
150.563282,0.266953
150.875872,0.266955
151.188462,0.266956
151.501052,0.266958
151.813642,0.266959
152.126232,0.266961
152.438822,0.266962
152.751412,0.266963
153.064002,0.266965
153.376592,0.266966
153.689182,0.266968
154.001772,0.266969
154.314362,0.266971
154.626952,0.266972
154.939542,0.266974
155.252132,0.266975
155.564722,0.266977
155.877312,0.266978
156.189902,0.266980
156.502492,0.266981
156.815082,0.266983
157.127672,0.266984
157.440262,0.266986
157.752852,0.266987
158.065442,0.266989
158.378032,0.266990
158.690622,0.266992
159.003212,0.266994
159.315802,0.266995
159.628392,0.266997
159.940982,0.266998
160.253572,0.267000
160.566162,0.267001
160.878752,0.267003
161.191342,0.267004
161.503932,0.267006
161.816522,0.267008
162.129112,0.267009
162.441702,0.267011
162.754292,0.267012
163.066882,0.267014
163.379472,0.267016
163.692062,0.267017
164.004652,0.267019
164.317242,0.267021
164.629832,0.267022
164.942422,0.267024
165.255012,0.267026
165.567602,0.267027
165.880192,0.267029
166.192782,0.267031
166.505372,0.267032
166.817962,0.267034
167.130552,0.267036
167.443142,0.267037
167.755732,0.267039
168.068322,0.267041
168.380912,0.267042
168.693502,0.267044
169.006092,0.267046
169.318682,0.267047
169.631272,0.267049
169.943862,0.267051
170.256452,0.267053
170.569042,0.267054
170.881632,0.267056
171.194222,0.267058
171.506812,0.267060
171.819402,0.267061
172.131992,0.267063
172.444582,0.267065
172.757172,0.267067
173.069762,0.267069
173.382352,0.267070
173.694942,0.267072
174.007532,0.267074
174.320122,0.267076
174.632712,0.267078
174.945302,0.267079
175.257892,0.267081
175.570482,0.267083
175.883072,0.267085
176.195662,0.267087
176.508252,0.267089
176.820842,0.267091
177.133432,0.267092
177.446022,0.267094
177.758612,0.267096
178.071202,0.267098
178.383792,0.267100
178.696382,0.267102
179.008972,0.267104
179.321562,0.267106
179.634152,0.267108
179.946742,0.267109
180.259332,0.267111
180.571922,0.267113
180.884512,0.267115
181.197102,0.267117
181.509692,0.267119
181.822282,0.267121
182.134872,0.267123
182.447462,0.267125
182.760052,0.267127
183.072642,0.267129
183.385232,0.267131
183.697822,0.267133
184.010412,0.267135
184.323001,0.267137
184.635591,0.267139
184.948181,0.267141
185.260771,0.267143
185.573361,0.267145
185.885951,0.267147
186.198541,0.267149
186.511131,0.267151
186.823721,0.267154
187.136311,0.267156
187.448901,0.267158
187.761491,0.267160
188.074081,0.267162
188.386671,0.267164
188.699261,0.267166
189.011851,0.267168
189.324441,0.267170
189.637031,0.267173
189.949621,0.267175
190.262211,0.267177
190.574801,0.267179
190.887391,0.267181
191.199981,0.267183
191.512571,0.267186
191.825161,0.267188
192.137751,0.267190
192.450341,0.267192
192.762931,0.267194
193.075521,0.267197
193.388111,0.267199
193.700701,0.267201
194.013291,0.267203
194.325881,0.267206
194.638471,0.267208
194.951061,0.267210
195.263651,0.267213
195.576241,0.267215
195.888831,0.267217
196.201421,0.267219
196.514011,0.267222
196.826601,0.267224
197.139191,0.267226
197.451781,0.267229
197.764371,0.267231
198.076961,0.267233
198.389551,0.267236
198.702141,0.267238
199.014731,0.267241
199.327321,0.267243
199.639911,0.267245
199.952501,0.267248
200.265091,0.267250
200.577681,0.267253
200.890271,0.267255
201.202861,0.267258
201.515451,0.267260
201.828041,0.267263
202.140631,0.267265
202.453221,0.267267
202.765811,0.267270
203.078401,0.267272
203.390991,0.267275
203.703581,0.267278
204.016171,0.267280
204.328761,0.267283
204.641351,0.267285
204.953941,0.267288
205.266531,0.267290
205.579121,0.267293
205.891711,0.267295
206.204301,0.267298
206.516891,0.267301
206.829481,0.267303
207.142071,0.267306
207.454661,0.267309
207.767251,0.267311
208.079841,0.267314
208.392431,0.267317
208.705021,0.267319
209.017611,0.267322
209.330201,0.267325
209.642791,0.267327
209.955381,0.267330
210.267971,0.267333
210.580561,0.267336
210.893151,0.267338
211.205741,0.267341
211.518331,0.267344
211.830921,0.267347
212.143511,0.267349
212.456101,0.267352
212.768691,0.267355
213.081281,0.267358
213.393871,0.267361
213.706461,0.267364
214.019051,0.267366
214.331641,0.267369
214.644231,0.267372
214.956821,0.267375
215.269411,0.267378
215.582001,0.267381
215.894591,0.267384
216.207181,0.267387
216.519771,0.267390
216.832361,0.267393
217.144951,0.267396
217.457541,0.267399
217.770131,0.267402
218.082721,0.267405
218.395311,0.267408
218.707901,0.267411
219.020491,0.267414
219.333081,0.267417
219.645671,0.267420
219.958261,0.267423
220.270851,0.267426
220.583441,0.267429
220.896031,0.267433
221.208621,0.267436
221.521211,0.267439
221.833801,0.267442
222.146391,0.267445
222.458981,0.267448
222.771571,0.267452
223.084161,0.267455
223.396751,0.267458
223.709341,0.267461
224.021931,0.267465
224.334521,0.267468
224.647111,0.267471
224.959701,0.267474
225.272291,0.267478
225.584881,0.267481
225.897471,0.267484
226.210061,0.267488
226.522651,0.267491
226.835241,0.267494
227.147831,0.267498
227.460421,0.267501
227.773011,0.267505
228.085601,0.267508
228.398191,0.267512
228.710781,0.267515
229.023371,0.267519
229.335961,0.267522
229.648551,0.267526
229.961141,0.267529
230.273731,0.267533
230.586321,0.267536
230.898911,0.267540
231.211501,0.267543
231.524091,0.267547
231.836681,0.267551
232.149271,0.267554
232.461861,0.267558
232.774451,0.267562
233.087041,0.267565
233.399631,0.267569
233.712221,0.267573
234.024811,0.267576
234.337401,0.267580
234.649991,0.267584
234.962581,0.267588
235.275171,0.267592
235.587761,0.267595
235.900351,0.267599
236.212941,0.267603
236.525531,0.267607
236.838121,0.267611
237.150711,0.267615
237.463301,0.267619
237.775891,0.267623
238.088481,0.267626
238.401071,0.267630
238.713661,0.267634
239.026251,0.267638
239.338841,0.267642
239.651431,0.267647
239.964021,0.267651
240.276611,0.267655
240.589201,0.267659
240.901791,0.267663
241.214381,0.267667
241.526971,0.267671
241.839561,0.267675
242.152151,0.267680
242.464741,0.267684
242.777331,0.267688
243.089921,0.267692
243.402511,0.267696
243.715101,0.267701
244.027691,0.267705
244.340281,0.267709
244.652871,0.267714
244.965461,0.267718
245.278051,0.267722
245.590641,0.267727
245.903231,0.267731
246.215821,0.267736
246.528411,0.267740
246.841001,0.267745
247.153591,0.267749
247.466180,0.267754
247.778770,0.267758
248.091360,0.267763
248.403950,0.267768
248.716540,0.267772
249.029130,0.267777
249.341720,0.267781
249.654310,0.267786
249.966900,0.267791
250.279490,0.267796
250.592080,0.267800
250.904670,0.267805
251.217260,0.267810
251.529850,0.267815
251.842440,0.267820
252.155030,0.267824
252.467620,0.267829
252.780210,0.267834
253.092800,0.267839
253.405390,0.267844
253.717980,0.267849
254.030570,0.267854
254.343160,0.267859
254.655750,0.267864
254.968340,0.267869
255.280930,0.267874
255.593520,0.267879
255.906110,0.267885
256.218700,0.267890
256.531290,0.267895
256.843880,0.267900
257.156470,0.267906
257.469060,0.267911
257.781650,0.267916
258.094240,0.267921
258.406830,0.267927
258.719420,0.267932
259.032010,0.267938
259.344600,0.267943
259.657190,0.267949
259.969780,0.267954
260.282370,0.267960
260.594960,0.267965
260.907550,0.267971
261.220140,0.267976
261.532730,0.267982
261.845320,0.267988
262.157910,0.267993
262.470500,0.267999
262.783090,0.268005
263.095680,0.268011
263.408270,0.268016
263.720860,0.268022
264.033450,0.268028
264.346040,0.268034
264.658630,0.268040
264.971220,0.268046
265.283810,0.268052
265.596400,0.268058
265.908990,0.268064
266.221580,0.268070
266.534170,0.268076
266.846760,0.268083
267.159350,0.268089
267.471940,0.268095
267.784530,0.268101
268.097120,0.268108
268.409710,0.268114
268.722300,0.268120
269.034890,0.268127
269.347480,0.268133
269.660070,0.268139
269.972660,0.268146
270.285250,0.268153
270.597840,0.268159
270.910430,0.268166
271.223020,0.268172
271.535610,0.268179
271.848200,0.268186
272.160790,0.268192
272.473380,0.268199
272.785970,0.268206
273.098560,0.268213
273.411150,0.268220
273.723740,0.268227
274.036330,0.268234
274.348920,0.268241
274.661510,0.268248
274.974100,0.268255
275.286690,0.268262
275.599280,0.268269
275.911870,0.268276
276.224460,0.268284
276.537050,0.268291
276.849640,0.268298
277.162230,0.268306
277.474820,0.268313
277.787410,0.268320
278.100000,0.268328
278.412590,0.268336
278.725180,0.268343
279.037770,0.268351
279.350360,0.268358
279.662950,0.268366
279.975540,0.268374
280.288130,0.268382
280.600720,0.268390
280.913310,0.268397
281.225900,0.268405
281.538490,0.268413
281.851080,0.268421
282.163670,0.268429
282.476260,0.268438
282.788850,0.268446
283.101440,0.268454
283.414030,0.268462
283.726620,0.268471
284.039210,0.268479
284.351800,0.268487
284.664390,0.268496
284.976980,0.268504
285.289570,0.268513
285.602160,0.268522
285.914750,0.268530
286.227340,0.268539
286.539930,0.268548
286.852520,0.268557
287.165110,0.268565
287.477700,0.268574
287.790290,0.268583
288.102880,0.268592
288.415470,0.268601
288.728060,0.268611
289.040650,0.268620
289.353240,0.268629
289.665830,0.268638
289.978420,0.268648
290.291010,0.268657
290.603600,0.268667
290.916190,0.268676
291.228780,0.268686
291.541370,0.268696
291.853960,0.268705
292.166550,0.268715
292.479140,0.268725
292.791730,0.268735
293.104320,0.268745
293.416910,0.268755
293.729500,0.268765
294.042090,0.268775
294.354680,0.268786
294.667270,0.268796
294.979860,0.268806
295.292450,0.268817
295.605040,0.268827
295.917630,0.268838
296.230220,0.268848
296.542810,0.268859
296.855400,0.268870
297.167990,0.268881
297.480580,0.268892
297.793170,0.268903
298.105760,0.268914
298.418350,0.268925
298.730940,0.268936
299.043530,0.268947
299.356120,0.268959
299.668710,0.268970
299.981300,0.268982
300.293890,0.268993
300.606480,0.269005
300.919070,0.269017
301.231660,0.269029
301.544250,0.269041
301.856840,0.269053
302.169430,0.269065
302.482020,0.269077
302.794610,0.269089
303.107200,0.269101
303.419790,0.269114
303.732380,0.269126
304.044970,0.269139
304.357560,0.269151
304.670150,0.269164
304.982740,0.269177
305.295330,0.269190
305.607920,0.269203
305.920510,0.269216
306.233100,0.269229
306.545690,0.269243
306.858280,0.269256
307.170870,0.269269
307.483460,0.269283
307.796050,0.269297
308.108640,0.269311
308.421230,0.269324
308.733820,0.269338
309.046410,0.269352
309.359000,0.269367
309.671590,0.269381
309.984180,0.269395
310.296770,0.269410
310.609359,0.269424
310.921949,0.269439
311.234539,0.269454
311.547129,0.269469
311.859719,0.269484
312.172309,0.269499
312.484899,0.269514
312.797489,0.269530
313.110079,0.269545
313.422669,0.269561
313.735259,0.269576
314.047849,0.269592
314.360439,0.269608
314.673029,0.269624
314.985619,0.269640
315.298209,0.269657
315.610799,0.269673
315.923389,0.269690
316.235979,0.269707
316.548569,0.269723
316.861159,0.269740
317.173749,0.269757
317.486339,0.269775
317.798929,0.269792
318.111519,0.269809
318.424109,0.269827
318.736699,0.269845
319.049289,0.269863
319.361879,0.269881
319.674469,0.269899
319.987059,0.269917
320.299649,0.269936
320.612239,0.269954
320.924829,0.269973
321.237419,0.269992
321.550009,0.270011
321.862599,0.270030
322.175189,0.270050
322.487779,0.270069
322.800369,0.270089
323.112959,0.270109
323.425549,0.270129
323.738139,0.270149
324.050729,0.270170
324.363319,0.270190
324.675909,0.270211
324.988499,0.270232
325.301089,0.270253
325.613679,0.270274
325.926269,0.270295
326.238859,0.270317
326.551449,0.270339
326.864039,0.270361
327.176629,0.270383
327.489219,0.270405
327.801809,0.270428
328.114399,0.270451
328.426989,0.270473
328.739579,0.270497
329.052169,0.270520
329.364759,0.270543
329.677349,0.270567
329.989939,0.270591
330.302529,0.270615
330.615119,0.270640
330.927709,0.270664
331.240299,0.270689
331.552889,0.270714
331.865479,0.270739
332.178069,0.270765
332.490659,0.270790
332.803249,0.270816
333.115839,0.270843
333.428429,0.270869
333.741019,0.270896
334.053609,0.270923
334.366199,0.270950
334.678789,0.270977
334.991379,0.271005
335.303969,0.271033
335.616559,0.271061
335.929149,0.271089
336.241739,0.271118
336.554329,0.271147
336.866919,0.271176
337.179509,0.271206
337.492099,0.271236
337.804689,0.271266
338.117279,0.271296
338.429869,0.271327
338.742459,0.271358
339.055049,0.271389
339.367639,0.271421
339.680229,0.271453
339.992819,0.271485
340.305409,0.271517
340.617999,0.271550
340.930589,0.271583
341.243179,0.271617
341.555769,0.271651
341.868359,0.271685
342.180949,0.271719
342.493539,0.271754
342.806129,0.271790
343.118719,0.271825
343.431309,0.271861
343.743899,0.271897
344.056489,0.271934
344.369079,0.271971
344.681669,0.272009
344.994259,0.272046
345.306849,0.272085
345.619439,0.272123
345.932029,0.272162
346.244619,0.272202
346.557209,0.272242
346.869799,0.272282
347.182389,0.272323
347.494979,0.272364
347.807569,0.272406
348.120159,0.272448
348.432749,0.272490
348.745339,0.272533
349.057929,0.272577
349.370519,0.272621
349.683109,0.272665
349.995699,0.272710
350.308289,0.272756
350.620879,0.272802
350.933469,0.272848
351.246059,0.272895
351.558649,0.272943
351.871239,0.272991
352.183829,0.273040
352.496419,0.273089
352.809009,0.273139
353.121599,0.273189
353.434189,0.273240
353.746779,0.273291
354.059369,0.273343
354.371959,0.273396
354.684549,0.273450
354.997139,0.273504
355.309729,0.273558
355.622319,0.273614
355.934909,0.273670
356.247499,0.273726
356.560089,0.273784
356.872679,0.273842
357.185269,0.273900
357.497859,0.273960
357.810449,0.274020
358.123039,0.274081
358.435629,0.274143
358.748219,0.274205
359.060809,0.274269
359.373399,0.274333
359.685989,0.274398
359.998579,0.274463
360.311169,0.274530
360.623759,0.274598
360.936349,0.274666
361.248939,0.274735
361.561529,0.274805
361.874119,0.274876
362.186709,0.274948
362.499299,0.275021
362.811889,0.275095
363.124479,0.275170
363.437069,0.275246
363.749659,0.275323
364.062249,0.275401
364.374839,0.275480
364.687429,0.275560
365.000019,0.275642
365.312609,0.275724
365.625199,0.275808
365.937789,0.275892
366.250379,0.275978
366.562969,0.276065
366.875559,0.276154
367.188149,0.276243
367.500739,0.276334
367.813329,0.276427
368.125919,0.276520
368.438509,0.276615
368.751099,0.276712
369.063689,0.276809
369.376279,0.276909
369.688869,0.277009
370.001459,0.277112
370.314049,0.277215
370.626639,0.277321
370.939229,0.277428
371.251819,0.277536
371.564409,0.277647
371.876999,0.277759
372.189589,0.277873
372.502179,0.277988
372.814769,0.278106
373.127359,0.278225
373.439949,0.278346
373.752538,0.278469
374.065128,0.278594
374.377718,0.278721
374.690308,0.278851
375.002898,0.278982
375.315488,0.279116
375.628078,0.279251
375.940668,0.279389
376.253258,0.279530
376.565848,0.279672
376.878438,0.279818
377.191028,0.279965
377.503618,0.280115
377.816208,0.280268
378.128798,0.280424
378.441388,0.280582
378.753978,0.280743
379.066568,0.280907
379.379158,0.281074
379.691748,0.281244
380.004338,0.281417
380.316928,0.281593
380.629518,0.281772
380.942108,0.281955
381.254698,0.282141
381.567288,0.282330
381.879878,0.282523
382.192468,0.282720
382.505058,0.282921
382.817648,0.283125
383.130238,0.283334
383.442828,0.283546
383.755418,0.283763
384.068008,0.283984
384.380598,0.284209
384.693188,0.284439
385.005778,0.284673
385.318368,0.284913
385.630958,0.285157
385.943548,0.285406
386.256138,0.285661
386.568728,0.285921
386.881318,0.286186
387.193908,0.286457
387.506498,0.286734
387.819088,0.287016
388.131678,0.287305
388.444268,0.287600
388.756858,0.287902
389.069448,0.288211
389.382038,0.288526
389.694628,0.288849
390.007218,0.289179
390.319808,0.289516
390.632398,0.289861
390.944988,0.290215
391.257578,0.290576
391.570168,0.290947
391.882758,0.291326
392.195348,0.291714
392.507938,0.292112
392.820528,0.292519
393.133118,0.292937
393.445708,0.293365
393.758298,0.293804
394.070888,0.294254
394.383478,0.294715
394.696068,0.295189
395.008658,0.295674
395.321248,0.296173
395.633838,0.296685
395.946428,0.297210
396.259018,0.297750
396.571608,0.298304
396.884198,0.298874
397.196788,0.299459
397.509378,0.300061
397.821968,0.300680
398.134558,0.301317
398.447148,0.301972
398.759738,0.302646
399.072328,0.303340
399.384918,0.304055
399.697508,0.304791
400.010098,0.305549
400.322688,0.306331
400.635278,0.307137
400.947868,0.307968
401.260458,0.308825
401.573048,0.309710
401.885638,0.310624
402.198228,0.311567
402.510818,0.312541
402.823408,0.313548
403.135998,0.314589
403.448588,0.315665
403.761178,0.316778
404.073768,0.317930
404.386358,0.319123
404.698948,0.320358
405.011538,0.321638
405.324128,0.322965
405.636718,0.324341
405.949308,0.325768
406.261898,0.327249
406.574488,0.328787
406.887078,0.330384
407.199668,0.332044
407.512258,0.333771
407.824848,0.335566
408.137438,0.337435
408.450028,0.339381
408.762618,0.341409
409.075208,0.343522
409.387798,0.345727
409.700388,0.348027
410.012978,0.350428
410.325568,0.352937
410.638158,0.355560
410.950748,0.358303
411.263338,0.361173
411.575928,0.364180
411.888518,0.367330
412.201108,0.370633
412.513698,0.374100
412.826288,0.377739
413.138878,0.381563
413.451468,0.385583
413.764058,0.389814
414.076648,0.394269
414.389238,0.398963
414.701828,0.403912
415.014418,0.409136
415.327008,0.414654
415.639598,0.420486
415.952188,0.426655
416.264778,0.433186
416.577368,0.440106
416.889958,0.447444
417.202548,0.455232
417.515138,0.463503
417.827728,0.472295
418.140318,0.481649
418.452908,0.491606
418.765498,0.502216
419.078088,0.513528
419.390678,0.525598
419.703268,0.538484
420.015858,0.552250
420.328448,0.566962
420.641038,0.582693
420.953628,0.599518
421.266218,0.617516
421.578808,0.636769
421.891398,0.657360
422.203988,0.679372
422.516578,0.702887
422.829168,0.727979
423.141758,0.754716
423.454348,0.783150
423.766938,0.813312
424.079528,0.845204
424.392118,0.878792
424.704708,0.913988
425.017298,0.950646
425.329888,0.988541
425.642478,1.027361
425.955068,1.066690
426.267658,1.106002
426.580248,1.144658
426.892838,1.181909
427.205428,1.216914
427.518018,1.248772
427.830608,1.276562
428.143198,1.299400
428.455788,1.316503
428.768378,1.327249
429.080968,1.331235
429.393558,1.328311
429.706148,1.318597
430.018738,1.302471
430.331328,1.280532
430.643918,1.253550
430.956508,1.222401
431.269098,1.188004
431.581688,1.151267
431.894278,1.113039
432.206868,1.074079
432.519458,1.035041
432.832048,0.996464
433.144638,0.958774
433.457228,0.922297
433.769818,0.887265
434.082408,0.853835
434.394998,0.822099
434.707588,0.792099
435.020178,0.763836
435.332768,0.737281
435.645358,0.712386
435.957948,0.689086
436.270538,0.667306
436.583128,0.646967
436.895717,0.627986
437.208307,0.610280
437.520897,0.593768
437.833487,0.578373
438.146077,0.564017
438.458667,0.550632
438.771257,0.538149
439.083847,0.526506
439.396437,0.515644
439.709027,0.505510
440.021617,0.496054
440.334207,0.487229
440.646797,0.478993
440.959387,0.471306
441.271977,0.464133
441.584567,0.457442
441.897157,0.451201
442.209747,0.445383
442.522337,0.439964
442.834927,0.434921
443.147517,0.430233
443.460107,0.425881
443.772697,0.421847
444.085287,0.418118
444.397877,0.414678
444.710467,0.411516
445.023057,0.408620
445.335647,0.405981
445.648237,0.403589
445.960827,0.401437
446.273417,0.399517
446.586007,0.397824
446.898597,0.396352
447.211187,0.395097
447.523777,0.394054
447.836367,0.393218
448.148957,0.392587
448.461547,0.392155
448.774137,0.391918
449.086727,0.391872
449.399317,0.392010
449.711907,0.392326
450.024497,0.392812
450.337087,0.393456
450.649677,0.394246
450.962267,0.395166
451.274857,0.396198
451.587447,0.397320
451.900037,0.398505
452.212627,0.399724
452.525217,0.400943
452.837807,0.402126
453.150397,0.403232
453.462987,0.404220
453.775577,0.405048
454.088167,0.405676
454.400757,0.406064
454.713347,0.406181
455.025937,0.406000
455.338527,0.405501
455.651117,0.404675
455.963707,0.403522
456.276297,0.402052
456.588887,0.400282
456.901477,0.398239
457.214067,0.395955
457.526657,0.393466
457.839247,0.390810
458.151837,0.388027
458.464427,0.385155
458.777017,0.382230
459.089607,0.379286
459.402197,0.376353
459.714787,0.373455
460.027377,0.370614
460.339967,0.367849
460.652557,0.365174
460.965147,0.362599
461.277737,0.360134
461.590327,0.357783
461.902917,0.355550
462.215507,0.353437
462.528097,0.351445
462.840687,0.349574
463.153277,0.347821
463.465867,0.346185
463.778457,0.344664
464.091047,0.343255
464.403637,0.341955
464.716227,0.340761
465.028817,0.339670
465.341407,0.338681
465.653997,0.337789
465.966587,0.336994
466.279177,0.336292
466.591767,0.335682
466.904357,0.335163
467.216947,0.334732
467.529537,0.334389
467.842127,0.334134
468.154717,0.333965
468.467307,0.333884
468.779897,0.333889
469.092487,0.333982
469.405077,0.334164
469.717667,0.334435
470.030257,0.334799
470.342847,0.335256
470.655437,0.335810
470.968027,0.336464
471.280617,0.337221
471.593207,0.338084
471.905797,0.339060
472.218387,0.340152
472.530977,0.341366
472.843567,0.342708
473.156157,0.344187
473.468747,0.345808
473.781337,0.347581
474.093927,0.349515
474.406517,0.351620
474.719107,0.353906
475.031697,0.356387
475.344287,0.359074
475.656877,0.361982
475.969467,0.365126
476.282057,0.368520
476.594647,0.372183
476.907237,0.376132
477.219827,0.380384
477.532417,0.384960
477.845007,0.389878
478.157597,0.395156
478.470187,0.400813
478.782777,0.406865
479.095367,0.413325
479.407957,0.420202
479.720547,0.427502
480.033137,0.435220
480.345727,0.443344
480.658317,0.451848
480.970907,0.460690
481.283497,0.469813
481.596087,0.479134
481.908677,0.488551
482.221267,0.497934
482.533857,0.507127
482.846447,0.515950
483.159037,0.524205
483.471627,0.531680
483.784217,0.538161
484.096807,0.543444
484.409397,0.547348
484.721987,0.549732
485.034577,0.550504
485.347167,0.549629
485.659757,0.547134
485.972347,0.543105
486.284937,0.537677
486.597527,0.531027
486.910117,0.523355
487.222707,0.514877
487.535297,0.505803
487.847887,0.496335
488.160477,0.486655
488.473067,0.476920
488.785657,0.467264
489.098247,0.457792
489.410837,0.448590
489.723427,0.439716
490.036017,0.431215
490.348607,0.423113
490.661197,0.415424
490.973787,0.408152
491.286377,0.401294
491.598967,0.394841
491.911557,0.388779
492.224147,0.383091
492.536737,0.377760
492.849327,0.372767
493.161917,0.368091
493.474507,0.363715
493.787097,0.359618
494.099687,0.355784
494.412277,0.352193
494.724867,0.348831
495.037457,0.345681
495.350047,0.342729
495.662637,0.339961
495.975227,0.337364
496.287817,0.334928
496.600407,0.332640
496.912997,0.330491
497.225587,0.328471
497.538177,0.326573
497.850767,0.324787
498.163357,0.323108
498.475947,0.321527
498.788537,0.320039
499.101127,0.318638
499.413717,0.317319
499.726306,0.316077
500.038896,0.314908
500.351486,0.313807
500.664076,0.312772
500.976666,0.311797
501.289256,0.310882
501.601846,0.310021
501.914436,0.309214
502.227026,0.308458
502.539616,0.307750
502.852206,0.307088
503.164796,0.306472
503.477386,0.305899
503.789976,0.305368
504.102566,0.304879
504.415156,0.304429
504.727746,0.304018
505.040336,0.303645
505.352926,0.303311
505.665516,0.303014
505.978106,0.302754
506.290696,0.302532
506.603286,0.302346
506.915876,0.302198
507.228466,0.302088
507.541056,0.302015
507.853646,0.301981
508.166236,0.301986
508.478826,0.302031
508.791416,0.302116
509.104006,0.302242
509.416596,0.302410
509.729186,0.302620
510.041776,0.302872
510.354366,0.303168
510.666956,0.303506
510.979546,0.303887
511.292136,0.304309
511.604726,0.304770
511.917316,0.305267
512.229906,0.305797
512.542496,0.306354
512.855086,0.306932
513.167676,0.307523
513.480266,0.308116
513.792856,0.308701
514.105446,0.309264
514.418036,0.309792
514.730626,0.310269
515.043216,0.310681
515.355806,0.311012
515.668396,0.311251
515.980986,0.311387
516.293576,0.311412
516.606166,0.311322
516.918756,0.311117
517.231346,0.310802
517.543936,0.310383
517.856526,0.309872
518.169116,0.309280
518.481706,0.308623
518.794296,0.307915
519.106886,0.307171
519.419476,0.306404
519.732066,0.305627
520.044656,0.304851
520.357246,0.304086
520.669836,0.303338
520.982426,0.302615
521.295016,0.301921
521.607606,0.301259
521.920196,0.300632
522.232786,0.300041
522.545376,0.299487
522.857966,0.298971
523.170556,0.298491
523.483146,0.298048
523.795736,0.297639
524.108326,0.297265
524.420916,0.296924
524.733506,0.296614
525.046096,0.296335
525.358686,0.296086
525.671276,0.295864
525.983866,0.295670
526.296456,0.295501
526.609046,0.295357
526.921636,0.295237
527.234226,0.295140
527.546816,0.295064
527.859406,0.295011
528.171996,0.294978
528.484586,0.294965
528.797176,0.294971
529.109766,0.294997
529.422356,0.295041
529.734946,0.295104
530.047536,0.295184
530.360126,0.295283
530.672716,0.295399
530.985306,0.295532
531.297896,0.295683
531.610486,0.295851
531.923076,0.296037
532.235666,0.296240
532.548256,0.296460
532.860846,0.296698
533.173436,0.296954
533.486026,0.297228
533.798616,0.297521
534.111206,0.297832
534.423796,0.298162
534.736386,0.298512
535.048976,0.298882
535.361566,0.299272
535.674156,0.299684
535.986746,0.300117
536.299336,0.300572
536.611926,0.301051
536.924516,0.301553
537.237106,0.302080
537.549696,0.302633
537.862286,0.303212
538.174876,0.303819
538.487466,0.304454
538.800056,0.305120
539.112646,0.305816
539.425236,0.306545
539.737826,0.307308
540.050416,0.308106
540.363006,0.308942
540.675596,0.309816
540.988186,0.310730
541.300776,0.311688
541.613366,0.312689
541.925956,0.313738
542.238546,0.314836
542.551136,0.315985
542.863726,0.317189
543.176316,0.318450
543.488906,0.319771
543.801496,0.321155
544.114086,0.322605
544.426676,0.324126
544.739266,0.325721
545.051856,0.327394
545.364446,0.329149
545.677036,0.330990
545.989626,0.332923
546.302216,0.334952
546.614806,0.337082
546.927396,0.339320
547.239986,0.341670
547.552576,0.344138
547.865166,0.346731
548.177756,0.349456
548.490346,0.352318
548.802936,0.355325
549.115526,0.358483
549.428116,0.361799
549.740706,0.365280
550.053296,0.368934
550.365886,0.372765
550.678476,0.376782
550.991066,0.380988
551.303656,0.385388
551.616246,0.389987
551.928836,0.394785
552.241426,0.399785
552.554016,0.404983
552.866606,0.410376
553.179196,0.415957
553.491786,0.421713
553.804376,0.427630
554.116966,0.433688
554.429556,0.439861
554.742146,0.446118
555.054736,0.452420
555.367326,0.458723
555.679916,0.464976
555.992506,0.471120
556.305096,0.477091
556.617686,0.482820
556.930276,0.488232
557.242866,0.493253
557.555456,0.497804
557.868046,0.501813
558.180636,0.505209
558.493226,0.507931
558.805816,0.509928
559.118406,0.511161
559.430996,0.511606
559.743586,0.511254
560.056176,0.510112
560.368766,0.508204
560.681356,0.505569
560.993946,0.502256
561.306536,0.498327
561.619126,0.493850
561.931716,0.488901
562.244306,0.483554
562.556896,0.477887
562.869485,0.471973
563.182075,0.465882
563.494665,0.459679
563.807255,0.453422
564.119845,0.447164
564.432435,0.440948
564.745025,0.434815
565.057615,0.428795
565.370205,0.422915
565.682795,0.417194
565.995385,0.411649
566.307975,0.406291
566.620565,0.401128
566.933155,0.396164
567.245745,0.391401
567.558335,0.386838
567.870925,0.382475
568.183515,0.378306
568.496105,0.374328
568.808695,0.370535
569.121285,0.366921
569.433875,0.363480
569.746465,0.360206
570.059055,0.357090
570.371645,0.354126
570.684235,0.351309
570.996825,0.348629
571.309415,0.346082
571.622005,0.343661
571.934595,0.341359
572.247185,0.339171
572.559775,0.337090
572.872365,0.335113
573.184955,0.333232
573.497545,0.331443
573.810135,0.329743
574.122725,0.328125
574.435315,0.326586
574.747905,0.325122
575.060495,0.323729
575.373085,0.322404
575.685675,0.321144
575.998265,0.319944
576.310855,0.318802
576.623445,0.317716
576.936035,0.316683
577.248625,0.315700
577.561215,0.314764
577.873805,0.313875
578.186395,0.313029
578.498985,0.312224
578.811575,0.311460
579.124165,0.310733
579.436755,0.310044
579.749345,0.309389
580.061935,0.308768
580.374525,0.308179
580.687115,0.307621
580.999705,0.307093
581.312295,0.306593
581.624885,0.306122
581.937475,0.305677
582.250065,0.305258
582.562655,0.304864
582.875245,0.304494
583.187835,0.304147
583.500425,0.303823
583.813015,0.303522
584.125605,0.303242
584.438195,0.302983
584.750785,0.302744
585.063375,0.302525
585.375965,0.302326
585.688555,0.302146
586.001145,0.301985
586.313735,0.301842
586.626325,0.301717
586.938915,0.301610
587.251505,0.301521
587.564095,0.301450
587.876685,0.301395
588.189275,0.301358
588.501865,0.301338
588.814455,0.301335
589.127045,0.301349
589.439635,0.301379
589.752225,0.301426
590.064815,0.301491
590.377405,0.301572
590.689995,0.301670
591.002585,0.301785
591.315175,0.301917
591.627765,0.302067
591.940355,0.302234
592.252945,0.302419
592.565535,0.302621
592.878125,0.302842
593.190715,0.303082
593.503305,0.303340
593.815895,0.303617
594.128485,0.303914
594.441075,0.304231
594.753665,0.304568
595.066255,0.304925
595.378845,0.305305
595.691435,0.305706
596.004025,0.306129
596.316615,0.306576
596.629205,0.307046
596.941795,0.307541
597.254385,0.308060
597.566975,0.308606
597.879565,0.309178
598.192155,0.309778
598.504745,0.310407
598.817335,0.311065
599.129925,0.311753
599.442515,0.312473
599.755105,0.313225
600.067695,0.314011
600.380285,0.314832
600.692875,0.315690
601.005465,0.316585
601.318055,0.317519
601.630645,0.318493
601.943235,0.319509
602.255825,0.320569
602.568415,0.321674
602.881005,0.322826
603.193595,0.324026
603.506185,0.325276
603.818775,0.326579
604.131365,0.327935
604.443955,0.329348
604.756545,0.330818
605.069135,0.332348
605.381725,0.333940
605.694315,0.335595
606.006905,0.337316
606.319495,0.339105
606.632085,0.340962
606.944675,0.342891
607.257265,0.344893
607.569855,0.346968
607.882445,0.349119
608.195035,0.351346
608.507625,0.353650
608.820215,0.356031
609.132805,0.358490
609.445395,0.361026
609.757985,0.363637
610.070575,0.366322
610.383165,0.369078
610.695755,0.371902
611.008345,0.374790
611.320935,0.377736
611.633525,0.380734
611.946115,0.383776
612.258705,0.386854
612.571295,0.389957
612.883885,0.393073
613.196475,0.396188
613.509065,0.399289
613.821655,0.402358
614.134245,0.405379
614.446835,0.408331
614.759425,0.411196
615.072015,0.413952
615.384605,0.416577
615.697195,0.419049
616.009785,0.421347
616.322375,0.423449
616.634965,0.425335
616.947555,0.426985
617.260145,0.428381
617.572735,0.429510
617.885325,0.430358
618.197915,0.430917
618.510505,0.431180
618.823095,0.431145
619.135685,0.430813
619.448275,0.430188
619.760865,0.429278
620.073455,0.428094
620.386045,0.426651
620.698635,0.424964
621.011225,0.423052
621.323815,0.420935
621.636405,0.418635
621.948995,0.416172
622.261585,0.413570
622.574175,0.410850
622.886765,0.408033
623.199355,0.405140
623.511945,0.402191
623.824535,0.399204
624.137125,0.396196
624.449715,0.393183
624.762305,0.390178
625.074895,0.387194
625.387485,0.384243
625.700075,0.381334
626.012664,0.378475
626.325254,0.375673
626.637844,0.372935
626.950434,0.370265
627.263024,0.367667
627.575614,0.365144
627.888204,0.362698
628.200794,0.360331
628.513384,0.358043
628.825974,0.355836
629.138564,0.353708
629.451154,0.351661
629.763744,0.349692
630.076334,0.347801
630.388924,0.345986
630.701514,0.344247
631.014104,0.342582
631.326694,0.340988
631.639284,0.339466
631.951874,0.338012
632.264464,0.336625
632.577054,0.335303
632.889644,0.334045
633.202234,0.332848
633.514824,0.331712
633.827414,0.330634
634.140004,0.329613
634.452594,0.328647
634.765184,0.327734
635.077774,0.326875
635.390364,0.326066
635.702954,0.325307
636.015544,0.324596
636.328134,0.323933
636.640724,0.323316
636.953314,0.322744
637.265904,0.322217
637.578494,0.321733
637.891084,0.321293
638.203674,0.320894
638.516264,0.320537
638.828854,0.320221
639.141444,0.319946
639.454034,0.319711
639.766624,0.319516
640.079214,0.319360
640.391804,0.319245
640.704394,0.319169
641.016984,0.319132
641.329574,0.319135
641.642164,0.319178
641.954754,0.319261
642.267344,0.319385
642.579934,0.319550
642.892524,0.319756
643.205114,0.320005
643.517704,0.320297
643.830294,0.320633
644.142884,0.321013
644.455474,0.321440
644.768064,0.321913
645.080654,0.322435
645.393244,0.323007
645.705834,0.323631
646.018424,0.324308
646.331014,0.325040
646.643604,0.325829
646.956194,0.326678
647.268784,0.327589
647.581374,0.328564
647.893964,0.329606
648.206554,0.330719
648.519144,0.331906
648.831734,0.333170
649.144324,0.334514
649.456914,0.335944
649.769504,0.337463
650.082094,0.339076
650.394684,0.340789
650.707274,0.342606
651.019864,0.344534
651.332454,0.346578
651.645044,0.348745
651.957634,0.351043
652.270224,0.353479
652.582814,0.356061
652.895404,0.358798
653.207994,0.361699
653.520584,0.364774
653.833174,0.368032
654.145764,0.371486
654.458354,0.375147
654.770944,0.379027
655.083534,0.383138
655.396124,0.387494
655.708714,0.392108
656.021304,0.396995
656.333894,0.402169
656.646484,0.407643
656.959074,0.413432
657.271664,0.419549
657.584254,0.426007
657.896844,0.432818
658.209434,0.439989
658.522024,0.447529
658.834614,0.455439
659.147204,0.463719
659.459794,0.472362
659.772384,0.481353
660.084974,0.490671
660.397564,0.500283
660.710154,0.510147
661.022744,0.520205
661.335334,0.530388
661.647924,0.540610
661.960514,0.550769
662.273104,0.560748
662.585694,0.570416
662.898284,0.579627
663.210874,0.588229
663.523464,0.596063
663.836054,0.602971
664.148644,0.608806
664.461234,0.613431
664.773824,0.616736
665.086414,0.618635
665.399004,0.619080
665.711594,0.618055
666.024184,0.615584
666.336774,0.611728
666.649364,0.606578
666.961954,0.600253
667.274544,0.592892
667.587134,0.584647
667.899724,0.575676
668.212314,0.566136
668.524904,0.556179
668.837494,0.545946
669.150084,0.535565
669.462674,0.525150
669.775264,0.514796
670.087854,0.504586
670.400444,0.494586
670.713034,0.484848
671.025624,0.475414
671.338214,0.466310
671.650804,0.457559
671.963394,0.449171
672.275984,0.441151
672.588574,0.433500
672.901164,0.426213
673.213754,0.419284
673.526344,0.412701
673.838934,0.406453
674.151524,0.400528
674.464114,0.394911
674.776704,0.389589
675.089294,0.384546
675.401884,0.379769
675.714474,0.375244
676.027064,0.370957
676.339654,0.366894
676.652244,0.363044
676.964834,0.359393
677.277424,0.355930
677.590014,0.352645
677.902604,0.349527
678.215194,0.346566
678.527784,0.343753
678.840374,0.341080
679.152964,0.338537
679.465554,0.336118
679.778144,0.333815
680.090734,0.331621
680.403324,0.329531
680.715914,0.327537
681.028504,0.325636
681.341094,0.323821
681.653684,0.322087
681.966274,0.320431
682.278864,0.318847
682.591454,0.317332
682.904044,0.315882
683.216634,0.314494
683.529224,0.313164
683.841814,0.311889
684.154404,0.310666
684.466994,0.309493
684.779584,0.308366
685.092174,0.307284
685.404764,0.306245
685.717354,0.305246
686.029944,0.304285
686.342534,0.303360
686.655124,0.302469
686.967714,0.301612
687.280304,0.300786
687.592894,0.299990
687.905484,0.299222
688.218074,0.298481
688.530664,0.297766
688.843254,0.297075
689.155843,0.296409
689.468433,0.295764
689.781023,0.295142
690.093613,0.294540
690.406203,0.293957
690.718793,0.293393
691.031383,0.292848
691.343973,0.292319
691.656563,0.291808
691.969153,0.291312
692.281743,0.290831
692.594333,0.290365
692.906923,0.289913
693.219513,0.289474
693.532103,0.289048
693.844693,0.288635
694.157283,0.288233
694.469873,0.287843
694.782463,0.287465
695.095053,0.287096
695.407643,0.286738
695.720233,0.286390
696.032823,0.286051
696.345413,0.285722
696.658003,0.285401
696.970593,0.285088
697.283183,0.284784
697.595773,0.284488
697.908363,0.284200
698.220953,0.283918
698.533543,0.283644
698.846133,0.283377
699.158723,0.283116
699.471313,0.282862
699.783903,0.282614
700.096493,0.282372
700.409083,0.282136
700.721673,0.281905
701.034263,0.281680
701.346853,0.281460
701.659443,0.281245
701.972033,0.281036
702.284623,0.280830
702.597213,0.280630
702.909803,0.280434
703.222393,0.280242
703.534983,0.280055
703.847573,0.279872
704.160163,0.279692
704.472753,0.279517
704.785343,0.279345
705.097933,0.279177
705.410523,0.279013
705.723113,0.278851
706.035703,0.278694
706.348293,0.278539
706.660883,0.278388
706.973473,0.278239
707.286063,0.278094
707.598653,0.277952
707.911243,0.277812
708.223833,0.277675
708.536423,0.277541
708.849013,0.277409
709.161603,0.277280
709.474193,0.277153
709.786783,0.277029
710.099373,0.276907
710.411963,0.276787
710.724553,0.276670
711.037143,0.276554
711.349733,0.276441
711.662323,0.276330
