# rshift,intensity
80.543123,0.345944
80.856645,0.345946
81.170167,0.345948
81.483688,0.345949
81.797210,0.345951
82.110732,0.345953
82.424253,0.345955
82.737775,0.345956
83.051297,0.345958
83.364819,0.345960
83.678340,0.345962
83.991862,0.345963
84.305384,0.345965
84.618905,0.345967
84.932427,0.345968
85.245949,0.345970
85.559470,0.345972
85.872992,0.345974
86.186514,0.345976
86.500036,0.345977
86.813557,0.345979
87.127079,0.345981
87.440601,0.345983
87.754122,0.345984
88.067644,0.345986
88.381166,0.345988
88.694688,0.345990
89.008209,0.345992
89.321731,0.345993
89.635253,0.345995
89.948774,0.345997
90.262296,0.345999
90.575818,0.346001
90.889340,0.346002
91.202861,0.346004
91.516383,0.346006
91.829905,0.346008
92.143426,0.346010
92.456948,0.346012
92.770470,0.346014
93.083991,0.346015
93.397513,0.346017
93.711035,0.346019
94.024557,0.346021
94.338078,0.346023
94.651600,0.346025
94.965122,0.346027
95.278643,0.346029
95.592165,0.346030
95.905687,0.346032
96.219209,0.346034
96.532730,0.346036
96.846252,0.346038
97.159774,0.346040
97.473295,0.346042
97.786817,0.346044
98.100339,0.346046
98.413861,0.346048
98.727382,0.346050
99.040904,0.346051
99.354426,0.346053
99.667947,0.346055
99.981469,0.346057
100.294991,0.346059
100.608513,0.346061
100.922034,0.346063
101.235556,0.346065
101.549078,0.346067
101.862599,0.346069
102.176121,0.346071
102.489643,0.346073
102.803164,0.346075
103.116686,0.346077
103.430208,0.346079
103.743730,0.346081
104.057251,0.346083
104.370773,0.346085
104.684295,0.346087
104.997816,0.346089
105.311338,0.346091
105.624860,0.346093
105.938382,0.346095
106.251903,0.346097
106.565425,0.346099
106.878947,0.346101
107.192468,0.346104
107.505990,0.346106
107.819512,0.346108
108.133034,0.346110
108.446555,0.346112
108.760077,0.346114
109.073599,0.346116
109.387120,0.346118
109.700642,0.346120
110.014164,0.346122
110.327685,0.346124
110.641207,0.346127
110.954729,0.346129
111.268251,0.346131
111.581772,0.346133
111.895294,0.346135
112.208816,0.346137
112.522337,0.346139
112.835859,0.346142
113.149381,0.346144
113.462903,0.346146
113.776424,0.346148
114.089946,0.346150
114.403468,0.346152
114.716989,0.346155
115.030511,0.346157
115.344033,0.346159
115.657555,0.346161
115.971076,0.346163
116.284598,0.346166
116.598120,0.346168
116.911641,0.346170
117.225163,0.346172
117.538685,0.346174
117.852207,0.346177
118.165728,0.346179
118.479250,0.346181
118.792772,0.346183
119.106293,0.346186
119.419815,0.346188
119.733337,0.346190
120.046858,0.346193
120.360380,0.346195
120.673902,0.346197
120.987424,0.346199
121.300945,0.346202
121.614467,0.346204
121.927989,0.346206
122.241510,0.346209
122.555032,0.346211
122.868554,0.346213
123.182076,0.346216
123.495597,0.346218
123.809119,0.346220
124.122641,0.346223
124.436162,0.346225
124.749684,0.346227
125.063206,0.346230
125.376728,0.346232
125.690249,0.346235
126.003771,0.346237
126.317293,0.346239
126.630814,0.346242
126.944336,0.346244
127.257858,0.346247
127.571379,0.346249
127.884901,0.346251
128.198423,0.346254
128.511945,0.346256
128.825466,0.346259
129.138988,0.346261
129.452510,0.346264
129.766031,0.346266
130.079553,0.346269
130.393075,0.346271
130.706597,0.346274
131.020118,0.346276
131.333640,0.346279
131.647162,0.346281
131.960683,0.346284
132.274205,0.346286
132.587727,0.346289
132.901249,0.346291
133.214770,0.346294
133.528292,0.346296
133.841814,0.346299
134.155335,0.346301
134.468857,0.346304
134.782379,0.346306
135.095900,0.346309
135.409422,0.346312
135.722944,0.346314
136.036466,0.346317
136.349987,0.346319
136.663509,0.346322
136.977031,0.346325
137.290552,0.346327
137.604074,0.346330
137.917596,0.346333
138.231118,0.346335
138.544639,0.346338
138.858161,0.346340
139.171683,0.346343
139.485204,0.346346
139.798726,0.346348
140.112248,0.346351
140.425770,0.346354
140.739291,0.346357
141.052813,0.346359
141.366335,0.346362
141.679856,0.346365
141.993378,0.346367
142.306900,0.346370
142.620422,0.346373
142.933943,0.346376
143.247465,0.346378
143.560987,0.346381
143.874508,0.346384
144.188030,0.346387
144.501552,0.346390
144.815073,0.346392
145.128595,0.346395
145.442117,0.346398
145.755639,0.346401
146.069160,0.346404
146.382682,0.346406
146.696204,0.346409
147.009725,0.346412
147.323247,0.346415
147.636769,0.346418
147.950291,0.346421
148.263812,0.346424
148.577334,0.346427
148.890856,0.346429
149.204377,0.346432
149.517899,0.346435
149.831421,0.346438
150.144943,0.346441
150.458464,0.346444
150.771986,0.346447
151.085508,0.346450
151.399029,0.346453
151.712551,0.346456
152.026073,0.346459
152.339594,0.346462
152.653116,0.346465
152.966638,0.346468
153.280160,0.346471
153.593681,0.346474
153.907203,0.346477
154.220725,0.346480
154.534246,0.346483
154.847768,0.346486
155.161290,0.346489
155.474812,0.346492
155.788333,0.346495
156.101855,0.346498
156.415377,0.346501
156.728898,0.346505
157.042420,0.346508
157.355942,0.346511
157.669464,0.346514
157.982985,0.346517
158.296507,0.346520
158.610029,0.346523
158.923550,0.346526
159.237072,0.346530
159.550594,0.346533
159.864115,0.346536
160.177637,0.346539
160.491159,0.346542
160.804681,0.346546
161.118202,0.346549
161.431724,0.346552
161.745246,0.346555
162.058767,0.346559
162.372289,0.346562
162.685811,0.346565
162.999333,0.346568
163.312854,0.346572
163.626376,0.346575
163.939898,0.346578
164.253419,0.346582
164.566941,0.346585
164.880463,0.346588
165.193985,0.346592
165.507506,0.346595
165.821028,0.346599
166.134550,0.346602
166.448071,0.346605
166.761593,0.346609
167.075115,0.346612
167.388637,0.346616
167.702158,0.346619
168.015680,0.346622
168.329202,0.346626
168.642723,0.346629
168.956245,0.346633
169.269767,0.346636
169.583288,0.346640
169.896810,0.346643
170.210332,0.346647
170.523854,0.346650
170.837375,0.346654
171.150897,0.346657
171.464419,0.346661
171.777940,0.346665
172.091462,0.346668
172.404984,0.346672
172.718506,0.346675
173.032027,0.346679
173.345549,0.346683
173.659071,0.346686
173.972592,0.346690
174.286114,0.346693
174.599636,0.346697
174.913158,0.346701
175.226679,0.346704
175.540201,0.346708
175.853723,0.346712
176.167244,0.346716
176.480766,0.346719
176.794288,0.346723
177.107809,0.346727
177.421331,0.346731
177.734853,0.346734
178.048375,0.346738
178.361896,0.346742
178.675418,0.346746
178.988940,0.346750
179.302461,0.346753
179.615983,0.346757
179.929505,0.346761
180.243027,0.346765
180.556548,0.346769
180.870070,0.346773
181.183592,0.346777
181.497113,0.346781
181.810635,0.346784
182.124157,0.346788
182.437679,0.346792
182.751200,0.346796
183.064722,0.346800
183.378244,0.346804
183.691765,0.346808
184.005287,0.346812
184.318809,0.346816
184.632330,0.346820
184.945852,0.346824
185.259374,0.346829
185.572896,0.346833
185.886417,0.346837
186.199939,0.346841
186.513461,0.346845
186.826982,0.346849
187.140504,0.346853
187.454026,0.346857
187.767548,0.346862
188.081069,0.346866
188.394591,0.346870
188.708113,0.346874
189.021634,0.346878
189.335156,0.346883
189.648678,0.346887
189.962200,0.346891
190.275721,0.346895
190.589243,0.346900
190.902765,0.346904
191.216286,0.346908
191.529808,0.346913
191.843330,0.346917
192.156852,0.346921
192.470373,0.346926
192.783895,0.346930
193.097417,0.346934
193.410938,0.346939
193.724460,0.346943
194.037982,0.346948
194.351503,0.346952
194.665025,0.346957
194.978547,0.346961
195.292069,0.346966
195.605590,0.346970
195.919112,0.346975
196.232634,0.346979
196.546155,0.346984
196.859677,0.346988
197.173199,0.346993
197.486721,0.346998
197.800242,0.347002
198.113764,0.347007
198.427286,0.347012
198.740807,0.347016
199.054329,0.347021
199.367851,0.347026
199.681373,0.347030
199.994894,0.347035
200.308416,0.347040
200.621938,0.347045
200.935459,0.347049
201.248981,0.347054
201.562503,0.347059
201.876024,0.347064
202.189546,0.347069
202.503068,0.347073
202.816590,0.347078
203.130111,0.347083
203.443633,0.347088
203.757155,0.347093
204.070676,0.347098
204.384198,0.347103
204.697720,0.347108
205.011242,0.347113
205.324763,0.347118
205.638285,0.347123
205.951807,0.347128
206.265328,0.347133
206.578850,0.347138
206.892372,0.347143
207.205894,0.347148
207.519415,0.347153
207.832937,0.347159
208.146459,0.347164
208.459980,0.347169
208.773502,0.347174
209.087024,0.347179
209.400545,0.347185
209.714067,0.347190
210.027589,0.347195
210.341111,0.347200
210.654632,0.347206
210.968154,0.347211
211.281676,0.347216
211.595197,0.347222
211.908719,0.347227
212.222241,0.347233
212.535763,0.347238
212.849284,0.347243
213.162806,0.347249
213.476328,0.347254
213.789849,0.347260
214.103371,0.347265
214.416893,0.347271
214.730415,0.347277
215.043936,0.347282
215.357458,0.347288
215.670980,0.347293
215.984501,0.347299
216.298023,0.347305
216.611545,0.347310
216.925067,0.347316
217.238588,0.347322
217.552110,0.347328
217.865632,0.347333
218.179153,0.347339
218.492675,0.347345
218.806197,0.347351
219.119718,0.347357
219.433240,0.347362
219.746762,0.347368
220.060284,0.347374
220.373805,0.347380
220.687327,0.347386
221.000849,0.347392
221.314370,0.347398
221.627892,0.347404
221.941414,0.347410
222.254936,0.347416
222.568457,0.347422
222.881979,0.347428
223.195501,0.347435
223.509022,0.347441
223.822544,0.347447
224.136066,0.347453
224.449588,0.347459
224.763109,0.347466
225.076631,0.347472
225.390153,0.347478
225.703674,0.347484
226.017196,0.347491
226.330718,0.347497
226.644239,0.347504
226.957761,0.347510
227.271283,0.347516
227.584805,0.347523
227.898326,0.347529
228.211848,0.347536
228.525370,0.347542
228.838891,0.347549
229.152413,0.347555
229.465935,0.347562
229.779457,0.347569
230.092978,0.347575
230.406500,0.347582
230.720022,0.347589
231.033543,0.347596
231.347065,0.347602
231.660587,0.347609
231.974109,0.347616
232.287630,0.347623
232.601152,0.347630
232.914674,0.347637
233.228195,0.347643
233.541717,0.347650
233.855239,0.347657
234.168761,0.347664
234.482282,0.347671
234.795804,0.347678
235.109326,0.347686
235.422847,0.347693
235.736369,0.347700
236.049891,0.347707
236.363412,0.347714
236.676934,0.347721
236.990456,0.347729
237.303978,0.347736
237.617499,0.347743
237.931021,0.347751
238.244543,0.347758
238.558064,0.347765
238.871586,0.347773
239.185108,0.347780
239.498630,0.347788
239.812151,0.347795
240.125673,0.347803
240.439195,0.347810
240.752716,0.347818
241.066238,0.347826
241.379760,0.347833
241.693282,0.347841
242.006803,0.347849
242.320325,0.347857
242.633847,0.347864
242.947368,0.347872
243.260890,0.347880
243.574412,0.347888
243.887933,0.347896
244.201455,0.347904
244.514977,0.347912
244.828499,0.347920
245.142020,0.347928
245.455542,0.347936
245.769064,0.347944
246.082585,0.347952
246.396107,0.347961
246.709629,0.347969
247.023151,0.347977
247.336672,0.347985
247.650194,0.347994
247.963716,0.348002
248.277237,0.348010
248.590759,0.348019
248.904281,0.348027
249.217803,0.348036
249.531324,0.348044
249.844846,0.348053
250.158368,0.348062
250.471889,0.348070
250.785411,0.348079
251.098933,0.348088
251.412454,0.348097
251.725976,0.348105
252.039498,0.348114
252.353020,0.348123
252.666541,0.348132
252.980063,0.348141
253.293585,0.348150
253.607106,0.348159
253.920628,0.348168
254.234150,0.348177
254.547672,0.348186
254.861193,0.348196
255.174715,0.348205
255.488237,0.348214
255.801758,0.348223
256.115280,0.348233
256.428802,0.348242
256.742324,0.348252
257.055845,0.348261
257.369367,0.348271
257.682889,0.348280
257.996410,0.348290
258.309932,0.348300
258.623454,0.348309
258.936976,0.348319
259.250497,0.348329
259.564019,0.348339
259.877541,0.348349
260.191062,0.348358
260.504584,0.348368
260.818106,0.348378
261.131627,0.348389
261.445149,0.348399
261.758671,0.348409
262.072193,0.348419
262.385714,0.348429
262.699236,0.348440
263.012758,0.348450
263.326279,0.348460
263.639801,0.348471
263.953323,0.348481
264.266845,0.348492
264.580366,0.348502
264.893888,0.348513
265.207410,0.348524
265.520931,0.348534
265.834453,0.348545
266.147975,0.348556
266.461497,0.348567
266.775018,0.348578
267.088540,0.348589
267.402062,0.348600
267.715583,0.348611
268.029105,0.348622
268.342627,0.348633
268.656148,0.348644
268.969670,0.348656
269.283192,0.348667
269.596714,0.348679
269.910235,0.348690
270.223757,0.348702
270.537279,0.348713
270.850800,0.348725
271.164322,0.348736
271.477844,0.348748
271.791366,0.348760
272.104887,0.348772
272.418409,0.348784
272.731931,0.348796
273.045452,0.348808
273.358974,0.348820
273.672496,0.348832
273.986018,0.348844
274.299539,0.348857
274.613061,0.348869
274.926583,0.348881
275.240104,0.348894
275.553626,0.348906
275.867148,0.348919
276.180669,0.348932
276.494191,0.348944
276.807713,0.348957
277.121235,0.348970
277.434756,0.348983
277.748278,0.348996
278.061800,0.349009
278.375321,0.349022
278.688843,0.349035
279.002365,0.349048
279.315887,0.349062
279.629408,0.349075
279.942930,0.349089
280.256452,0.349102
280.569973,0.349116
280.883495,0.349129
281.197017,0.349143
281.510539,0.349157
281.824060,0.349171
282.137582,0.349185
282.451104,0.349199
282.764625,0.349213
283.078147,0.349227
283.391669,0.349241
283.705191,0.349255
284.018712,0.349270
284.332234,0.349284
284.645756,0.349299
284.959277,0.349314
285.272799,0.349328
285.586321,0.349343
285.899842,0.349358
286.213364,0.349373
286.526886,0.349388
286.840408,0.349403
287.153929,0.349418
287.467451,0.349433
287.780973,0.349449
288.094494,0.349464
288.408016,0.349480
288.721538,0.349495
289.035060,0.349511
289.348581,0.349527
289.662103,0.349543
289.975625,0.349559
290.289146,0.349575
290.602668,0.349591
290.916190,0.349607
291.229712,0.349623
291.543233,0.349640
291.856755,0.349656
292.170277,0.349673
292.483798,0.349690
292.797320,0.349706
293.110842,0.349723
293.424363,0.349740
293.737885,0.349757
294.051407,0.349774
294.364929,0.349792
294.678450,0.349809
294.991972,0.349826
295.305494,0.349844
295.619015,0.349862
295.932537,0.349879
296.246059,0.349897
296.559581,0.349915
296.873102,0.349933
297.186624,0.349952
297.500146,0.349970
297.813667,0.349988
298.127189,0.350007
298.440711,0.350025
298.754233,0.350044
299.067754,0.350063
299.381276,0.350082
299.694798,0.350101
300.008319,0.350120
300.321841,0.350140
300.635363,0.350159
300.948884,0.350178
301.262406,0.350198
301.575928,0.350218
301.889450,0.350238
302.202971,0.350258
302.516493,0.350278
302.830015,0.350298
303.143536,0.350319
303.457058,0.350339
303.770580,0.350360
304.084102,0.350381
304.397623,0.350401
304.711145,0.350422
305.024667,0.350444
305.338188,0.350465
305.651710,0.350486
305.965232,0.350508
306.278754,0.350530
306.592275,0.350551
306.905797,0.350573
307.219319,0.350596
307.532840,0.350618
307.846362,0.350640
308.159884,0.350663
308.473406,0.350685
308.786927,0.350708
309.100449,0.350731
309.413971,0.350754
309.727492,0.350778
310.041014,0.350801
310.354536,0.350825
310.668057,0.350849
310.981579,0.350872
311.295101,0.350896
311.608623,0.350921
311.922144,0.350945
312.235666,0.350970
312.549188,0.350994
312.862709,0.351019
313.176231,0.351044
313.489753,0.351070
313.803275,0.351095
314.116796,0.351120
314.430318,0.351146
314.743840,0.351172
315.057361,0.351198
315.370883,0.351225
315.684405,0.351251
315.997927,0.351278
316.311448,0.351304
316.624970,0.351331
316.938492,0.351359
317.252013,0.351386
317.565535,0.351414
317.879057,0.351441
318.192578,0.351469
318.506100,0.351498
318.819622,0.351526
319.133144,0.351554
319.446665,0.351583
319.760187,0.351612
320.073709,0.351641
320.387230,0.351671
320.700752,0.351700
321.014274,0.351730
321.327796,0.351760
321.641317,0.351791
321.954839,0.351821
322.268361,0.351852
322.581882,0.351883
322.895404,0.351914
323.208926,0.351945
323.522448,0.351977
323.835969,0.352009
324.149491,0.352041
324.463013,0.352073
324.776534,0.352106
325.090056,0.352139
325.403578,0.352172
325.717099,0.352205
326.030621,0.352239
326.344143,0.352273
326.657665,0.352307
326.971186,0.352341
327.284708,0.352376
327.598230,0.352411
327.911751,0.352446
328.225273,0.352482
328.538795,0.352517
328.852317,0.352553
329.165838,0.352590
329.479360,0.352626
329.792882,0.352663
330.106403,0.352700
330.419925,0.352738
330.733447,0.352776
331.046969,0.352814
331.360490,0.352852
331.674012,0.352891
331.987534,0.352930
332.301055,0.352969
332.614577,0.353009
332.928099,0.353049
333.241621,0.353090
333.555142,0.353130
333.868664,0.353171
334.182186,0.353213
334.495707,0.353254
334.809229,0.353296
335.122751,0.353339
335.436272,0.353382
335.749794,0.353425
336.063316,0.353468
336.376838,0.353512
336.690359,0.353557
337.003881,0.353601
337.317403,0.353646
337.630924,0.353692
337.944446,0.353738
338.257968,0.353784
338.571490,0.353830
338.885011,0.353878
339.198533,0.353925
339.512055,0.353973
339.825576,0.354021
340.139098,0.354070
340.452620,0.354119
340.766142,0.354169
341.079663,0.354219
341.393185,0.354270
341.706707,0.354321
342.020228,0.354372
342.333750,0.354424
342.647272,0.354477
342.960793,0.354530
343.274315,0.354583
343.587837,0.354637
343.901359,0.354692
344.214880,0.354747
344.528402,0.354802
344.841924,0.354858
345.155445,0.354915
345.468967,0.354972
345.782489,0.355029
346.096011,0.355088
346.409532,0.355146
346.723054,0.355206
347.036576,0.355266
347.350097,0.355326
347.663619,0.355387
347.977141,0.355449
348.290663,0.355512
348.604184,0.355575
348.917706,0.355638
349.231228,0.355703
349.544749,0.355767
349.858271,0.355833
350.171793,0.355899
350.485314,0.355966
350.798836,0.356034
351.112358,0.356102
351.425880,0.356171
351.739401,0.356241
352.052923,0.356312
352.366445,0.356383
352.679966,0.356455
352.993488,0.356528
353.307010,0.356601
353.620532,0.356676
353.934053,0.356751
354.247575,0.356827
354.561097,0.356904
354.874618,0.356981
355.188140,0.357060
355.501662,0.357139
355.815184,0.357220
356.128705,0.357301
356.442227,0.357383
356.755749,0.357466
357.069270,0.357550
357.382792,0.357635
357.696314,0.357721
358.009836,0.357808
358.323357,0.357895
358.636879,0.357984
358.950401,0.358074
359.263922,0.358165
359.577444,0.358257
359.890966,0.358351
360.204487,0.358445
360.518009,0.358540
360.831531,0.358637
361.145053,0.358735
361.458574,0.358833
361.772096,0.358934
362.085618,0.359035
362.399139,0.359138
362.712661,0.359241
363.026183,0.359347
363.339705,0.359453
363.653226,0.359561
363.966748,0.359670
364.280270,0.359781
364.593791,0.359893
364.907313,0.360006
365.220835,0.360121
365.534357,0.360237
365.847878,0.360355
366.161400,0.360475
366.474922,0.360596
366.788443,0.360718
367.101965,0.360843
367.415487,0.360969
367.729008,0.361096
368.042530,0.361226
368.356052,0.361357
368.669574,0.361490
368.983095,0.361625
369.296617,0.361761
369.610139,0.361900
369.923660,0.362041
370.237182,0.362183
370.550704,0.362328
370.864226,0.362474
371.177747,0.362623
371.491269,0.362774
371.804791,0.362927
372.118312,0.363082
372.431834,0.363240
372.745356,0.363400
373.058878,0.363562
373.372399,0.363727
373.685921,0.363894
373.999443,0.364064
374.312964,0.364237
374.626486,0.364412
374.940008,0.364589
375.253530,0.364770
375.567051,0.364953
375.880573,0.365140
376.194095,0.365329
376.507616,0.365521
376.821138,0.365716
377.134660,0.365915
377.448181,0.366117
377.761703,0.366322
378.075225,0.366530
378.388747,0.366742
378.702268,0.366957
379.015790,0.367176
379.329312,0.367399
379.642833,0.367626
379.956355,0.367856
380.269877,0.368090
380.583399,0.368329
380.896920,0.368572
381.210442,0.368819
381.523964,0.369070
381.837485,0.369326
382.151007,0.369586
382.464529,0.369851
382.778051,0.370121
383.091572,0.370396
383.405094,0.370676
383.718616,0.370962
384.032137,0.371253
384.345659,0.371549
384.659181,0.371851
384.972702,0.372158
385.286224,0.372472
385.599746,0.372792
385.913268,0.373118
386.226789,0.373450
386.540311,0.373790
386.853833,0.374136
387.167354,0.374489
387.480876,0.374849
387.794398,0.375217
388.107920,0.375592
388.421441,0.375975
388.734963,0.376367
389.048485,0.376766
389.362006,0.377174
389.675528,0.377591
389.989050,0.378018
390.302572,0.378453
390.616093,0.378898
390.929615,0.379353
391.243137,0.379819
391.556658,0.380295
391.870180,0.380782
392.183702,0.381280
392.497223,0.381790
392.810745,0.382312
393.124267,0.382846
393.437789,0.383393
393.751310,0.383953
394.064832,0.384527
394.378354,0.385115
394.691875,0.385718
395.005397,0.386335
395.318919,0.386969
395.632441,0.387619
395.945962,0.388285
396.259484,0.388969
396.573006,0.389670
396.886527,0.390391
397.200049,0.391130
397.513571,0.391890
397.827093,0.392670
398.140614,0.393472
398.454136,0.394296
398.767658,0.395144
399.081179,0.396015
399.394701,0.396912
399.708223,0.397834
400.021745,0.398784
400.335266,0.399761
400.648788,0.400768
400.962310,0.401806
401.275831,0.402875
401.589353,0.403977
401.902875,0.405114
402.216396,0.406286
402.529918,0.407496
402.843440,0.408745
403.156962,0.410035
403.470483,0.411367
403.784005,0.412744
404.097527,0.414168
404.411048,0.415640
404.724570,0.417162
405.038092,0.418739
405.351614,0.420370
405.665135,0.422061
405.978657,0.423812
406.292179,0.425628
406.605700,0.427511
406.919222,0.429465
407.232744,0.431493
407.546266,0.433600
407.859787,0.435788
408.173309,0.438063
408.486831,0.440429
408.800352,0.442891
409.113874,0.445454
409.427396,0.448123
409.740917,0.450905
410.054439,0.453805
410.367961,0.456831
410.681483,0.459990
410.995004,0.463289
411.308526,0.466736
411.622048,0.470341
411.935569,0.474112
412.249091,0.478060
412.562613,0.482196
412.876135,0.486531
413.189656,0.491078
413.503178,0.495850
413.816700,0.500861
414.130221,0.506128
414.443743,0.511667
414.757265,0.517495
415.070787,0.523632
415.384308,0.530100
415.697830,0.536920
416.011352,0.544116
416.324873,0.551716
416.638395,0.559745
416.951917,0.568236
417.265438,0.577220
417.578960,0.586733
417.892482,0.596811
418.206004,0.607496
418.519525,0.618830
418.833047,0.630859
419.146569,0.643632
419.460090,0.657203
419.773612,0.671625
420.087134,0.686958
420.400656,0.703262
420.714177,0.720601
421.027699,0.739039
421.341221,0.758642
421.654742,0.779476
421.968264,0.801606
422.281786,0.825090
422.595308,0.849983
422.908829,0.876329
423.222351,0.904159
423.535873,0.933484
423.849394,0.964292
424.162916,0.996539
424.476438,1.030140
424.789960,1.064964
425.103481,1.100821
425.417003,1.137457
425.730525,1.174542
426.044046,1.211666
426.357568,1.248338
426.671090,1.283986
426.984611,1.317966
427.298133,1.349582
427.611655,1.378110
427.925177,1.402829
428.238698,1.423063
428.552220,1.438223
428.865742,1.447848
429.179263,1.451639
429.492785,1.449481
429.806307,1.441457
430.119829,1.427836
430.433350,1.409055
430.746872,1.385685
431.060394,1.358390
431.373915,1.327887
431.687437,1.294904
432.000959,1.260144
432.314481,1.224261
432.628002,1.187840
432.941524,1.151389
433.255046,1.115332
433.568567,1.080012
433.882089,1.045698
434.195611,1.012589
434.509132,0.980827
434.822654,0.950506
435.136176,0.921675
435.449698,0.894355
435.763219,0.868537
436.076741,0.844195
436.390263,0.821289
436.703784,0.799766
437.017306,0.779570
437.330828,0.760637
437.644350,0.742905
437.957871,0.726308
438.271393,0.710783
438.584915,0.696268
438.898436,0.682704
439.211958,0.670034
439.525480,0.658204
439.839002,0.647164
440.152523,0.636866
440.466045,0.627267
440.779567,0.618324
441.093088,0.610001
441.406610,0.602261
441.720132,0.595074
442.033653,0.588408
442.347175,0.582237
442.660697,0.576537
442.974219,0.571283
443.287740,0.566457
443.601262,0.562038
443.914784,0.558010
444.228305,0.554358
444.541827,0.551067
444.855349,0.548125
445.168871,0.545519
445.482392,0.543240
445.795914,0.541277
446.109436,0.539620
446.422957,0.538261
446.736479,0.537190
447.050001,0.536397
447.363523,0.535872
447.677044,0.535604
447.990566,0.535580
448.304088,0.535786
448.617609,0.536205
448.931131,0.536818
449.244653,0.537601
449.558175,0.538529
449.871696,0.539573
450.185218,0.540697
450.498740,0.541865
450.812261,0.543036
451.125783,0.544164
451.439305,0.545202
451.752826,0.546104
452.066348,0.546823
452.379870,0.547312
452.693392,0.547531
453.006913,0.547445
453.320435,0.547027
453.633957,0.546258
453.947478,0.545130
454.261000,0.543645
454.574522,0.541815
454.888044,0.539662
455.201565,0.537213
455.515087,0.534506
455.828609,0.531579
456.142130,0.528475
456.455652,0.525238
456.769174,0.521908
457.082696,0.518526
457.396217,0.515129
457.709739,0.511749
458.023261,0.508416
458.336782,0.505155
458.650304,0.501985
458.963826,0.498923
459.277347,0.495983
459.590869,0.493174
459.904391,0.490504
460.217913,0.487976
460.531434,0.485594
460.844956,0.483358
461.158478,0.481269
461.471999,0.479324
461.785521,0.477522
462.099043,0.475860
462.412565,0.474335
462.726086,0.472942
463.039608,0.471679
463.353130,0.470542
463.666651,0.469526
463.980173,0.468629
464.293695,0.467845
464.607217,0.467174
464.920738,0.466609
465.234260,0.466150
465.547782,0.465792
465.861303,0.465533
466.174825,0.465370
466.488347,0.465301
466.801868,0.465325
467.115390,0.465438
467.428912,0.465639
467.742434,0.465927
468.055955,0.466299
468.369477,0.466755
468.682999,0.467294
468.996520,0.467914
469.310042,0.468615
469.623564,0.469395
469.937086,0.470255
470.250607,0.471193
470.564129,0.472208
470.877651,0.473301
471.191172,0.474471
471.504694,0.475717
471.818216,0.477040
472.131738,0.478438
472.445259,0.479912
472.758781,0.481460
473.072303,0.483083
473.385824,0.484780
473.699346,0.486550
474.012868,0.488393
474.326390,0.490308
474.639911,0.492293
474.953433,0.494348
475.266955,0.496472
475.580476,0.498662
475.893998,0.500917
476.207520,0.503234
476.521041,0.505612
476.834563,0.508047
477.148085,0.510537
477.461607,0.513077
477.775128,0.515664
478.088650,0.518293
478.402172,0.520960
478.715693,0.523658
479.029215,0.526383
479.342737,0.529126
479.656259,0.531882
479.969780,0.534643
480.283302,0.537400
480.596824,0.540144
480.910345,0.542866
481.223867,0.545557
481.537389,0.548206
481.850911,0.550802
482.164432,0.553334
482.477954,0.555791
482.791476,0.558160
483.104997,0.560431
483.418519,0.562591
483.732041,0.564629
484.045562,0.566533
484.359084,0.568293
484.672606,0.569896
484.986128,0.571334
485.299649,0.572597
485.613171,0.573676
485.926693,0.574565
486.240214,0.575256
486.553736,0.575745
486.867258,0.576027
487.180780,0.576101
487.494301,0.575964
487.807823,0.575617
488.121345,0.575062
488.434866,0.574302
488.748388,0.573340
489.061910,0.572183
489.375432,0.570836
489.688953,0.569308
490.002475,0.567607
490.315997,0.565742
490.629518,0.563725
490.943040,0.561564
491.256562,0.559272
491.570083,0.556860
491.883605,0.554339
492.197127,0.551721
492.510649,0.549018
492.824170,0.546240
493.137692,0.543400
493.451214,0.540507
493.764735,0.537572
494.078257,0.534605
494.391779,0.531615
494.705301,0.528612
495.018822,0.525603
495.332344,0.522596
495.645866,0.519598
495.959387,0.516617
496.272909,0.513657
496.586431,0.510725
496.899953,0.507825
497.213474,0.504961
497.526996,0.502138
497.840518,0.499358
498.154039,0.496626
498.467561,0.493943
498.781083,0.491311
499.094605,0.488733
499.408126,0.486209
499.721648,0.483742
500.035170,0.481331
500.348691,0.478978
500.662213,0.476683
500.975735,0.474446
501.289256,0.472267
501.602778,0.470147
501.916300,0.468085
502.229822,0.466080
502.543343,0.464132
502.856865,0.462240
503.170387,0.460405
503.483908,0.458624
503.797430,0.456898
504.110952,0.455225
504.424474,0.453605
504.737995,0.452037
505.051517,0.450519
505.365039,0.449052
505.678560,0.447633
505.992082,0.446263
506.305604,0.444940
506.619126,0.443663
506.932647,0.442431
507.246169,0.441244
507.559691,0.440100
507.873212,0.438999
508.186734,0.437940
508.500256,0.436922
508.813777,0.435945
509.127299,0.435007
509.440821,0.434108
509.754343,0.433247
510.067864,0.432424
510.381386,0.431637
510.694908,0.430888
511.008429,0.430174
511.321951,0.429495
511.635473,0.428852
511.948995,0.428243
512.262516,0.427668
512.576038,0.427127
512.889560,0.426619
513.203081,0.426145
513.516603,0.425705
513.830125,0.425297
514.143647,0.424922
514.457168,0.424581
514.770690,0.424272
515.084212,0.423996
515.397733,0.423754
515.711255,0.423546
516.024777,0.423371
516.338299,0.423231
516.651820,0.423125
516.965342,0.423055
517.278864,0.423021
517.592385,0.423023
517.905907,0.423063
518.219429,0.423141
518.532950,0.423259
518.846472,0.423417
519.159994,0.423618
519.473516,0.423861
519.787037,0.424150
520.100559,0.424485
520.414081,0.424868
520.727602,0.425302
521.041124,0.425788
521.354646,0.426329
521.668168,0.426927
521.981689,0.427585
522.295211,0.428306
522.608733,0.429091
522.922254,0.429945
523.235776,0.430869
523.549298,0.431867
523.862820,0.432942
524.176341,0.434095
524.489863,0.435329
524.803385,0.436645
525.116906,0.438045
525.430428,0.439527
525.743950,0.441091
526.057471,0.442733
526.370993,0.444448
526.684515,0.446228
526.998037,0.448064
527.311558,0.449941
527.625080,0.451843
527.938602,0.453749
528.252123,0.455635
528.565645,0.457473
528.879167,0.459234
529.192689,0.460887
529.506210,0.462398
529.819732,0.463738
530.133254,0.464879
530.446775,0.465800
530.760297,0.466484
531.073819,0.466923
531.387341,0.467120
531.700862,0.467083
532.014384,0.466830
532.327906,0.466383
532.641427,0.465772
532.954949,0.465028
533.268471,0.464183
533.581992,0.463269
533.895514,0.462317
534.209036,0.461355
534.522558,0.460405
534.836079,0.459490
535.149601,0.458626
535.463123,0.457827
535.776644,0.457103
536.090166,0.456463
536.403688,0.455911
536.717210,0.455451
537.030731,0.455086
537.344253,0.454816
537.657775,0.454640
537.971296,0.454558
538.284818,0.454568
538.598340,0.454669
538.911862,0.454859
539.225383,0.455134
539.538905,0.455494
539.852427,0.455936
540.165948,0.456458
540.479470,0.457058
540.792992,0.457735
541.106514,0.458486
541.420035,0.459309
541.733557,0.460205
542.047079,0.461170
542.360600,0.462205
542.674122,0.463308
542.987644,0.464478
543.301165,0.465715
543.614687,0.467018
543.928209,0.468387
544.241731,0.469820
544.555252,0.471318
544.868774,0.472881
545.182296,0.474507
545.495817,0.476198
545.809339,0.477953
546.122861,0.479771
546.436383,0.481653
546.749904,0.483599
547.063426,0.485608
547.376948,0.487680
547.690469,0.489816
548.003991,0.492015
548.317513,0.494276
548.631035,0.496599
548.944556,0.498985
549.258078,0.501432
549.571600,0.503939
549.885121,0.506506
550.198643,0.509131
550.512165,0.511814
550.825686,0.514553
551.139208,0.517346
551.452730,0.520191
551.766252,0.523087
552.079773,0.526030
552.393295,0.529018
552.706817,0.532048
553.020338,0.535116
553.333860,0.538219
553.647382,0.541351
553.960904,0.544509
554.274425,0.547687
554.587947,0.550880
554.901469,0.554082
555.214990,0.557286
555.528512,0.560485
555.842034,0.563672
556.155556,0.566840
556.469077,0.569980
556.782599,0.573083
557.096121,0.576141
557.409642,0.579144
557.723164,0.582082
558.036686,0.584946
558.350207,0.587726
558.663729,0.590412
558.977251,0.592992
559.290773,0.595458
559.604294,0.597799
559.917816,0.600005
560.231338,0.602068
560.544859,0.603976
560.858381,0.605723
561.171903,0.607299
561.485425,0.608698
561.798946,0.609913
562.112468,0.610938
562.425990,0.611767
562.739511,0.612398
563.053033,0.612828
563.366555,0.613054
563.680077,0.613075
563.993598,0.612893
564.307120,0.612508
564.620642,0.611923
564.934163,0.611142
565.247685,0.610168
565.561207,0.609009
565.874729,0.607668
566.188250,0.606155
566.501772,0.604477
566.815294,0.602642
567.128815,0.600659
567.442337,0.598537
567.755859,0.596287
568.069380,0.593918
568.382902,0.591441
568.696424,0.588865
569.009946,0.586201
569.323467,0.583459
569.636989,0.580648
569.950511,0.577779
570.264032,0.574862
570.577554,0.571904
570.891076,0.568915
571.204598,0.565903
571.518119,0.562876
571.831641,0.559842
572.145163,0.556807
572.458684,0.553779
572.772206,0.550763
573.085728,0.547765
573.399250,0.544790
573.712771,0.541843
574.026293,0.538929
574.339815,0.536051
574.653336,0.533213
574.966858,0.530418
575.280380,0.527669
575.593901,0.524969
575.907423,0.522319
576.220945,0.519722
576.534467,0.517179
576.847988,0.514692
577.161510,0.512261
577.475032,0.509888
577.788553,0.507573
578.102075,0.505318
578.415597,0.503121
578.729119,0.500984
579.042640,0.498907
579.356162,0.496889
579.669684,0.494930
579.983205,0.493031
580.296727,0.491191
580.610249,0.489410
580.923771,0.487686
581.237292,0.486020
581.550814,0.484412
581.864336,0.482860
582.177857,0.481364
582.491379,0.479923
582.804901,0.478538
583.118422,0.477206
583.431944,0.475928
583.745466,0.474703
584.058988,0.473529
584.372509,0.472408
584.686031,0.471337
584.999553,0.470317
585.313074,0.469346
585.626596,0.468425
585.940118,0.467552
586.253640,0.466727
586.567161,0.465950
586.880683,0.465219
587.194205,0.464535
587.507726,0.463897
587.821248,0.463305
588.134770,0.462758
588.448292,0.462255
588.761813,0.461798
589.075335,0.461384
589.388857,0.461014
589.702378,0.460688
590.015900,0.460406
590.329422,0.460166
590.642944,0.459970
590.956465,0.459817
591.269987,0.459706
591.583509,0.459639
591.897030,0.459614
592.210552,0.459632
592.524074,0.459693
592.837595,0.459796
593.151117,0.459943
593.464639,0.460133
593.778161,0.460366
594.091682,0.460643
594.405204,0.460963
594.718726,0.461328
595.032247,0.461736
595.345769,0.462189
595.659291,0.462687
595.972813,0.463230
596.286334,0.463819
596.599856,0.464454
596.913378,0.465136
597.226899,0.465864
597.540421,0.466640
597.853943,0.467463
598.167465,0.468335
598.480986,0.469256
598.794508,0.470227
599.108030,0.471247
599.421551,0.472318
599.735073,0.473440
600.048595,0.474613
600.362116,0.475839
600.675638,0.477117
600.989160,0.478448
601.302682,0.479832
601.616203,0.481270
601.929725,0.482763
602.243247,0.484310
602.556768,0.485911
602.870290,0.487568
603.183812,0.489279
603.497334,0.491046
603.810855,0.492867
604.124377,0.494742
604.437899,0.496672
604.751420,0.498655
605.064942,0.500691
605.378464,0.502779
605.691986,0.504917
606.005507,0.507105
606.319029,0.509341
606.632551,0.511622
606.946072,0.513947
607.259594,0.516314
607.573116,0.518719
607.886637,0.521159
608.200159,0.523631
608.513681,0.526131
608.827203,0.528655
609.140724,0.531197
609.454246,0.533754
609.767768,0.536319
610.081289,0.538887
610.394811,0.541450
610.708333,0.544003
611.021855,0.546539
611.335376,0.549049
611.648898,0.551525
611.962420,0.553960
612.275941,0.556345
612.589463,0.558672
612.902985,0.560931
613.216507,0.563113
613.530028,0.565210
613.843550,0.567212
614.157072,0.569110
614.470593,0.570896
614.784115,0.572562
615.097637,0.574099
615.411159,0.575500
615.724680,0.576758
616.038202,0.577867
616.351724,0.578821
616.665245,0.579616
616.978767,0.580248
617.292289,0.580714
617.605810,0.581012
617.919332,0.581141
618.232854,0.581102
618.546376,0.580895
618.859897,0.580522
619.173419,0.579988
619.486941,0.579295
619.800462,0.578450
620.113984,0.577456
620.427506,0.576322
620.741028,0.575054
621.054549,0.573660
621.368071,0.572148
621.681593,0.570526
621.995114,0.568804
622.308636,0.566990
622.622158,0.565093
622.935680,0.563124
623.249201,0.561090
623.562723,0.559001
623.876245,0.556866
624.189766,0.554693
624.503288,0.552491
624.816810,0.550267
625.130331,0.548030
625.443853,0.545786
625.757375,0.543543
626.070897,0.541307
626.384418,0.539083
626.697940,0.536878
627.011462,0.534696
627.324983,0.532543
627.638505,0.530423
627.952027,0.528340
628.265549,0.526297
628.579070,0.524297
628.892592,0.522345
629.206114,0.520441
629.519635,0.518589
629.833157,0.516791
630.146679,0.515048
630.460201,0.513362
630.773722,0.511734
631.087244,0.510166
631.400766,0.508658
631.714287,0.507210
632.027809,0.505825
632.341331,0.504502
632.654852,0.503241
632.968374,0.502043
633.281896,0.500908
633.595418,0.499836
633.908939,0.498827
634.222461,0.497882
634.535983,0.496999
634.849504,0.496180
635.163026,0.495423
635.476548,0.494729
635.790070,0.494097
636.103591,0.493528
636.417113,0.493021
636.730635,0.492576
637.044156,0.492193
637.357678,0.491872
637.671200,0.491612
637.984722,0.491414
638.298243,0.491277
638.611765,0.491201
638.925287,0.491187
639.238808,0.491233
639.552330,0.491342
639.865852,0.491511
640.179374,0.491742
640.492895,0.492035
640.806417,0.492389
641.119939,0.492805
641.433460,0.493283
641.746982,0.493824
642.060504,0.494428
642.374025,0.495095
642.687547,0.495826
643.001069,0.496620
643.314591,0.497479
643.628112,0.498404
643.941634,0.499394
644.255156,0.500451
644.568677,0.501574
644.882199,0.502765
645.195721,0.504025
645.509243,0.505354
645.822764,0.506753
646.136286,0.508224
646.449808,0.509766
646.763329,0.511380
647.076851,0.513069
647.390373,0.514832
647.703895,0.516671
648.017416,0.518587
648.330938,0.520580
648.644460,0.522652
648.957981,0.524804
649.271503,0.527037
649.585025,0.529352
649.898546,0.531750
650.212068,0.534231
650.525590,0.536797
650.839112,0.539450
651.152633,0.542188
651.466155,0.545014
651.779677,0.547929
652.093198,0.550932
652.406720,0.554024
652.720242,0.557206
653.033764,0.560477
653.347285,0.563839
653.660807,0.567291
653.974329,0.570832
654.287850,0.574463
654.601372,0.578181
654.914894,0.581988
655.228416,0.585880
655.541937,0.589857
655.855459,0.593916
656.168981,0.598055
656.482502,0.602272
656.796024,0.606562
657.109546,0.610923
657.423068,0.615350
657.736589,0.619838
658.050111,0.624382
658.363633,0.628976
658.677154,0.633613
658.990676,0.638286
659.304198,0.642988
659.617719,0.647709
659.931241,0.652441
660.244763,0.657173
660.558285,0.661895
660.871806,0.666594
661.185328,0.671260
661.498850,0.675879
661.812371,0.680438
662.125893,0.684922
662.439415,0.689318
662.752937,0.693611
663.066458,0.697784
663.379980,0.701823
663.693502,0.705711
664.007023,0.709433
664.320545,0.712972
664.634067,0.716314
664.947589,0.719443
665.261110,0.722344
665.574632,0.725003
665.888154,0.727406
666.201675,0.729541
666.515197,0.731396
666.828719,0.732961
667.142240,0.734228
667.455762,0.735188
667.769284,0.735835
668.082806,0.736165
668.396327,0.736176
668.709849,0.735866
669.023371,0.735235
669.336892,0.734286
669.650414,0.733023
669.963936,0.731451
670.277458,0.729578
670.590979,0.727411
670.904501,0.724961
671.218023,0.722239
671.531544,0.719257
671.845066,0.716028
672.158588,0.712565
672.472110,0.708885
672.785631,0.705000
673.099153,0.700928
673.412675,0.696683
673.726196,0.692282
674.039718,0.687740
674.353240,0.683072
674.666761,0.678295
674.980283,0.673422
675.293805,0.668469
675.607327,0.663449
675.920848,0.658376
676.234370,0.653262
676.547892,0.648121
676.861413,0.642962
677.174935,0.637798
677.488457,0.632638
677.801979,0.627491
678.115500,0.622366
678.429022,0.617271
678.742544,0.612213
679.056065,0.607199
679.369587,0.602234
679.683109,0.597325
679.996631,0.592475
680.310152,0.587690
680.623674,0.582972
680.937196,0.578324
681.250717,0.573751
681.564239,0.569253
681.877761,0.564832
682.191283,0.560491
682.504804,0.556230
682.818326,0.552051
683.131848,0.547953
683.445369,0.543937
683.758891,0.540003
684.072413,0.536152
684.385934,0.532382
684.699456,0.528694
685.012978,0.525086
685.326500,0.521558
685.640021,0.518109
685.953543,0.514738
686.267065,0.511444
686.580586,0.508225
686.894108,0.505081
687.207630,0.502011
687.521152,0.499012
687.834673,0.496084
688.148195,0.493225
688.461717,0.490434
688.775238,0.487709
689.088760,0.485049
689.402282,0.482452
689.715804,0.479918
690.029325,0.477444
690.342847,0.475029
690.656369,0.472672
690.969890,0.470371
691.283412,0.468125
691.596934,0.465933
691.910455,0.463793
692.223977,0.461704
692.537499,0.459665
692.851021,0.457674
693.164542,0.455730
693.478064,0.453832
693.791586,0.451979
694.105107,0.450169
694.418629,0.448401
694.732151,0.446675
695.045673,0.444989
695.359194,0.443341
695.672716,0.441732
695.986238,0.440160
696.299759,0.438624
696.613281,0.437122
696.926803,0.435655
697.240325,0.434221
697.553846,0.432820
697.867368,0.431449
698.180890,0.430110
698.494411,0.428800
698.807933,0.427519
699.121455,0.426266
699.434976,0.425040
699.748498,0.423842
700.062020,0.422669
700.375542,0.421522
700.689063,0.420399
701.002585,0.419300
701.316107,0.418225
701.629628,0.417173
701.943150,0.416142
702.256672,0.415133
702.570194,0.414145
702.883715,0.413178
703.197237,0.412231
703.510759,0.411302
703.824280,0.410393
704.137802,0.409503
704.451324,0.408630
704.764846,0.407775
705.078367,0.406937
705.391889,0.406115
705.705411,0.405310
706.018932,0.404521
706.332454,0.403747
706.645976,0.402988
706.959498,0.402243
707.273019,0.401513
707.586541,0.400797
707.900063,0.400095
708.213584,0.399406
708.527106,0.398730
708.840628,0.398066
709.154149,0.397415
709.467671,0.396776
709.781193,0.396149
710.094715,0.395533
710.408236,0.394928
710.721758,0.394334
711.035280,0.393751
711.348801,0.393179
711.662323,0.392616
