# rshift,intensity
80.087523,0.287212
80.400733,0.287213
80.713944,0.287214
81.027154,0.287215
81.340365,0.287217
81.653575,0.287218
81.966786,0.287219
82.279996,0.287220
82.593207,0.287221
82.906417,0.287222
83.219628,0.287223
83.532838,0.287225
83.846049,0.287226
84.159259,0.287227
84.472470,0.287228
84.785681,0.287229
85.098891,0.287230
85.412102,0.287231
85.725312,0.287233
86.038523,0.287234
86.351733,0.287235
86.664944,0.287236
86.978154,0.287237
87.291365,0.287239
87.604575,0.287240
87.917786,0.287241
88.230996,0.287242
88.544207,0.287243
88.857417,0.287245
89.170628,0.287246
89.483838,0.287247
89.797049,0.287248
90.110259,0.287249
90.423470,0.287251
90.736680,0.287252
91.049891,0.287253
91.363101,0.287254
91.676312,0.287255
91.989523,0.287257
92.302733,0.287258
92.615944,0.287259
92.929154,0.287260
93.242365,0.287262
93.555575,0.287263
93.868786,0.287264
94.181996,0.287265
94.495207,0.287267
94.808417,0.287268
95.121628,0.287269
95.434838,0.287270
95.748049,0.287272
96.061259,0.287273
96.374470,0.287274
96.687680,0.287276
97.000891,0.287277
97.314101,0.287278
97.627312,0.287279
97.940522,0.287281
98.253733,0.287282
98.566943,0.287283
98.880154,0.287285
99.193364,0.287286
99.506575,0.287287
99.819786,0.287288
100.132996,0.287290
100.446207,0.287291
100.759417,0.287292
101.072628,0.287294
101.385838,0.287295
101.699049,0.287296
102.012259,0.287298
102.325470,0.287299
102.638680,0.287300
102.951891,0.287302
103.265101,0.287303
103.578312,0.287304
103.891522,0.287306
104.204733,0.287307
104.517943,0.287308
104.831154,0.287310
105.144364,0.287311
105.457575,0.287313
105.770785,0.287314
106.083996,0.287315
106.397206,0.287317
106.710417,0.287318
107.023628,0.287319
107.336838,0.287321
107.650049,0.287322
107.963259,0.287324
108.276470,0.287325
108.589680,0.287326
108.902891,0.287328
109.216101,0.287329
109.529312,0.287331
109.842522,0.287332
110.155733,0.287333
110.468943,0.287335
110.782154,0.287336
111.095364,0.287338
111.408575,0.287339
111.721785,0.287341
112.034996,0.287342
112.348206,0.287344
112.661417,0.287345
112.974627,0.287346
113.287838,0.287348
113.601048,0.287349
113.914259,0.287351
114.227470,0.287352
114.540680,0.287354
114.853891,0.287355
115.167101,0.287357
115.480312,0.287358
115.793522,0.287360
116.106733,0.287361
116.419943,0.287363
116.733154,0.287364
117.046364,0.287366
117.359575,0.287367
117.672785,0.287369
117.985996,0.287370
118.299206,0.287372
118.612417,0.287373
118.925627,0.287375
119.238838,0.287376
119.552048,0.287378
119.865259,0.287379
120.178469,0.287381
120.491680,0.287382
120.804890,0.287384
121.118101,0.287386
121.431311,0.287387
121.744522,0.287389
122.057733,0.287390
122.370943,0.287392
122.684154,0.287393
122.997364,0.287395
123.310575,0.287397
123.623785,0.287398
123.936996,0.287400
124.250206,0.287401
124.563417,0.287403
124.876627,0.287405
125.189838,0.287406
125.503048,0.287408
125.816259,0.287409
126.129469,0.287411
126.442680,0.287413
126.755890,0.287414
127.069101,0.287416
127.382311,0.287418
127.695522,0.287419
128.008732,0.287421
128.321943,0.287423
128.635153,0.287424
128.948364,0.287426
129.261575,0.287428
129.574785,0.287429
129.887996,0.287431
130.201206,0.287433
130.514417,0.287434
130.827627,0.287436
131.140838,0.287438
131.454048,0.287439
131.767259,0.287441
132.080469,0.287443
132.393680,0.287445
132.706890,0.287446
133.020101,0.287448
133.333311,0.287450
133.646522,0.287451
133.959732,0.287453
134.272943,0.287455
134.586153,0.287457
134.899364,0.287458
135.212574,0.287460
135.525785,0.287462
135.838995,0.287464
136.152206,0.287465
136.465417,0.287467
136.778627,0.287469
137.091838,0.287471
137.405048,0.287473
137.718259,0.287474
138.031469,0.287476
138.344680,0.287478
138.657890,0.287480
138.971101,0.287482
139.284311,0.287483
139.597522,0.287485
139.910732,0.287487
140.223943,0.287489
140.537153,0.287491
140.850364,0.287493
141.163574,0.287495
141.476785,0.287496
141.789995,0.287498
142.103206,0.287500
142.416416,0.287502
142.729627,0.287504
143.042837,0.287506
143.356048,0.287508
143.669258,0.287510
143.982469,0.287511
144.295680,0.287513
144.608890,0.287515
144.922101,0.287517
145.235311,0.287519
145.548522,0.287521
145.861732,0.287523
146.174943,0.287525
146.488153,0.287527
146.801364,0.287529
147.114574,0.287531
147.427785,0.287533
147.740995,0.287535
148.054206,0.287537
148.367416,0.287539
148.680627,0.287541
148.993837,0.287543
149.307048,0.287545
149.620258,0.287547
149.933469,0.287549
150.246679,0.287551
150.559890,0.287553
150.873100,0.287555
151.186311,0.287557
151.499522,0.287559
151.812732,0.287561
152.125943,0.287563
152.439153,0.287565
152.752364,0.287567
153.065574,0.287569
153.378785,0.287571
153.691995,0.287573
154.005206,0.287575
154.318416,0.287577
154.631627,0.287580
154.944837,0.287582
155.258048,0.287584
155.571258,0.287586
155.884469,0.287588
156.197679,0.287590
156.510890,0.287592
156.824100,0.287594
157.137311,0.287597
157.450521,0.287599
157.763732,0.287601
158.076942,0.287603
158.390153,0.287605
158.703364,0.287607
159.016574,0.287610
159.329785,0.287612
159.642995,0.287614
159.956206,0.287616
160.269416,0.287619
160.582627,0.287621
160.895837,0.287623
161.209048,0.287625
161.522258,0.287627
161.835469,0.287630
162.148679,0.287632
162.461890,0.287634
162.775100,0.287636
163.088311,0.287639
163.401521,0.287641
163.714732,0.287643
164.027942,0.287646
164.341153,0.287648
164.654363,0.287650
164.967574,0.287653
165.280784,0.287655
165.593995,0.287657
165.907205,0.287660
166.220416,0.287662
166.533627,0.287664
166.846837,0.287667
167.160048,0.287669
167.473258,0.287671
167.786469,0.287674
168.099679,0.287676
168.412890,0.287679
168.726100,0.287681
169.039311,0.287683
169.352521,0.287686
169.665732,0.287688
169.978942,0.287691
170.292153,0.287693
170.605363,0.287696
170.918574,0.287698
171.231784,0.287701
171.544995,0.287703
171.858205,0.287706
172.171416,0.287708
172.484626,0.287711
172.797837,0.287713
173.111047,0.287716
173.424258,0.287718
173.737469,0.287721
174.050679,0.287723
174.363890,0.287726
174.677100,0.287728
174.990311,0.287731
175.303521,0.287733
175.616732,0.287736
175.929942,0.287739
176.243153,0.287741
176.556363,0.287744
176.869574,0.287746
177.182784,0.287749
177.495995,0.287752
177.809205,0.287754
178.122416,0.287757
178.435626,0.287760
178.748837,0.287762
179.062047,0.287765
179.375258,0.287768
179.688468,0.287770
180.001679,0.287773
180.314889,0.287776
180.628100,0.287779
180.941310,0.287781
181.254521,0.287784
181.567732,0.287787
181.880942,0.287790
182.194153,0.287792
182.507363,0.287795
182.820574,0.287798
183.133784,0.287801
183.446995,0.287803
183.760205,0.287806
184.073416,0.287809
184.386626,0.287812
184.699837,0.287815
185.013047,0.287818
185.326258,0.287820
185.639468,0.287823
185.952679,0.287826
186.265889,0.287829
186.579100,0.287832
186.892310,0.287835
187.205521,0.287838
187.518731,0.287841
187.831942,0.287844
188.145152,0.287847
188.458363,0.287850
188.771574,0.287853
189.084784,0.287856
189.397995,0.287859
189.711205,0.287862
190.024416,0.287865
190.337626,0.287868
190.650837,0.287871
190.964047,0.287874
191.277258,0.287877
191.590468,0.287880
191.903679,0.287883
192.216889,0.287886
192.530100,0.287889
192.843310,0.287892
193.156521,0.287895
193.469731,0.287898
193.782942,0.287902
194.096152,0.287905
194.409363,0.287908
194.722573,0.287911
195.035784,0.287914
195.348994,0.287917
195.662205,0.287921
195.975416,0.287924
196.288626,0.287927
196.601837,0.287930
196.915047,0.287933
197.228258,0.287937
197.541468,0.287940
197.854679,0.287943
198.167889,0.287947
198.481100,0.287950
198.794310,0.287953
199.107521,0.287957
199.420731,0.287960
199.733942,0.287963
200.047152,0.287967
200.360363,0.287970
200.673573,0.287973
200.986784,0.287977
201.299994,0.287980
201.613205,0.287984
201.926415,0.287987
202.239626,0.287990
202.552836,0.287994
202.866047,0.287997
203.179257,0.288001
203.492468,0.288004
203.805679,0.288008
204.118889,0.288011
204.432100,0.288015
204.745310,0.288019
205.058521,0.288022
205.371731,0.288026
205.684942,0.288029
205.998152,0.288033
206.311363,0.288036
206.624573,0.288040
206.937784,0.288044
207.250994,0.288047
207.564205,0.288051
207.877415,0.288055
208.190626,0.288058
208.503836,0.288062
208.817047,0.288066
209.130257,0.288070
209.443468,0.288073
209.756678,0.288077
210.069889,0.288081
210.383099,0.288085
210.696310,0.288089
211.009521,0.288092
211.322731,0.288096
211.635942,0.288100
211.949152,0.288104
212.262363,0.288108
212.575573,0.288112
212.888784,0.288116
213.201994,0.288120
213.515205,0.288123
213.828415,0.288127
214.141626,0.288131
214.454836,0.288135
214.768047,0.288139
215.081257,0.288143
215.394468,0.288147
215.707678,0.288151
216.020889,0.288156
216.334099,0.288160
216.647310,0.288164
216.960520,0.288168
217.273731,0.288172
217.586941,0.288176
217.900152,0.288180
218.213363,0.288184
218.526573,0.288189
218.839784,0.288193
219.152994,0.288197
219.466205,0.288201
219.779415,0.288205
220.092626,0.288210
220.405836,0.288214
220.719047,0.288218
221.032257,0.288223
221.345468,0.288227
221.658678,0.288231
221.971889,0.288236
222.285099,0.288240
222.598310,0.288245
222.911520,0.288249
223.224731,0.288253
223.537941,0.288258
223.851152,0.288262
224.164362,0.288267
224.477573,0.288271
224.790783,0.288276
225.103994,0.288280
225.417204,0.288285
225.730415,0.288290
226.043626,0.288294
226.356836,0.288299
226.670047,0.288303
226.983257,0.288308
227.296468,0.288313
227.609678,0.288317
227.922889,0.288322
228.236099,0.288327
228.549310,0.288332
228.862520,0.288336
229.175731,0.288341
229.488941,0.288346
229.802152,0.288351
230.115362,0.288356
230.428573,0.288361
230.741783,0.288366
231.054994,0.288370
231.368204,0.288375
231.681415,0.288380
231.994625,0.288385
232.307836,0.288390
232.621046,0.288395
232.934257,0.288400
233.247468,0.288405
233.560678,0.288410
233.873889,0.288416
234.187099,0.288421
234.500310,0.288426
234.813520,0.288431
235.126731,0.288436
235.439941,0.288441
235.753152,0.288447
236.066362,0.288452
236.379573,0.288457
236.692783,0.288462
237.005994,0.288468
237.319204,0.288473
237.632415,0.288478
237.945625,0.288484
238.258836,0.288489
238.572046,0.288495
238.885257,0.288500
239.198467,0.288506
239.511678,0.288511
239.824888,0.288517
240.138099,0.288522
240.451310,0.288528
240.764520,0.288533
241.077731,0.288539
241.390941,0.288545
241.704152,0.288550
242.017362,0.288556
242.330573,0.288562
242.643783,0.288568
242.956994,0.288573
243.270204,0.288579
243.583415,0.288585
243.896625,0.288591
244.209836,0.288597
244.523046,0.288603
244.836257,0.288609
245.149467,0.288614
245.462678,0.288620
245.775888,0.288626
246.089099,0.288632
246.402309,0.288639
246.715520,0.288645
247.028730,0.288651
247.341941,0.288657
247.655151,0.288663
247.968362,0.288669
248.281573,0.288676
248.594783,0.288682
248.907994,0.288688
249.221204,0.288694
249.534415,0.288701
249.847625,0.288707
250.160836,0.288713
250.474046,0.288720
250.787257,0.288726
251.100467,0.288733
251.413678,0.288739
251.726888,0.288746
252.040099,0.288753
252.353309,0.288759
252.666520,0.288766
252.979730,0.288772
253.292941,0.288779
253.606151,0.288786
253.919362,0.288793
254.232572,0.288799
254.545783,0.288806
254.858993,0.288813
255.172204,0.288820
255.485415,0.288827
255.798625,0.288834
256.111836,0.288841
256.425046,0.288848
256.738257,0.288855
257.051467,0.288862
257.364678,0.288869
257.677888,0.288876
257.991099,0.288884
258.304309,0.288891
258.617520,0.288898
258.930730,0.288905
259.243941,0.288913
259.557151,0.288920
259.870362,0.288927
260.183572,0.288935
260.496783,0.288942
260.809993,0.288950
261.123204,0.288957
261.436414,0.288965
261.749625,0.288973
262.062835,0.288980
262.376046,0.288988
262.689257,0.288996
263.002467,0.289004
263.315678,0.289011
263.628888,0.289019
263.942099,0.289027
264.255309,0.289035
264.568520,0.289043
264.881730,0.289051
265.194941,0.289059
265.508151,0.289067
265.821362,0.289075
266.134572,0.289083
266.447783,0.289092
266.760993,0.289100
267.074204,0.289108
267.387414,0.289117
267.700625,0.289125
268.013835,0.289133
268.327046,0.289142
268.640256,0.289150
268.953467,0.289159
269.266677,0.289168
269.579888,0.289176
269.893098,0.289185
270.206309,0.289194
270.519520,0.289202
270.832730,0.289211
271.145941,0.289220
271.459151,0.289229
271.772362,0.289238
272.085572,0.289247
272.398783,0.289256
272.711993,0.289265
273.025204,0.289274
273.338414,0.289284
273.651625,0.289293
273.964835,0.289302
274.278046,0.289311
274.591256,0.289321
274.904467,0.289330
275.217677,0.289340
275.530888,0.289349
275.844098,0.289359
276.157309,0.289369
276.470519,0.289378
276.783730,0.289388
277.096940,0.289398
277.410151,0.289408
277.723362,0.289418
278.036572,0.289428
278.349783,0.289438
278.662993,0.289448
278.976204,0.289458
279.289414,0.289468
279.602625,0.289478
279.915835,0.289489
280.229046,0.289499
280.542256,0.289509
280.855467,0.289520
281.168677,0.289530
281.481888,0.289541
281.795098,0.289552
282.108309,0.289562
282.421519,0.289573
282.734730,0.289584
283.047940,0.289595
283.361151,0.289606
283.674361,0.289617
283.987572,0.289628
284.300782,0.289639
284.613993,0.289650
284.927204,0.289662
285.240414,0.289673
285.553625,0.289684
285.866835,0.289696
286.180046,0.289707
286.493256,0.289719
286.806467,0.289731
287.119677,0.289742
287.432888,0.289754
287.746098,0.289766
288.059309,0.289778
288.372519,0.289790
288.685730,0.289802
288.998940,0.289814
289.312151,0.289826
289.625361,0.289839
289.938572,0.289851
290.251782,0.289864
290.564993,0.289876
290.878203,0.289889
291.191414,0.289901
291.504624,0.289914
291.817835,0.289927
292.131045,0.289940
292.444256,0.289953
292.757467,0.289966
293.070677,0.289979
293.383888,0.289992
293.697098,0.290006
294.010309,0.290019
294.323519,0.290032
294.636730,0.290046
294.949940,0.290060
295.263151,0.290073
295.576361,0.290087
295.889572,0.290101
296.202782,0.290115
296.515993,0.290129
296.829203,0.290143
297.142414,0.290157
297.455624,0.290172
297.768835,0.290186
298.082045,0.290201
298.395256,0.290215
298.708466,0.290230
299.021677,0.290245
299.334887,0.290260
299.648098,0.290275
299.961309,0.290290
300.274519,0.290305
300.587730,0.290320
300.900940,0.290336
301.214151,0.290351
301.527361,0.290367
301.840572,0.290382
302.153782,0.290398
302.466993,0.290414
302.780203,0.290430
303.093414,0.290446
303.406624,0.290462
303.719835,0.290478
304.033045,0.290495
304.346256,0.290511
304.659466,0.290528
304.972677,0.290545
305.285887,0.290562
305.599098,0.290579
305.912308,0.290596
306.225519,0.290613
306.538729,0.290630
306.851940,0.290648
307.165150,0.290665
307.478361,0.290683
307.791572,0.290701
308.104782,0.290718
308.417993,0.290737
308.731203,0.290755
309.044414,0.290773
309.357624,0.290791
309.670835,0.290810
309.984045,0.290829
310.297256,0.290847
310.610466,0.290866
310.923677,0.290885
311.236887,0.290905
311.550098,0.290924
311.863308,0.290943
312.176519,0.290963
312.489729,0.290983
312.802940,0.291003
313.116150,0.291023
313.429361,0.291043
313.742571,0.291063
314.055782,0.291084
314.368992,0.291104
314.682203,0.291125
314.995414,0.291146
315.308624,0.291167
315.621835,0.291188
315.935045,0.291210
316.248256,0.291231
316.561466,0.291253
316.874677,0.291275
317.187887,0.291297
317.501098,0.291319
317.814308,0.291342
318.127519,0.291364
318.440729,0.291387
318.753940,0.291410
319.067150,0.291433
319.380361,0.291456
319.693571,0.291479
320.006782,0.291503
320.319992,0.291527
320.633203,0.291551
320.946413,0.291575
321.259624,0.291599
321.572834,0.291624
321.886045,0.291648
322.199256,0.291673
322.512466,0.291698
322.825677,0.291724
323.138887,0.291749
323.452098,0.291775
323.765308,0.291801
324.078519,0.291827
324.391729,0.291853
324.704940,0.291880
325.018150,0.291906
325.331361,0.291933
325.644571,0.291961
325.957782,0.291988
326.270992,0.292016
326.584203,0.292043
326.897413,0.292071
327.210624,0.292100
327.523834,0.292128
327.837045,0.292157
328.150255,0.292186
328.463466,0.292215
328.776676,0.292245
329.089887,0.292275
329.403097,0.292305
329.716308,0.292335
330.029519,0.292365
330.342729,0.292396
330.655940,0.292427
330.969150,0.292459
331.282361,0.292490
331.595571,0.292522
331.908782,0.292554
332.221992,0.292587
332.535203,0.292619
332.848413,0.292652
333.161624,0.292685
333.474834,0.292719
333.788045,0.292753
334.101255,0.292787
334.414466,0.292821
334.727676,0.292856
335.040887,0.292891
335.354097,0.292927
335.667308,0.292962
335.980518,0.292998
336.293729,0.293035
336.606939,0.293072
336.920150,0.293109
337.233361,0.293146
337.546571,0.293184
337.859782,0.293222
338.172992,0.293260
338.486203,0.293299
338.799413,0.293338
339.112624,0.293378
339.425834,0.293417
339.739045,0.293458
340.052255,0.293498
340.365466,0.293539
340.678676,0.293581
340.991887,0.293623
341.305097,0.293665
341.618308,0.293708
341.931518,0.293751
342.244729,0.293794
342.557939,0.293838
342.871150,0.293882
343.184360,0.293927
343.497571,0.293972
343.810781,0.294018
344.123992,0.294064
344.437203,0.294111
344.750413,0.294158
345.063624,0.294205
345.376834,0.294253
345.690045,0.294302
346.003255,0.294351
346.316466,0.294400
346.629676,0.294450
346.942887,0.294501
347.256097,0.294552
347.569308,0.294603
347.882518,0.294656
348.195729,0.294708
348.508939,0.294761
348.822150,0.294815
349.135360,0.294870
349.448571,0.294925
349.761781,0.294980
350.074992,0.295036
350.388202,0.295093
350.701413,0.295150
351.014623,0.295208
351.327834,0.295267
351.641044,0.295326
351.954255,0.295386
352.267466,0.295447
352.580676,0.295508
352.893887,0.295570
353.207097,0.295633
353.520308,0.295696
353.833518,0.295760
354.146729,0.295825
354.459939,0.295890
354.773150,0.295957
355.086360,0.296024
355.399571,0.296092
355.712781,0.296160
356.025992,0.296230
356.339202,0.296300
356.652413,0.296371
356.965623,0.296443
357.278834,0.296516
357.592044,0.296590
357.905255,0.296664
358.218465,0.296740
358.531676,0.296816
358.844886,0.296893
359.158097,0.296972
359.471308,0.297051
359.784518,0.297131
360.097729,0.297212
360.410939,0.297295
360.724150,0.297378
361.037360,0.297462
361.350571,0.297547
361.663781,0.297634
361.976992,0.297722
362.290202,0.297810
362.603413,0.297900
362.916623,0.297991
363.229834,0.298083
363.543044,0.298177
363.856255,0.298271
364.169465,0.298367
364.482676,0.298465
364.795886,0.298563
365.109097,0.298663
365.422307,0.298764
365.735518,0.298867
366.048728,0.298971
366.361939,0.299076
366.675150,0.299183
366.988360,0.299291
367.301571,0.299401
367.614781,0.299512
367.927992,0.299625
368.241202,0.299740
368.554413,0.299856
368.867623,0.299974
369.180834,0.300094
369.494044,0.300215
369.807255,0.300338
370.120465,0.300463
370.433676,0.300590
370.746886,0.300718
371.060097,0.300849
371.373307,0.300981
371.686518,0.301116
371.999728,0.301252
372.312939,0.301391
372.626149,0.301532
372.939360,0.301675
373.252570,0.301820
373.565781,0.301967
373.878991,0.302117
374.192202,0.302269
374.505413,0.302424
374.818623,0.302581
375.131834,0.302740
375.445044,0.302902
375.758255,0.303067
376.071465,0.303234
376.384676,0.303405
376.697886,0.303578
377.011097,0.303754
377.324307,0.303932
377.637518,0.304114
377.950728,0.304299
378.263939,0.304488
378.577149,0.304679
378.890360,0.304874
379.203570,0.305072
379.516781,0.305274
379.829991,0.305479
380.143202,0.305688
380.456412,0.305900
380.769623,0.306117
381.082833,0.306337
381.396044,0.306562
381.709255,0.306790
382.022465,0.307023
382.335676,0.307260
382.648886,0.307502
382.962097,0.307748
383.275307,0.307999
383.588518,0.308254
383.901728,0.308515
384.214939,0.308781
384.528149,0.309052
384.841360,0.309328
385.154570,0.309610
385.467781,0.309897
385.780991,0.310190
386.094202,0.310490
386.407412,0.310795
386.720623,0.311107
387.033833,0.311425
387.347044,0.311750
387.660254,0.312081
387.973465,0.312420
388.286675,0.312766
388.599886,0.313119
388.913097,0.313481
389.226307,0.313850
389.539518,0.314227
389.852728,0.314613
390.165939,0.315007
390.479149,0.315411
390.792360,0.315823
391.105570,0.316245
391.418781,0.316677
391.731991,0.317119
392.045202,0.317572
392.358412,0.318035
392.671623,0.318510
392.984833,0.318996
393.298044,0.319493
393.611254,0.320004
393.924465,0.320526
394.237675,0.321062
394.550886,0.321612
394.864096,0.322176
395.177307,0.322754
395.490517,0.323347
395.803728,0.323956
396.116938,0.324581
396.430149,0.325223
396.743360,0.325882
397.056570,0.326559
397.369781,0.327255
397.682991,0.327970
397.996202,0.328705
398.309412,0.329461
398.622623,0.330239
398.935833,0.331039
399.249044,0.331863
399.562254,0.332711
399.875465,0.333584
400.188675,0.334484
400.501886,0.335411
400.815096,0.336366
401.128307,0.337351
401.441517,0.338368
401.754728,0.339416
402.067938,0.340498
402.381149,0.341615
402.694359,0.342769
403.007570,0.343961
403.320780,0.345194
403.633991,0.346468
403.947202,0.347785
404.260412,0.349149
404.573623,0.350560
404.886833,0.352022
405.200044,0.353536
405.513254,0.355105
405.826465,0.356731
406.139675,0.358419
406.452886,0.360170
406.766096,0.361988
407.079307,0.363876
407.392517,0.365838
407.705728,0.367877
408.018938,0.369999
408.332149,0.372206
408.645359,0.374505
408.958570,0.376899
409.271780,0.379394
409.584991,0.381996
409.898201,0.384711
410.211412,0.387545
410.524622,0.390505
410.837833,0.393598
411.151044,0.396833
411.464254,0.400218
411.777465,0.403762
412.090675,0.407474
412.403886,0.411366
412.717096,0.415448
413.030307,0.419733
413.343517,0.424233
413.656728,0.428962
413.969938,0.433937
414.283149,0.439171
414.596359,0.444684
414.909570,0.450495
415.222780,0.456622
415.535991,0.463088
415.849201,0.469917
416.162412,0.477134
416.475622,0.484766
416.788833,0.492843
417.102043,0.501396
417.415254,0.510460
417.728464,0.520070
418.041675,0.530266
418.354885,0.541091
418.668096,0.552588
418.981307,0.564806
419.294517,0.577795
419.607728,0.591609
419.920938,0.606302
420.234149,0.621935
420.547359,0.638566
420.860570,0.656257
421.173780,0.675069
421.486991,0.695063
421.800201,0.716295
422.113412,0.738818
422.426622,0.762676
422.739833,0.787900
423.053043,0.814506
423.366254,0.842489
423.679464,0.871815
423.992675,0.902416
424.305885,0.934178
424.619096,0.966939
424.932306,1.000474
425.245517,1.034491
425.558727,1.068623
425.871938,1.102426
426.185149,1.135382
426.498359,1.166902
426.811570,1.196344
427.124780,1.223037
427.437991,1.246308
427.751201,1.265518
428.064412,1.280106
428.377622,1.289625
428.690833,1.293777
429.004043,1.292435
429.317254,1.285656
429.630464,1.273672
429.943675,1.256879
430.256885,1.235797
430.570096,1.211039
430.883306,1.183270
431.196517,1.153168
431.509727,1.121390
431.822938,1.088547
432.136148,1.055189
432.449359,1.021789
432.762569,0.988745
433.075780,0.956378
433.388991,0.924939
433.702201,0.894615
434.015412,0.865539
434.328622,0.837796
434.641833,0.811434
434.955043,0.786469
435.268254,0.762894
435.581464,0.740684
435.894675,0.719800
436.207885,0.700194
436.521096,0.681811
436.834306,0.664594
437.147517,0.648482
437.460727,0.633416
437.773938,0.619335
438.087148,0.606182
438.400359,0.593902
438.713569,0.582441
439.026780,0.571749
439.339990,0.561779
439.653201,0.552486
439.966411,0.543829
440.279622,0.535768
440.592832,0.528268
440.906043,0.521296
441.219254,0.514820
441.532464,0.508811
441.845675,0.503244
442.158885,0.498093
442.472096,0.493335
442.785306,0.488951
443.098517,0.484919
443.411727,0.481223
443.724938,0.477845
444.038148,0.474769
444.351359,0.471982
444.664569,0.469468
444.977780,0.467216
445.290990,0.465212
445.604201,0.463445
445.917411,0.461903
446.230622,0.460575
446.543832,0.459449
446.857043,0.458514
447.170253,0.457759
447.483464,0.457172
447.796674,0.456741
448.109885,0.456454
448.423096,0.456297
448.736306,0.456257
449.049517,0.456319
449.362727,0.456468
449.675938,0.456689
449.989148,0.456964
450.302359,0.457276
450.615569,0.457607
450.928780,0.457939
451.241990,0.458253
451.555201,0.458529
451.868411,0.458750
452.181622,0.458898
452.494832,0.458954
452.808043,0.458904
453.121253,0.458732
453.434464,0.458426
453.747674,0.457975
454.060885,0.457371
454.374095,0.456609
454.687306,0.455685
455.000516,0.454599
455.313727,0.453353
455.626937,0.451954
455.940148,0.450407
456.253359,0.448723
456.566569,0.446912
456.879780,0.444988
457.192990,0.442964
457.506201,0.440856
457.819411,0.438678
458.132622,0.436445
458.445832,0.434172
458.759043,0.431875
459.072253,0.429567
459.385464,0.427261
459.698674,0.424969
460.011885,0.422704
460.325095,0.420475
460.638306,0.418292
460.951516,0.416163
461.264727,0.414095
461.577937,0.412095
461.891148,0.410167
462.204358,0.408318
462.517569,0.406551
462.830779,0.404869
463.143990,0.403274
463.457201,0.401770
463.770411,0.400358
464.083622,0.399039
464.396832,0.397815
464.710043,0.396686
465.023253,0.395653
465.336464,0.394718
465.649674,0.393879
465.962885,0.393139
466.276095,0.392497
466.589306,0.391954
466.902516,0.391510
467.215727,0.391166
467.528937,0.390923
467.842148,0.390781
468.155358,0.390742
468.468569,0.390807
468.781779,0.390977
469.094990,0.391253
469.408200,0.391638
469.721411,0.392133
470.034621,0.392740
470.347832,0.393462
470.661043,0.394301
470.974253,0.395260
471.287464,0.396343
471.600674,0.397552
471.913885,0.398891
472.227095,0.400364
472.540306,0.401974
472.853516,0.403726
473.166727,0.405623
473.479937,0.407671
473.793148,0.409873
474.106358,0.412234
474.419569,0.414758
474.732779,0.417449
475.045990,0.420310
475.359200,0.423346
475.672411,0.426559
475.985621,0.429950
476.298832,0.433521
476.612042,0.437272
476.925253,0.441201
477.238463,0.445304
477.551674,0.449575
477.864884,0.454006
478.178095,0.458587
478.491306,0.463302
478.804516,0.468134
479.117727,0.473059
479.430937,0.478052
479.744148,0.483080
480.057358,0.488107
480.370569,0.493093
480.683779,0.497990
480.996990,0.502748
481.310200,0.507314
481.623411,0.511630
481.936621,0.515637
482.249832,0.519278
482.563042,0.522494
482.876253,0.525232
483.189463,0.527442
483.502674,0.529084
483.815884,0.530124
484.129095,0.530539
484.442305,0.530318
484.755516,0.529460
485.068726,0.527977
485.381937,0.525892
485.695148,0.523236
486.008358,0.520053
486.321569,0.516389
486.634779,0.512299
486.947990,0.507840
487.261200,0.503070
487.574411,0.498047
487.887621,0.492828
488.200832,0.487466
488.514042,0.482011
488.827253,0.476509
489.140463,0.471002
489.453674,0.465523
489.766884,0.460106
490.080095,0.454775
490.393305,0.449553
490.706516,0.444458
491.019726,0.439503
491.332937,0.434699
491.646147,0.430053
491.959358,0.425572
492.272568,0.421257
492.585779,0.417109
492.898990,0.413129
493.212200,0.409315
493.525411,0.405664
493.838621,0.402172
494.151832,0.398836
494.465042,0.395650
494.778253,0.392611
495.091463,0.389712
495.404674,0.386950
495.717884,0.384318
496.031095,0.381811
496.344305,0.379424
496.657516,0.377152
496.970726,0.374990
497.283937,0.372934
497.597147,0.370978
497.910358,0.369118
498.223568,0.367350
498.536779,0.365670
498.849989,0.364074
499.163200,0.362558
499.476410,0.361118
499.789621,0.359752
500.102831,0.358456
500.416042,0.357228
500.729253,0.356063
501.042463,0.354961
501.355674,0.353918
501.668884,0.352931
501.982095,0.352000
502.295305,0.351121
502.608516,0.350293
502.921726,0.349514
503.234937,0.348782
503.548147,0.348096
503.861358,0.347454
504.174568,0.346856
504.487779,0.346299
504.800989,0.345782
505.114200,0.345305
505.427410,0.344867
505.740621,0.344466
506.053831,0.344102
506.367042,0.343775
506.680252,0.343483
506.993463,0.343226
507.306673,0.343004
507.619884,0.342815
507.933095,0.342661
508.246305,0.342539
508.559516,0.342451
508.872726,0.342397
509.185937,0.342375
509.499147,0.342386
509.812358,0.342430
510.125568,0.342506
510.438779,0.342616
510.751989,0.342760
511.065200,0.342937
511.378410,0.343147
511.691621,0.343392
512.004831,0.343670
512.318042,0.343984
512.631252,0.344333
512.944463,0.344717
513.257673,0.345138
513.570884,0.345595
513.884094,0.346089
514.197305,0.346621
514.510515,0.347191
514.823726,0.347799
515.136937,0.348446
515.450147,0.349132
515.763358,0.349858
516.076568,0.350624
516.389779,0.351430
516.702989,0.352276
517.016200,0.353162
517.329410,0.354088
517.642621,0.355052
517.955831,0.356056
518.269042,0.357096
518.582252,0.358173
518.895463,0.359284
519.208673,0.360427
519.521884,0.361601
519.835094,0.362801
520.148305,0.364026
520.461515,0.365269
520.774726,0.366528
521.087936,0.367797
521.401147,0.369071
521.714357,0.370342
522.027568,0.371605
522.340778,0.372852
522.653989,0.374076
522.967200,0.375267
523.280410,0.376419
523.593621,0.377521
523.906831,0.378566
524.220042,0.379545
524.533252,0.380449
524.846463,0.381272
525.159673,0.382006
525.472884,0.382646
525.786094,0.383185
526.099305,0.383620
526.412515,0.383948
526.725726,0.384168
527.038936,0.384280
527.352147,0.384286
527.665357,0.384187
527.978568,0.383990
528.291778,0.383697
528.604989,0.383317
528.918199,0.382856
529.231410,0.382323
529.544620,0.381725
529.857831,0.381071
530.171042,0.380372
530.484252,0.379634
530.797463,0.378869
531.110673,0.378083
531.423884,0.377286
531.737094,0.376484
532.050305,0.375687
532.363515,0.374899
532.676726,0.374129
532.989936,0.373380
533.303147,0.372659
533.616357,0.371969
533.929568,0.371316
534.242778,0.370702
534.555989,0.370131
534.869199,0.369605
535.182410,0.369126
535.495620,0.368697
535.808831,0.368320
536.122041,0.367995
536.435252,0.367725
536.748462,0.367509
537.061673,0.367349
537.374884,0.367246
537.688094,0.367200
538.001305,0.367213
538.314515,0.367284
538.627726,0.367414
538.940936,0.367603
539.254147,0.367853
539.567357,0.368163
539.880568,0.368535
540.193778,0.368968
540.506989,0.369464
540.820199,0.370023
541.133410,0.370646
541.446620,0.371334
541.759831,0.372088
542.073041,0.372909
542.386252,0.373798
542.699462,0.374756
543.012673,0.375784
543.325883,0.376885
543.639094,0.378059
543.952304,0.379307
544.265515,0.380633
544.578725,0.382037
544.891936,0.383522
545.205147,0.385089
545.518357,0.386741
545.831568,0.388479
546.144778,0.390307
546.457989,0.392226
546.771199,0.394238
547.084410,0.396347
547.397620,0.398555
547.710831,0.400864
548.024041,0.403277
548.337252,0.405796
548.650462,0.408424
548.963673,0.411164
549.276883,0.414016
549.590094,0.416984
549.903304,0.420070
550.216515,0.423274
550.529725,0.426599
550.842936,0.430045
551.156146,0.433612
551.469357,0.437301
551.782567,0.441111
552.095778,0.445039
552.408989,0.449084
552.722199,0.453242
553.035410,0.457509
553.348620,0.461879
553.661831,0.466343
553.975041,0.470895
554.288252,0.475523
554.601462,0.480215
554.914673,0.484957
555.227883,0.489733
555.541094,0.494525
555.854304,0.499312
556.167515,0.504072
556.480725,0.508781
556.793936,0.513411
557.107146,0.517936
557.420357,0.522324
557.733567,0.526545
558.046778,0.530567
558.359988,0.534357
558.673199,0.537883
558.986409,0.541114
559.299620,0.544019
559.612831,0.546569
559.926041,0.548738
560.239252,0.550505
560.552462,0.551848
560.865673,0.552754
561.178883,0.553212
561.492094,0.553217
561.805304,0.552769
562.118515,0.551871
562.431725,0.550533
562.744936,0.548771
563.058146,0.546600
563.371357,0.544046
563.684567,0.541131
563.997778,0.537885
564.310988,0.534338
564.624199,0.530522
564.937409,0.526467
565.250620,0.522207
565.563830,0.517774
565.877041,0.513199
566.190251,0.508512
566.503462,0.503740
566.816672,0.498912
567.129883,0.494052
567.443094,0.489182
567.756304,0.484322
568.069515,0.479492
568.382725,0.474708
568.695936,0.469983
569.009146,0.465330
569.322357,0.460761
569.635567,0.456283
569.948778,0.451904
570.261988,0.447630
570.575199,0.443465
570.888409,0.439413
571.201620,0.435477
571.514830,0.431657
571.828041,0.427956
572.141251,0.424372
572.454462,0.420905
572.767672,0.417554
573.080883,0.414318
573.394093,0.411195
573.707304,0.408183
574.020514,0.405279
574.333725,0.402482
574.646936,0.399788
574.960146,0.397194
575.273357,0.394699
575.586567,0.392299
575.899778,0.389991
576.212988,0.387772
576.526199,0.385640
576.839409,0.383591
577.152620,0.381624
577.465830,0.379735
577.779041,0.377922
578.092251,0.376182
578.405462,0.374513
578.718672,0.372912
579.031883,0.371377
579.345093,0.369905
579.658304,0.368496
579.971514,0.367146
580.284725,0.365853
580.597935,0.364616
580.911146,0.363433
581.224356,0.362303
581.537567,0.361222
581.850777,0.360191
582.163988,0.359207
582.477199,0.358269
582.790409,0.357375
583.103620,0.356525
583.416830,0.355718
583.730041,0.354951
584.043251,0.354224
584.356462,0.353536
584.669672,0.352886
584.982883,0.352273
585.296093,0.351696
585.609304,0.351154
585.922514,0.350648
586.235725,0.350175
586.548935,0.349736
586.862146,0.349330
587.175356,0.348956
587.488567,0.348614
587.801777,0.348303
588.114988,0.348024
588.428198,0.347775
588.741409,0.347557
589.054619,0.347370
589.367830,0.347212
589.681041,0.347084
589.994251,0.346987
590.307462,0.346919
590.620672,0.346881
590.933883,0.346874
591.247093,0.346896
591.560304,0.346949
591.873514,0.347032
592.186725,0.347145
592.499935,0.347290
592.813146,0.347466
593.126356,0.347674
593.439567,0.347913
593.752777,0.348186
594.065988,0.348492
594.379198,0.348832
594.692409,0.349206
595.005619,0.349616
595.318830,0.350061
595.632040,0.350544
595.945251,0.351065
596.258461,0.351625
596.571672,0.352224
596.884883,0.352865
597.198093,0.353548
597.511304,0.354275
597.824514,0.355047
598.137725,0.355866
598.450935,0.356733
598.764146,0.357649
599.077356,0.358617
599.390567,0.359639
599.703777,0.360716
600.016988,0.361850
600.330198,0.363044
600.643409,0.364299
600.956619,0.365619
601.269830,0.367005
601.583040,0.368461
601.896251,0.369988
602.209461,0.371590
602.522672,0.373270
602.835882,0.375030
603.149093,0.376873
603.462303,0.378803
603.775514,0.380823
604.088724,0.382936
604.401935,0.385145
604.715146,0.387453
605.028356,0.389864
605.341567,0.392381
605.654777,0.395006
605.967988,0.397743
606.281198,0.400593
606.594409,0.403560
606.907619,0.406645
607.220830,0.409850
607.534040,0.413175
607.847251,0.416620
608.160461,0.420185
608.473672,0.423867
608.786882,0.427664
609.100093,0.431572
609.413303,0.435585
609.726514,0.439695
610.039724,0.443893
610.352935,0.448168
610.666145,0.452506
610.979356,0.456891
611.292566,0.461303
611.605777,0.465723
611.918988,0.470125
612.232198,0.474484
612.545409,0.478769
612.858619,0.482950
613.171830,0.486993
613.485040,0.490862
613.798251,0.494523
614.111461,0.497937
614.424672,0.501069
614.737882,0.503884
615.051093,0.506348
615.364303,0.508433
615.677514,0.510111
615.990724,0.511362
616.303935,0.512168
616.617145,0.512521
616.930356,0.512415
617.243566,0.511854
617.556777,0.510846
617.869987,0.509405
618.183198,0.507552
618.496408,0.505311
618.809619,0.502712
619.122830,0.499787
619.436040,0.496571
619.749251,0.493099
620.062461,0.489409
620.375672,0.485537
620.688882,0.481517
621.002093,0.477386
621.315303,0.473174
621.628514,0.468911
621.941724,0.464626
622.254935,0.460342
622.568145,0.456082
622.881356,0.451866
623.194566,0.447710
623.507777,0.443629
623.820987,0.439635
624.134198,0.435738
624.447408,0.431946
624.760619,0.428265
625.073829,0.424701
625.387040,0.421255
625.700250,0.417931
626.013461,0.414731
626.326671,0.411653
626.639882,0.408697
626.953093,0.405863
627.266303,0.403150
627.579514,0.400553
627.892724,0.398073
628.205935,0.395705
628.519145,0.393448
628.832356,0.391297
629.145566,0.389251
629.458777,0.387307
629.771987,0.385460
630.085198,0.383708
630.398408,0.382049
630.711619,0.380479
631.024829,0.378995
631.338040,0.377594
631.651250,0.376275
631.964461,0.375034
632.277671,0.373868
632.590882,0.372776
632.904092,0.371755
633.217303,0.370804
633.530513,0.369919
633.843724,0.369099
634.156935,0.368343
634.470145,0.367649
634.783356,0.367015
635.096566,0.366439
635.409777,0.365921
635.722987,0.365459
636.036198,0.365051
636.349408,0.364698
636.662619,0.364398
636.975829,0.364150
637.289040,0.363954
637.602250,0.363808
637.915461,0.363713
638.228671,0.363667
638.541882,0.363671
638.855092,0.363724
639.168303,0.363827
639.481513,0.363978
639.794724,0.364178
640.107934,0.364427
640.421145,0.364725
640.734355,0.365073
641.047566,0.365470
641.360777,0.365918
641.673987,0.366416
641.987198,0.366965
642.300408,0.367567
642.613619,0.368221
642.926829,0.368929
643.240040,0.369691
643.553250,0.370510
643.866461,0.371385
644.179671,0.372318
644.492882,0.373310
644.806092,0.374364
645.119303,0.375480
645.432513,0.376660
645.745724,0.377907
646.058934,0.379221
646.372145,0.380605
646.685355,0.382062
646.998566,0.383592
647.311776,0.385200
647.624987,0.386887
647.938197,0.388656
648.251408,0.390510
648.564618,0.392451
648.877829,0.394483
649.191040,0.396610
649.504250,0.398833
649.817461,0.401158
650.130671,0.403587
650.443882,0.406124
650.757092,0.408774
651.070303,0.411539
651.383513,0.414424
651.696724,0.417434
652.009934,0.420572
652.323145,0.423843
652.636355,0.427251
652.949566,0.430801
653.262776,0.434497
653.575987,0.438343
653.889197,0.442343
654.202408,0.446501
654.515618,0.450821
654.828829,0.455307
655.142039,0.459961
655.455250,0.464786
655.768460,0.469784
656.081671,0.474956
656.394882,0.480303
656.708092,0.485823
657.021303,0.491516
657.334513,0.497377
657.647724,0.503403
657.960934,0.509586
658.274145,0.515919
658.587355,0.522391
658.900566,0.528988
659.213776,0.535695
659.526987,0.542493
659.840197,0.549361
660.153408,0.556275
660.466618,0.563205
660.779829,0.570121
661.093039,0.576987
661.406250,0.583766
661.719460,0.590415
662.032671,0.596892
662.345881,0.603150
662.659092,0.609139
662.972302,0.614811
663.285513,0.620115
663.598724,0.625003
663.911934,0.629425
664.225145,0.633336
664.538355,0.636695
664.851566,0.639462
665.164776,0.641607
665.477987,0.643103
665.791197,0.643932
666.104408,0.644084
666.417618,0.643553
666.730829,0.642347
667.044039,0.640478
667.357250,0.637966
667.670460,0.634838
667.983671,0.631128
668.296881,0.626875
668.610092,0.622123
668.923302,0.616916
669.236513,0.611304
669.549723,0.605337
669.862934,0.599065
670.176144,0.592536
670.489355,0.585798
670.802565,0.578898
671.115776,0.571879
671.428987,0.564781
671.742197,0.557642
672.055408,0.550494
672.368618,0.543370
672.681829,0.536296
672.995039,0.529296
673.308250,0.522390
673.621460,0.515597
673.934671,0.508931
674.247881,0.502404
674.561092,0.496027
674.874302,0.489807
675.187513,0.483751
675.500723,0.477861
675.813934,0.472142
676.127144,0.466594
676.440355,0.461218
676.753565,0.456012
677.066776,0.450976
677.379986,0.446107
677.693197,0.441402
678.006407,0.436859
678.319618,0.432472
678.632829,0.428239
678.946039,0.424155
679.259250,0.420217
679.572460,0.416418
679.885671,0.412756
680.198881,0.409225
680.512092,0.405821
680.825302,0.402539
681.138513,0.399376
681.451723,0.396326
681.764934,0.393385
682.078144,0.390550
682.391355,0.387816
682.704565,0.385180
683.017776,0.382636
683.330986,0.380183
683.644197,0.377815
683.957407,0.375531
684.270618,0.373326
684.583828,0.371197
684.897039,0.369142
685.210249,0.367156
685.523460,0.365238
685.836671,0.363385
686.149881,0.361594
686.463092,0.359863
686.776302,0.358189
687.089513,0.356570
687.402723,0.355003
687.715934,0.353488
688.029144,0.352021
688.342355,0.350601
688.655565,0.349225
688.968776,0.347893
689.281986,0.346603
689.595197,0.345352
689.908407,0.344140
690.221618,0.342965
690.534828,0.341825
690.848039,0.340719
691.161249,0.339646
691.474460,0.338605
691.787670,0.337594
692.100881,0.336613
692.414091,0.335660
692.727302,0.334734
693.040512,0.333835
693.353723,0.332960
693.666934,0.332110
693.980144,0.331284
694.293355,0.330480
694.606565,0.329698
694.919776,0.328937
695.232986,0.328197
695.546197,0.327476
695.859407,0.326775
696.172618,0.326091
696.485828,0.325426
696.799039,0.324777
697.112249,0.324146
697.425460,0.323530
697.738670,0.322929
698.051881,0.322344
698.365091,0.321773
698.678302,0.321216
698.991512,0.320673
699.304723,0.320143
699.617933,0.319626
699.931144,0.319121
700.244354,0.318627
700.557565,0.318146
700.870776,0.317676
701.183986,0.317216
701.497197,0.316767
701.810407,0.316329
702.123618,0.315900
702.436828,0.315481
702.750039,0.315071
703.063249,0.314671
703.376460,0.314279
703.689670,0.313895
704.002881,0.313520
704.316091,0.313153
704.629302,0.312794
704.942512,0.312443
705.255723,0.312099
705.568933,0.311762
705.882144,0.311432
706.195354,0.311108
706.508565,0.310792
706.821775,0.310482
707.134986,0.310178
707.448196,0.309880
707.761407,0.309588
708.074617,0.309302
708.387828,0.309022
708.701039,0.308747
709.014249,0.308477
709.327460,0.308213
709.640670,0.307953
709.953881,0.307699
710.267091,0.307449
710.580302,0.307204
710.893512,0.306964
711.206723,0.306728
