# rshift,intensity
79.480055,0.199729
79.792491,0.199730
80.104926,0.199730
80.417361,0.199731
80.729796,0.199732
81.042232,0.199732
81.354667,0.199733
81.667102,0.199734
81.979537,0.199734
82.291973,0.199735
82.604408,0.199736
82.916843,0.199736
83.229278,0.199737
83.541714,0.199738
83.854149,0.199738
84.166584,0.199739
84.479019,0.199740
84.791455,0.199740
85.103890,0.199741
85.416325,0.199742
85.728760,0.199742
86.041196,0.199743
86.353631,0.199744
86.666066,0.199745
86.978501,0.199745
87.290937,0.199746
87.603372,0.199747
87.915807,0.199747
88.228242,0.199748
88.540678,0.199749
88.853113,0.199749
89.165548,0.199750
89.477983,0.199751
89.790419,0.199752
90.102854,0.199752
90.415289,0.199753
90.727724,0.199754
91.040160,0.199754
91.352595,0.199755
91.665030,0.199756
91.977465,0.199757
92.289901,0.199757
92.602336,0.199758
92.914771,0.199759
93.227206,0.199760
93.539642,0.199760
93.852077,0.199761
94.164512,0.199762
94.476947,0.199762
94.789383,0.199763
95.101818,0.199764
95.414253,0.199765
95.726688,0.199765
96.039124,0.199766
96.351559,0.199767
96.663994,0.199768
96.976429,0.199768
97.288865,0.199769
97.601300,0.199770
97.913735,0.199771
98.226170,0.199772
98.538606,0.199772
98.851041,0.199773
99.163476,0.199774
99.475911,0.199775
99.788347,0.199775
100.100782,0.199776
100.413217,0.199777
100.725652,0.199778
101.038088,0.199779
101.350523,0.199779
101.662958,0.199780
101.975393,0.199781
102.287829,0.199782
102.600264,0.199782
102.912699,0.199783
103.225134,0.199784
103.537570,0.199785
103.850005,0.199786
104.162440,0.199786
104.474875,0.199787
104.787311,0.199788
105.099746,0.199789
105.412181,0.199790
105.724616,0.199791
106.037051,0.199791
106.349487,0.199792
106.661922,0.199793
106.974357,0.199794
107.286792,0.199795
107.599228,0.199795
107.911663,0.199796
108.224098,0.199797
108.536533,0.199798
108.848969,0.199799
109.161404,0.199800
109.473839,0.199800
109.786274,0.199801
110.098710,0.199802
110.411145,0.199803
110.723580,0.199804
111.036015,0.199805
111.348451,0.199806
111.660886,0.199806
111.973321,0.199807
112.285756,0.199808
112.598192,0.199809
112.910627,0.199810
113.223062,0.199811
113.535497,0.199812
113.847933,0.199812
114.160368,0.199813
114.472803,0.199814
114.785238,0.199815
115.097674,0.199816
115.410109,0.199817
115.722544,0.199818
116.034979,0.199819
116.347415,0.199820
116.659850,0.199820
116.972285,0.199821
117.284720,0.199822
117.597156,0.199823
117.909591,0.199824
118.222026,0.199825
118.534461,0.199826
118.846897,0.199827
119.159332,0.199828
119.471767,0.199829
119.784202,0.199830
120.096638,0.199830
120.409073,0.199831
120.721508,0.199832
121.033943,0.199833
121.346379,0.199834
121.658814,0.199835
121.971249,0.199836
122.283684,0.199837
122.596120,0.199838
122.908555,0.199839
123.220990,0.199840
123.533425,0.199841
123.845861,0.199842
124.158296,0.199843
124.470731,0.199844
124.783166,0.199845
125.095602,0.199846
125.408037,0.199847
125.720472,0.199848
126.032907,0.199849
126.345343,0.199850
126.657778,0.199851
126.970213,0.199851
127.282648,0.199852
127.595084,0.199853
127.907519,0.199854
128.219954,0.199855
128.532389,0.199856
128.844825,0.199857
129.157260,0.199858
129.469695,0.199859
129.782130,0.199860
130.094566,0.199861
130.407001,0.199862
130.719436,0.199864
131.031871,0.199865
131.344307,0.199866
131.656742,0.199867
131.969177,0.199868
132.281612,0.199869
132.594048,0.199870
132.906483,0.199871
133.218918,0.199872
133.531353,0.199873
133.843789,0.199874
134.156224,0.199875
134.468659,0.199876
134.781094,0.199877
135.093530,0.199878
135.405965,0.199879
135.718400,0.199880
136.030835,0.199881
136.343271,0.199882
136.655706,0.199883
136.968141,0.199885
137.280576,0.199886
137.593011,0.199887
137.905447,0.199888
138.217882,0.199889
138.530317,0.199890
138.842752,0.199891
139.155188,0.199892
139.467623,0.199893
139.780058,0.199894
140.092493,0.199895
140.404929,0.199897
140.717364,0.199898
141.029799,0.199899
141.342234,0.199900
141.654670,0.199901
141.967105,0.199902
142.279540,0.199903
142.591975,0.199904
142.904411,0.199906
143.216846,0.199907
143.529281,0.199908
143.841716,0.199909
144.154152,0.199910
144.466587,0.199911
144.779022,0.199913
145.091457,0.199914
145.403893,0.199915
145.716328,0.199916
146.028763,0.199917
146.341198,0.199918
146.653634,0.199920
146.966069,0.199921
147.278504,0.199922
147.590939,0.199923
147.903375,0.199924
148.215810,0.199926
148.528245,0.199927
148.840680,0.199928
149.153116,0.199929
149.465551,0.199930
149.777986,0.199932
150.090421,0.199933
150.402857,0.199934
150.715292,0.199935
151.027727,0.199937
151.340162,0.199938
151.652598,0.199939
151.965033,0.199940
152.277468,0.199942
152.589903,0.199943
152.902339,0.199944
153.214774,0.199945
153.527209,0.199947
153.839644,0.199948
154.152080,0.199949
154.464515,0.199950
154.776950,0.199952
155.089385,0.199953
155.401821,0.199954
155.714256,0.199956
156.026691,0.199957
156.339126,0.199958
156.651562,0.199960
156.963997,0.199961
157.276432,0.199962
157.588867,0.199963
157.901303,0.199965
158.213738,0.199966
158.526173,0.199967
158.838608,0.199969
159.151044,0.199970
159.463479,0.199971
159.775914,0.199973
160.088349,0.199974
160.400785,0.199976
160.713220,0.199977
161.025655,0.199978
161.338090,0.199980
161.650526,0.199981
161.962961,0.199982
162.275396,0.199984
162.587831,0.199985
162.900267,0.199987
163.212702,0.199988
163.525137,0.199989
163.837572,0.199991
164.150008,0.199992
164.462443,0.199994
164.774878,0.199995
165.087313,0.199996
165.399749,0.199998
165.712184,0.199999
166.024619,0.200001
166.337054,0.200002
166.649490,0.200004
166.961925,0.200005
167.274360,0.200007
167.586795,0.200008
167.899231,0.200010
168.211666,0.200011
168.524101,0.200012
168.836536,0.200014
169.148971,0.200015
169.461407,0.200017
169.773842,0.200018
170.086277,0.200020
170.398712,0.200021
170.711148,0.200023
171.023583,0.200025
171.336018,0.200026
171.648453,0.200028
171.960889,0.200029
172.273324,0.200031
172.585759,0.200032
172.898194,0.200034
173.210630,0.200035
173.523065,0.200037
173.835500,0.200038
174.147935,0.200040
174.460371,0.200042
174.772806,0.200043
175.085241,0.200045
175.397676,0.200046
175.710112,0.200048
176.022547,0.200050
176.334982,0.200051
176.647417,0.200053
176.959853,0.200054
177.272288,0.200056
177.584723,0.200058
177.897158,0.200059
178.209594,0.200061
178.522029,0.200063
178.834464,0.200064
179.146899,0.200066
179.459335,0.200068
179.771770,0.200069
180.084205,0.200071
180.396640,0.200073
180.709076,0.200074
181.021511,0.200076
181.333946,0.200078
181.646381,0.200079
181.958817,0.200081
182.271252,0.200083
182.583687,0.200085
182.896122,0.200086
183.208558,0.200088
183.520993,0.200090
183.833428,0.200092
184.145863,0.200093
184.458299,0.200095
184.770734,0.200097
185.083169,0.200099
185.395604,0.200100
185.708040,0.200102
186.020475,0.200104
186.332910,0.200106
186.645345,0.200108
186.957781,0.200109
187.270216,0.200111
187.582651,0.200113
187.895086,0.200115
188.207522,0.200117
188.519957,0.200119
188.832392,0.200120
189.144827,0.200122
189.457263,0.200124
189.769698,0.200126
190.082133,0.200128
190.394568,0.200130
190.707004,0.200132
191.019439,0.200134
191.331874,0.200135
191.644309,0.200137
191.956745,0.200139
192.269180,0.200141
192.581615,0.200143
192.894050,0.200145
193.206486,0.200147
193.518921,0.200149
193.831356,0.200151
194.143791,0.200153
194.456227,0.200155
194.768662,0.200157
195.081097,0.200159
195.393532,0.200161
195.705968,0.200163
196.018403,0.200165
196.330838,0.200167
196.643273,0.200169
196.955709,0.200171
197.268144,0.200173
197.580579,0.200175
197.893014,0.200177
198.205450,0.200179
198.517885,0.200181
198.830320,0.200183
199.142755,0.200185
199.455191,0.200188
199.767626,0.200190
200.080061,0.200192
200.392496,0.200194
200.704931,0.200196
201.017367,0.200198
201.329802,0.200200
201.642237,0.200202
201.954672,0.200205
202.267108,0.200207
202.579543,0.200209
202.891978,0.200211
203.204413,0.200213
203.516849,0.200216
203.829284,0.200218
204.141719,0.200220
204.454154,0.200222
204.766590,0.200225
205.079025,0.200227
205.391460,0.200229
205.703895,0.200231
206.016331,0.200234
206.328766,0.200236
206.641201,0.200238
206.953636,0.200240
207.266072,0.200243
207.578507,0.200245
207.890942,0.200247
208.203377,0.200250
208.515813,0.200252
208.828248,0.200254
209.140683,0.200257
209.453118,0.200259
209.765554,0.200262
210.077989,0.200264
210.390424,0.200266
210.702859,0.200269
211.015295,0.200271
211.327730,0.200274
211.640165,0.200276
211.952600,0.200279
212.265036,0.200281
212.577471,0.200283
212.889906,0.200286
213.202341,0.200288
213.514777,0.200291
213.827212,0.200293
214.139647,0.200296
214.452082,0.200298
214.764518,0.200301
215.076953,0.200304
215.389388,0.200306
215.701823,0.200309
216.014259,0.200311
216.326694,0.200314
216.639129,0.200317
216.951564,0.200319
217.264000,0.200322
217.576435,0.200324
217.888870,0.200327
218.201305,0.200330
218.513741,0.200332
218.826176,0.200335
219.138611,0.200338
219.451046,0.200340
219.763482,0.200343
220.075917,0.200346
220.388352,0.200349
220.700787,0.200351
221.013223,0.200354
221.325658,0.200357
221.638093,0.200360
221.950528,0.200362
222.262964,0.200365
222.575399,0.200368
222.887834,0.200371
223.200269,0.200374
223.512705,0.200377
223.825140,0.200379
224.137575,0.200382
224.450010,0.200385
224.762446,0.200388
225.074881,0.200391
225.387316,0.200394
225.699751,0.200397
226.012187,0.200400
226.324622,0.200403
226.637057,0.200406
226.949492,0.200409
227.261928,0.200412
227.574363,0.200415
227.886798,0.200418
228.199233,0.200421
228.511669,0.200424
228.824104,0.200427
229.136539,0.200430
229.448974,0.200433
229.761410,0.200436
230.073845,0.200439
230.386280,0.200443
230.698715,0.200446
231.011151,0.200449
231.323586,0.200452
231.636021,0.200455
231.948456,0.200458
232.260891,0.200462
232.573327,0.200465
232.885762,0.200468
233.198197,0.200471
233.510632,0.200475
233.823068,0.200478
234.135503,0.200481
234.447938,0.200485
234.760373,0.200488
235.072809,0.200491
235.385244,0.200495
235.697679,0.200498
236.010114,0.200501
236.322550,0.200505
236.634985,0.200508
236.947420,0.200512
237.259855,0.200515
237.572291,0.200519
237.884726,0.200522
238.197161,0.200526
238.509596,0.200529
238.822032,0.200533
239.134467,0.200536
239.446902,0.200540
239.759337,0.200543
240.071773,0.200547
240.384208,0.200551
240.696643,0.200554
241.009078,0.200558
241.321514,0.200562
241.633949,0.200565
241.946384,0.200569
242.258819,0.200573
242.571255,0.200576
242.883690,0.200580
243.196125,0.200584
243.508560,0.200588
243.820996,0.200592
244.133431,0.200595
244.445866,0.200599
244.758301,0.200603
245.070737,0.200607
245.383172,0.200611
245.695607,0.200615
246.008042,0.200619
246.320478,0.200623
246.632913,0.200627
246.945348,0.200631
247.257783,0.200635
247.570219,0.200639
247.882654,0.200643
248.195089,0.200647
248.507524,0.200651
248.819960,0.200655
249.132395,0.200659
249.444830,0.200663
249.757265,0.200667
250.069701,0.200672
250.382136,0.200676
250.694571,0.200680
251.007006,0.200684
251.319442,0.200689
251.631877,0.200693
251.944312,0.200697
252.256747,0.200702
252.569183,0.200706
252.881618,0.200710
253.194053,0.200715
253.506488,0.200719
253.818924,0.200724
254.131359,0.200728
254.443794,0.200733
254.756229,0.200737
255.068665,0.200742
255.381100,0.200746
255.693535,0.200751
256.005970,0.200755
256.318406,0.200760
256.630841,0.200765
256.943276,0.200769
257.255711,0.200774
257.568147,0.200779
257.880582,0.200783
258.193017,0.200788
258.505452,0.200793
258.817888,0.200798
259.130323,0.200803
259.442758,0.200807
259.755193,0.200812
260.067629,0.200817
260.380064,0.200822
260.692499,0.200827
261.004934,0.200832
261.317370,0.200837
261.629805,0.200842
261.942240,0.200847
262.254675,0.200852
262.567111,0.200858
262.879546,0.200863
263.191981,0.200868
263.504416,0.200873
263.816851,0.200878
264.129287,0.200884
264.441722,0.200889
264.754157,0.200894
265.066592,0.200900
265.379028,0.200905
265.691463,0.200910
266.003898,0.200916
266.316333,0.200921
266.628769,0.200927
266.941204,0.200932
267.253639,0.200938
267.566074,0.200943
267.878510,0.200949
268.190945,0.200955
268.503380,0.200960
268.815815,0.200966
269.128251,0.200972
269.440686,0.200977
269.753121,0.200983
270.065556,0.200989
270.377992,0.200995
270.690427,0.201001
271.002862,0.201007
271.315297,0.201013
271.627733,0.201019
271.940168,0.201025
272.252603,0.201031
272.565038,0.201037
272.877474,0.201043
273.189909,0.201049
273.502344,0.201055
273.814779,0.201062
274.127215,0.201068
274.439650,0.201074
274.752085,0.201081
275.064520,0.201087
275.376956,0.201093
275.689391,0.201100
276.001826,0.201106
276.314261,0.201113
276.626697,0.201119
276.939132,0.201126
277.251567,0.201133
277.564002,0.201139
277.876438,0.201146
278.188873,0.201153
278.501308,0.201159
278.813743,0.201166
279.126179,0.201173
279.438614,0.201180
279.751049,0.201187
280.063484,0.201194
280.375920,0.201201
280.688355,0.201208
281.000790,0.201215
281.313225,0.201222
281.625661,0.201230
281.938096,0.201237
282.250531,0.201244
282.562966,0.201251
282.875402,0.201259
283.187837,0.201266
283.500272,0.201274
283.812707,0.201281
284.125143,0.201289
284.437578,0.201296
284.750013,0.201304
285.062448,0.201312
285.374884,0.201319
285.687319,0.201327
285.999754,0.201335
286.312189,0.201343
286.624625,0.201351
286.937060,0.201359
287.249495,0.201367
287.561930,0.201375
287.874366,0.201383
288.186801,0.201391
288.499236,0.201399
288.811671,0.201408
289.124107,0.201416
289.436542,0.201424
289.748977,0.201433
290.061412,0.201441
290.373848,0.201450
290.686283,0.201458
290.998718,0.201467
291.311153,0.201476
291.623589,0.201484
291.936024,0.201493
292.248459,0.201502
292.560894,0.201511
292.873330,0.201520
293.185765,0.201529
293.498200,0.201538
293.810635,0.201547
294.123071,0.201557
294.435506,0.201566
294.747941,0.201575
295.060376,0.201585
295.372811,0.201594
295.685247,0.201604
295.997682,0.201613
296.310117,0.201623
296.622552,0.201633
296.934988,0.201642
297.247423,0.201652
297.559858,0.201662
297.872293,0.201672
298.184729,0.201682
298.497164,0.201692
298.809599,0.201702
299.122034,0.201713
299.434470,0.201723
299.746905,0.201733
300.059340,0.201744
300.371775,0.201754
300.684211,0.201765
300.996646,0.201776
301.309081,0.201786
301.621516,0.201797
301.933952,0.201808
302.246387,0.201819
302.558822,0.201830
302.871257,0.201841
303.183693,0.201853
303.496128,0.201864
303.808563,0.201875
304.120998,0.201887
304.433434,0.201898
304.745869,0.201910
305.058304,0.201922
305.370739,0.201933
305.683175,0.201945
305.995610,0.201957
306.308045,0.201969
306.620480,0.201981
306.932916,0.201993
307.245351,0.202006
307.557786,0.202018
307.870221,0.202031
308.182657,0.202043
308.495092,0.202056
308.807527,0.202069
309.119962,0.202081
309.432398,0.202094
309.744833,0.202107
310.057268,0.202120
310.369703,0.202134
310.682139,0.202147
310.994574,0.202160
311.307009,0.202174
311.619444,0.202188
311.931880,0.202201
312.244315,0.202215
312.556750,0.202229
312.869185,0.202243
313.181621,0.202257
313.494056,0.202271
313.806491,0.202286
314.118926,0.202300
314.431362,0.202315
314.743797,0.202330
315.056232,0.202344
315.368667,0.202359
315.681103,0.202374
315.993538,0.202390
316.305973,0.202405
316.618408,0.202420
316.930844,0.202436
317.243279,0.202451
317.555714,0.202467
317.868149,0.202483
318.180585,0.202499
318.493020,0.202515
318.805455,0.202532
319.117890,0.202548
319.430326,0.202564
319.742761,0.202581
320.055196,0.202598
320.367631,0.202615
320.680067,0.202632
320.992502,0.202649
321.304937,0.202667
321.617372,0.202684
321.929808,0.202702
322.242243,0.202720
322.554678,0.202737
322.867113,0.202756
323.179549,0.202774
323.491984,0.202792
323.804419,0.202811
324.116854,0.202830
324.429290,0.202848
324.741725,0.202867
325.054160,0.202887
325.366595,0.202906
325.679031,0.202925
325.991466,0.202945
326.303901,0.202965
326.616336,0.202985
326.928771,0.203005
327.241207,0.203026
327.553642,0.203046
327.866077,0.203067
328.178512,0.203088
328.490948,0.203109
328.803383,0.203130
329.115818,0.203152
329.428253,0.203173
329.740689,0.203195
330.053124,0.203217
330.365559,0.203240
330.677994,0.203262
330.990430,0.203285
331.302865,0.203308
331.615300,0.203331
331.927735,0.203354
332.240171,0.203378
332.552606,0.203401
332.865041,0.203425
333.177476,0.203449
333.489912,0.203474
333.802347,0.203498
334.114782,0.203523
334.427217,0.203548
334.739653,0.203574
335.052088,0.203599
335.364523,0.203625
335.676958,0.203651
335.989394,0.203677
336.301829,0.203704
336.614264,0.203731
336.926699,0.203758
337.239135,0.203785
337.551570,0.203813
337.864005,0.203840
338.176440,0.203869
338.488876,0.203897
338.801311,0.203926
339.113746,0.203955
339.426181,0.203984
339.738617,0.204013
340.051052,0.204043
340.363487,0.204073
340.675922,0.204104
340.988358,0.204135
341.300793,0.204166
341.613228,0.204197
341.925663,0.204229
342.238099,0.204261
342.550534,0.204293
342.862969,0.204326
343.175404,0.204359
343.487840,0.204392
343.800275,0.204426
344.112710,0.204460
344.425145,0.204494
344.737581,0.204529
345.050016,0.204564
345.362451,0.204600
345.674886,0.204636
345.987322,0.204672
346.299757,0.204709
346.612192,0.204746
346.924627,0.204783
347.237063,0.204821
347.549498,0.204860
347.861933,0.204898
348.174368,0.204938
348.486804,0.204977
348.799239,0.205017
349.111674,0.205058
349.424109,0.205099
349.736545,0.205140
350.048980,0.205182
350.361415,0.205224
350.673850,0.205267
350.986286,0.205311
351.298721,0.205354
351.611156,0.205399
351.923591,0.205444
352.236027,0.205489
352.548462,0.205535
352.860897,0.205581
353.173332,0.205628
353.485768,0.205676
353.798203,0.205724
354.110638,0.205773
354.423073,0.205822
354.735509,0.205872
355.047944,0.205922
355.360379,0.205973
355.672814,0.206025
355.985250,0.206077
356.297685,0.206130
356.610120,0.206184
356.922555,0.206238
357.234991,0.206293
357.547426,0.206349
357.859861,0.206405
358.172296,0.206463
358.484731,0.206520
358.797167,0.206579
359.109602,0.206638
359.422037,0.206698
359.734472,0.206759
360.046908,0.206821
360.359343,0.206883
360.671778,0.206946
360.984213,0.207011
361.296649,0.207076
361.609084,0.207141
361.921519,0.207208
362.233954,0.207276
362.546390,0.207344
362.858825,0.207414
363.171260,0.207484
363.483695,0.207555
363.796131,0.207628
364.108566,0.207701
364.421001,0.207775
364.733436,0.207851
365.045872,0.207927
365.358307,0.208005
365.670742,0.208083
365.983177,0.208163
366.295613,0.208244
366.608048,0.208326
366.920483,0.208409
367.232918,0.208494
367.545354,0.208579
367.857789,0.208666
368.170224,0.208754
368.482659,0.208844
368.795095,0.208935
369.107530,0.209027
369.419965,0.209121
369.732400,0.209216
370.044836,0.209312
370.357271,0.209410
370.669706,0.209510
370.982141,0.209611
371.294577,0.209713
371.607012,0.209818
371.919447,0.209924
372.231882,0.210031
372.544318,0.210140
372.856753,0.210251
373.169188,0.210364
373.481623,0.210479
373.794059,0.210595
374.106494,0.210714
374.418929,0.210834
374.731364,0.210957
375.043800,0.211081
375.356235,0.211207
375.668670,0.211336
375.981105,0.211467
376.293541,0.211600
376.605976,0.211735
376.918411,0.211873
377.230846,0.212013
377.543282,0.212156
377.855717,0.212301
378.168152,0.212448
378.480587,0.212599
378.793023,0.212752
379.105458,0.212907
379.417893,0.213066
379.730328,0.213227
380.042764,0.213392
380.355199,0.213559
380.667634,0.213730
380.980069,0.213904
381.292505,0.214081
381.604940,0.214261
381.917375,0.214445
382.229810,0.214633
382.542246,0.214824
382.854681,0.215019
383.167116,0.215217
383.479551,0.215420
383.791987,0.215627
384.104422,0.215838
384.416857,0.216053
384.729292,0.216272
385.041728,0.216496
385.354163,0.216725
385.666598,0.216958
385.979033,0.217196
386.291469,0.217440
386.603904,0.217688
386.916339,0.217942
387.228774,0.218201
387.541210,0.218466
387.853645,0.218736
388.166080,0.219013
388.478515,0.219296
388.790951,0.219585
389.103386,0.219881
389.415821,0.220183
389.728256,0.220492
390.040691,0.220809
390.353127,0.221133
390.665562,0.221464
390.977997,0.221803
391.290432,0.222151
391.602868,0.222507
391.915303,0.222871
392.227738,0.223244
392.540173,0.223627
392.852609,0.224019
393.165044,0.224420
393.477479,0.224832
393.789914,0.225255
394.102350,0.225688
394.414785,0.226133
394.727220,0.226589
395.039655,0.227057
395.352091,0.227538
395.664526,0.228032
395.976961,0.228539
396.289396,0.229060
396.601832,0.229595
396.914267,0.230145
397.226702,0.230711
397.539137,0.231293
397.851573,0.231891
398.164008,0.232507
398.476443,0.233141
398.788878,0.233793
399.101314,0.234465
399.413749,0.235157
399.726184,0.235870
400.038619,0.236605
400.351055,0.237363
400.663490,0.238144
400.975925,0.238950
401.288360,0.239782
401.600796,0.240641
401.913231,0.241528
402.225666,0.242444
402.538101,0.243390
402.850537,0.244369
403.162972,0.245381
403.475407,0.246427
403.787842,0.247510
404.100278,0.248631
404.412713,0.249792
404.725148,0.250995
405.037583,0.252241
405.350019,0.253533
405.662454,0.254874
405.974889,0.256265
406.287324,0.257708
406.599760,0.259208
406.912195,0.260766
407.224630,0.262385
407.537065,0.264070
407.849501,0.265822
408.161936,0.267646
408.474371,0.269545
408.786806,0.271525
409.099242,0.273588
409.411677,0.275740
409.724112,0.277986
410.036547,0.280331
410.348983,0.282780
410.661418,0.285341
410.973853,0.288019
411.286288,0.290821
411.598724,0.293754
411.911159,0.296828
412.223594,0.300050
412.536029,0.303429
412.848465,0.306976
413.160900,0.310700
413.473335,0.314614
413.785770,0.318729
414.098206,0.323059
414.410641,0.327617
414.723076,0.332419
415.035511,0.337480
415.347947,0.342819
415.660382,0.348454
415.972817,0.354404
416.285252,0.360692
416.597688,0.367341
416.910123,0.374374
417.222558,0.381819
417.534993,0.389704
417.847429,0.398058
418.159864,0.406913
418.472299,0.416303
418.784734,0.426262
419.097170,0.436829
419.409605,0.448041
419.722040,0.459939
420.034475,0.472561
420.346911,0.485950
420.659346,0.500146
420.971781,0.515187
421.284216,0.531109
421.596651,0.547944
421.909087,0.565717
422.221522,0.584446
422.533957,0.604134
422.846392,0.624773
423.158828,0.646331
423.471263,0.668757
423.783698,0.691967
424.096133,0.715845
424.408569,0.740238
424.721004,0.764944
425.033439,0.789719
425.345874,0.814267
425.658310,0.838245
425.970745,0.861266
426.283180,0.882909
426.595615,0.902728
426.908051,0.920275
427.220486,0.935119
427.532921,0.946868
427.845356,0.955197
428.157792,0.959866
428.470227,0.960740
428.782662,0.957796
429.095097,0.951128
429.407533,0.940938
429.719968,0.927523
430.032403,0.911251
430.344838,0.892542
430.657274,0.871841
430.969709,0.849597
431.282144,0.826243
431.594579,0.802180
431.907015,0.777769
432.219450,0.753324
432.531885,0.729111
432.844320,0.705346
433.156756,0.682201
433.469191,0.659806
433.781626,0.638257
434.094061,0.617618
434.406497,0.597928
434.718932,0.579203
435.031367,0.561445
435.343802,0.544643
435.656238,0.528773
435.968673,0.513808
436.281108,0.499713
436.593543,0.486451
436.905979,0.473983
437.218414,0.462269
437.530849,0.451270
437.843284,0.440946
438.155720,0.431260
438.468155,0.422174
438.780590,0.413654
439.093025,0.405667
439.405461,0.398182
439.717896,0.391169
440.030331,0.384601
440.342766,0.378452
440.655202,0.372699
440.967637,0.367320
441.280072,0.362294
441.592507,0.357602
441.904943,0.353228
442.217378,0.349155
442.529813,0.345370
442.842248,0.341858
443.154684,0.338608
443.467119,0.335609
443.779554,0.332852
444.091989,0.330327
444.404425,0.328027
444.716860,0.325945
445.029295,0.324074
445.341730,0.322410
445.654166,0.320947
445.966601,0.319682
446.279036,0.318610
446.591471,0.317729
446.903907,0.317037
447.216342,0.316529
447.528777,0.316205
447.841212,0.316061
448.153648,0.316095
448.466083,0.316304
448.778518,0.316684
449.090953,0.317231
449.403389,0.317938
449.715824,0.318800
450.028259,0.319806
450.340694,0.320946
450.653130,0.322206
450.965565,0.323568
451.278000,0.325014
451.590435,0.326519
451.902871,0.328057
452.215306,0.329596
452.527741,0.331104
452.840176,0.332542
453.152611,0.333873
453.465047,0.335054
453.777482,0.336047
454.089917,0.336812
454.402352,0.337315
454.714788,0.337525
455.027223,0.337418
455.339658,0.336978
455.652093,0.336197
455.964529,0.335077
456.276964,0.333628
456.589399,0.331868
456.901834,0.329822
457.214270,0.327522
457.526705,0.325003
457.839140,0.322303
458.151575,0.319459
458.464011,0.316510
458.776446,0.313491
459.088881,0.310435
459.401316,0.307373
459.713752,0.304331
460.026187,0.301331
460.338622,0.298392
460.651057,0.295531
460.963493,0.292759
461.275928,0.290085
461.588363,0.287516
461.900798,0.285058
462.213234,0.282713
462.525669,0.280483
462.838104,0.278367
463.150539,0.276364
463.462975,0.274475
463.775410,0.272695
464.087845,0.271023
464.400280,0.269456
464.712716,0.267992
465.025151,0.266627
465.337586,0.265358
465.650021,0.264183
465.962457,0.263099
466.274892,0.262104
466.587327,0.261194
466.899762,0.260369
467.212198,0.259626
467.524633,0.258964
467.837068,0.258382
468.149503,0.257878
468.461939,0.257451
468.774374,0.257102
469.086809,0.256831
469.399244,0.256637
469.711680,0.256521
470.024115,0.256484
470.336550,0.256528
470.648985,0.256655
470.961421,0.256867
471.273856,0.257166
471.586291,0.257556
471.898726,0.258041
472.211162,0.258626
472.523597,0.259315
472.836032,0.260115
473.148467,0.261032
473.460903,0.262075
473.773338,0.263252
474.085773,0.264573
474.398208,0.266049
474.710644,0.267694
475.023079,0.269522
475.335514,0.271549
475.647949,0.273795
475.960385,0.276279
476.272820,0.279027
476.585255,0.282066
476.897690,0.285426
477.210126,0.289143
477.522561,0.293256
477.834996,0.297810
478.147431,0.302857
478.459867,0.308456
478.772302,0.314671
479.084737,0.321577
479.397172,0.329258
479.709608,0.337805
480.022043,0.347320
480.334478,0.357915
480.646913,0.369706
480.959349,0.382814
481.271784,0.397356
481.584219,0.413435
481.896654,0.431125
482.209090,0.450450
482.521525,0.471350
482.833960,0.493646
483.146395,0.516993
483.458831,0.540836
483.771266,0.564374
484.083701,0.586564
484.396136,0.606160
484.708571,0.621841
485.021007,0.632382
485.333442,0.636872
485.645877,0.634892
485.958312,0.626610
486.270748,0.612741
486.583183,0.594399
486.895618,0.572887
487.208053,0.549503
487.520489,0.525387
487.832924,0.501449
488.145359,0.478346
488.457794,0.456511
488.770230,0.436187
489.082665,0.417482
489.395100,0.400403
489.707535,0.384895
490.019971,0.370865
490.332406,0.358200
490.644841,0.346779
490.957276,0.336484
491.269712,0.327199
491.582147,0.318820
491.894582,0.311248
492.207017,0.304397
492.519453,0.298187
492.831888,0.292550
493.144323,0.287423
493.456758,0.282752
493.769194,0.278488
494.081629,0.274589
494.394064,0.271018
494.706499,0.267741
495.018935,0.264729
495.331370,0.261956
495.643805,0.259398
495.956240,0.257037
496.268676,0.254853
496.581111,0.252831
496.893546,0.250955
497.205981,0.249214
497.518417,0.247596
497.830852,0.246091
498.143287,0.244689
498.455722,0.243383
498.768158,0.242164
499.080593,0.241026
499.393028,0.239964
499.705463,0.238971
500.017899,0.238043
500.330334,0.237175
500.642769,0.236363
500.955204,0.235604
501.267640,0.234894
501.580075,0.234230
501.892510,0.233609
502.204945,0.233030
502.517381,0.232488
502.829816,0.231984
503.142251,0.231514
503.454686,0.231076
503.767122,0.230670
504.079557,0.230294
504.391992,0.229946
504.704427,0.229626
505.016863,0.229331
505.329298,0.229062
505.641733,0.228818
505.954168,0.228596
506.266604,0.228398
506.579039,0.228222
506.891474,0.228068
507.203909,0.227934
507.516345,0.227822
507.828780,0.227730
508.141215,0.227657
508.453650,0.227605
508.766086,0.227572
509.078521,0.227558
509.390956,0.227564
509.703391,0.227589
510.015827,0.227633
510.328262,0.227696
510.640697,0.227779
510.953132,0.227881
511.265568,0.228002
511.578003,0.228143
511.890438,0.228304
512.202873,0.228485
512.515309,0.228687
512.827744,0.228909
513.140179,0.229153
513.452614,0.229418
513.765050,0.229704
514.077485,0.230014
514.389920,0.230346
514.702355,0.230701
515.014791,0.231080
515.327226,0.231483
515.639661,0.231911
515.952096,0.232365
516.264531,0.232844
516.576967,0.233350
516.889402,0.233882
517.201837,0.234441
517.514272,0.235028
517.826708,0.235643
518.139143,0.236286
518.451578,0.236958
518.764013,0.237657
519.076449,0.238385
519.388884,0.239141
519.701319,0.239924
520.013754,0.240734
520.326190,0.241570
520.638625,0.242431
520.951060,0.243315
521.263495,0.244220
521.575931,0.245143
521.888366,0.246083
522.200801,0.247037
522.513236,0.248000
522.825672,0.248968
523.138107,0.249937
523.450542,0.250902
523.762977,0.251858
524.075413,0.252797
524.387848,0.253715
524.700283,0.254603
525.012718,0.255456
525.325154,0.256266
525.637589,0.257025
525.950024,0.257728
526.262459,0.258366
526.574895,0.258934
526.887330,0.259425
527.199765,0.259835
527.512200,0.260159
527.824636,0.260394
528.137071,0.260538
528.449506,0.260590
528.761941,0.260550
529.074377,0.260419
529.386812,0.260200
529.699247,0.259896
530.011682,0.259512
530.324118,0.259054
530.636553,0.258527
530.948988,0.257938
531.261423,0.257294
531.573859,0.256603
531.886294,0.255872
532.198729,0.255108
532.511164,0.254319
532.823600,0.253512
533.136035,0.252692
533.448470,0.251867
533.760905,0.251041
534.073341,0.250222
534.385776,0.249412
534.698211,0.248617
535.010646,0.247840
535.323082,0.247086
535.635517,0.246356
535.947952,0.245654
536.260387,0.244981
536.572823,0.244340
536.885258,0.243732
537.197693,0.243159
537.510128,0.242622
537.822564,0.242122
538.134999,0.241660
538.447434,0.241235
538.759869,0.240850
539.072305,0.240505
539.384740,0.240199
539.697175,0.239934
540.009610,0.239710
540.322046,0.239528
540.634481,0.239388
540.946916,0.239290
541.259351,0.239235
541.571787,0.239225
541.884222,0.239259
542.196657,0.239339
542.509092,0.239466
542.821528,0.239641
543.133963,0.239865
543.446398,0.240140
543.758833,0.240467
544.071269,0.240849
544.383704,0.241287
544.696139,0.241785
545.008574,0.242344
545.321010,0.242968
545.633445,0.243659
545.945880,0.244422
546.258315,0.245261
546.570751,0.246179
546.883186,0.247182
547.195621,0.248275
547.508056,0.249463
547.820491,0.250755
548.132927,0.252156
548.445362,0.253674
548.757797,0.255318
549.070232,0.257098
549.382668,0.259024
549.695103,0.261106
550.007538,0.263358
550.319973,0.265794
550.632409,0.268427
550.944844,0.271274
551.257279,0.274352
551.569714,0.277679
551.882150,0.281276
552.194585,0.285164
552.507020,0.289364
552.819455,0.293901
553.131891,0.298796
553.444326,0.304074
553.756761,0.309757
554.069196,0.315865
554.381632,0.322414
554.694067,0.329417
555.006502,0.336875
555.318937,0.344782
555.631373,0.353115
555.943808,0.361833
556.256243,0.370871
556.568678,0.380136
556.881114,0.389506
557.193549,0.398821
557.505984,0.407889
557.818419,0.416485
558.130855,0.424359
558.443290,0.431252
558.755725,0.436910
559.068160,0.441102
559.380596,0.443647
559.693031,0.444428
560.005466,0.443407
560.317901,0.440627
560.630337,0.436209
560.942772,0.430339
561.255207,0.423248
561.567642,0.415191
561.880078,0.406428
562.192513,0.397207
562.504948,0.387750
562.817383,0.378249
563.129819,0.368859
563.442254,0.359702
563.754689,0.350869
564.067124,0.342422
564.379560,0.334401
564.691995,0.326827
565.004430,0.319707
565.316865,0.313038
565.629301,0.306806
565.941736,0.300996
566.254171,0.295587
566.566606,0.290556
566.879042,0.285879
567.191477,0.281533
567.503912,0.277496
567.816347,0.273743
568.128783,0.270255
568.441218,0.267012
568.753653,0.263993
569.066088,0.261183
569.378524,0.258565
569.690959,0.256124
570.003394,0.253846
570.315829,0.251718
570.628265,0.249730
570.940700,0.247871
571.253135,0.246130
571.565570,0.244499
571.878006,0.242970
572.190441,0.241536
572.502876,0.240188
572.815311,0.238922
573.127747,0.237732
573.440182,0.236612
573.752617,0.235558
574.065052,0.234564
574.377488,0.233627
574.689923,0.232744
575.002358,0.231911
575.314793,0.231124
575.627229,0.230381
575.939664,0.229679
576.252099,0.229016
576.564534,0.228389
576.876970,0.227796
577.189405,0.227236
577.501840,0.226706
577.814275,0.226205
578.126711,0.225731
578.439146,0.225283
578.751581,0.224860
579.064016,0.224460
579.376451,0.224082
579.688887,0.223725
580.001322,0.223389
580.313757,0.223071
580.626192,0.222772
580.938628,0.222491
581.251063,0.222226
581.563498,0.221978
581.875933,0.221746
582.188369,0.221528
582.500804,0.221325
582.813239,0.221136
583.125674,0.220960
583.438110,0.220798
583.750545,0.220648
584.062980,0.220511
584.375415,0.220386
584.687851,0.220273
585.000286,0.220171
585.312721,0.220080
585.625156,0.220001
585.937592,0.219932
586.250027,0.219875
586.562462,0.219827
586.874897,0.219791
587.187333,0.219764
587.499768,0.219748
587.812203,0.219742
588.124638,0.219747
588.437074,0.219761
588.749509,0.219786
589.061944,0.219821
589.374379,0.219866
589.686815,0.219921
589.999250,0.219987
590.311685,0.220063
590.624120,0.220150
590.936556,0.220248
591.248991,0.220356
591.561426,0.220475
591.873861,0.220606
592.186297,0.220748
592.498732,0.220902
592.811167,0.221068
593.123602,0.221246
593.436038,0.221437
593.748473,0.221641
594.060908,0.221859
594.373343,0.222090
594.685779,0.222335
594.998214,0.222595
595.310649,0.222870
595.623084,0.223161
595.935520,0.223469
596.247955,0.223793
596.560390,0.224135
596.872825,0.224496
597.185261,0.224875
597.497696,0.225275
597.810131,0.225696
598.122566,0.226138
598.435002,0.226603
598.747437,0.227093
599.059872,0.227607
599.372307,0.228147
599.684743,0.228716
599.997178,0.229313
600.309613,0.229940
600.622048,0.230600
600.934484,0.231294
601.246919,0.232023
601.559354,0.232790
601.871789,0.233596
602.184225,0.234444
602.496660,0.235337
602.809095,0.236276
603.121530,0.237264
603.433966,0.238305
603.746401,0.239400
604.058836,0.240555
604.371271,0.241771
604.683707,0.243052
604.996142,0.244403
605.308577,0.245828
605.621012,0.247330
605.933448,0.248914
606.245883,0.250585
606.558318,0.252348
606.870753,0.254209
607.183189,0.256171
607.495624,0.258242
607.808059,0.260426
608.120494,0.262730
608.432930,0.265158
608.745365,0.267717
609.057800,0.270411
609.370235,0.273246
609.682671,0.276226
609.995106,0.279355
610.307541,0.282634
610.619976,0.286066
610.932411,0.289650
611.244847,0.293383
611.557282,0.297260
611.869717,0.301272
612.182152,0.305408
612.494588,0.309651
612.807023,0.313980
613.119458,0.318368
613.431893,0.322784
613.744329,0.327189
614.056764,0.331539
614.369199,0.335785
614.681634,0.339870
614.994070,0.343736
615.306505,0.347321
615.618940,0.350562
615.931375,0.353397
616.243811,0.355771
616.556246,0.357632
616.868681,0.358941
617.181116,0.359666
617.493552,0.359792
617.805987,0.359318
618.118422,0.358254
618.430857,0.356627
618.743293,0.354475
619.055728,0.351846
619.368163,0.348794
619.680598,0.345380
619.993034,0.341667
620.305469,0.337717
620.617904,0.333590
620.930339,0.329343
621.242775,0.325028
621.555210,0.320690
621.867645,0.316370
622.180080,0.312101
622.492516,0.307911
622.804951,0.303824
623.117386,0.299857
623.429821,0.296023
623.742257,0.292332
624.054692,0.288790
624.367127,0.285400
624.679562,0.282164
624.991998,0.279080
625.304433,0.276148
625.616868,0.273363
625.929303,0.270721
626.241739,0.268218
626.554174,0.265849
626.866609,0.263608
627.179044,0.261490
627.491480,0.259488
627.803915,0.257598
628.116350,0.255815
628.428785,0.254132
628.741221,0.252545
629.053656,0.251048
629.366091,0.249638
629.678526,0.248309
629.990962,0.247057
630.303397,0.245879
630.615832,0.244770
630.928267,0.243727
631.240703,0.242747
631.553138,0.241826
631.865573,0.240962
632.178008,0.240151
632.490444,0.239392
632.802879,0.238681
633.115314,0.238017
633.427749,0.237397
633.740185,0.236820
634.052620,0.236283
634.365055,0.235786
634.677490,0.235326
634.989926,0.234903
635.302361,0.234514
635.614796,0.234159
635.927231,0.233837
636.239667,0.233546
636.552102,0.233286
636.864537,0.233056
637.176972,0.232855
637.489408,0.232683
637.801843,0.232539
638.114278,0.232422
638.426713,0.232333
638.739149,0.232270
639.051584,0.232234
639.364019,0.232223
639.676454,0.232240
639.988890,0.232282
640.301325,0.232350
640.613760,0.232445
640.926195,0.232565
641.238631,0.232713
641.551066,0.232886
641.863501,0.233088
642.175936,0.233316
642.488371,0.233572
642.800807,0.233857
643.113242,0.234171
643.425677,0.234515
643.738112,0.234889
644.050548,0.235295
644.362983,0.235733
644.675418,0.236205
644.987853,0.236711
645.300289,0.237253
645.612724,0.237833
645.925159,0.238451
646.237594,0.239109
646.550030,0.239810
646.862465,0.240554
647.174900,0.241344
647.487335,0.242183
647.799771,0.243072
648.112206,0.244014
648.424641,0.245012
648.737076,0.246068
649.049512,0.247187
649.361947,0.248371
649.674382,0.249625
649.986817,0.250951
650.299253,0.252356
650.611688,0.253842
650.924123,0.255415
651.236558,0.257081
651.548994,0.258846
651.861429,0.260715
652.173864,0.262695
652.486299,0.264795
652.798735,0.267021
653.111170,0.269381
653.423605,0.271886
653.736040,0.274545
654.048476,0.277368
654.360911,0.280366
654.673346,0.283552
654.985781,0.286938
655.298217,0.290537
655.610652,0.294365
655.923087,0.298437
656.235522,0.302767
656.547958,0.307375
656.860393,0.312276
657.172828,0.317488
657.485263,0.323031
657.797699,0.328922
658.110134,0.335178
658.422569,0.341817
658.735004,0.348853
659.047440,0.356300
659.359875,0.364167
659.672310,0.372459
659.984745,0.381174
660.297181,0.390303
660.609616,0.399826
660.922051,0.409712
661.234486,0.419915
661.546922,0.430372
661.859357,0.441000
662.171792,0.451696
662.484227,0.462335
662.796663,0.472769
663.109098,0.482830
663.421533,0.492333
663.733968,0.501079
664.046404,0.508868
664.358839,0.515503
664.671274,0.520803
664.983709,0.524616
665.296145,0.526825
665.608580,0.527361
665.921015,0.526207
666.233450,0.523396
666.545886,0.519014
666.858321,0.513187
667.170756,0.506080
667.483191,0.497878
667.795627,0.488781
668.108062,0.478990
668.420497,0.468700
668.732932,0.458091
669.045368,0.447324
669.357803,0.436542
669.670238,0.425861
669.982673,0.415380
670.295109,0.405173
670.607544,0.395298
670.919979,0.385797
671.232414,0.376697
671.544850,0.368013
671.857285,0.359754
672.169720,0.351917
672.482155,0.344497
672.794591,0.337483
673.107026,0.330861
673.419461,0.324615
673.731896,0.318729
674.044331,0.313184
674.356767,0.307962
674.669202,0.303044
674.981637,0.298414
675.294072,0.294053
675.606508,0.289946
675.918943,0.286075
676.231378,0.282427
676.543813,0.278986
676.856249,0.275739
677.168684,0.272675
677.481119,0.269780
677.793554,0.267045
678.105990,0.264458
678.418425,0.262010
678.730860,0.259692
679.043295,0.257496
679.355731,0.255414
679.668166,0.253439
679.980601,0.251563
680.293036,0.249782
680.605472,0.248089
680.917907,0.246478
681.230342,0.244945
681.542777,0.243485
681.855213,0.242094
682.167648,0.240767
682.480083,0.239501
682.792518,0.238293
683.104954,0.237138
683.417389,0.236035
683.729824,0.234979
684.042259,0.233969
684.354695,0.233002
684.667130,0.232075
684.979565,0.231187
685.292000,0.230335
685.604436,0.229518
685.916871,0.228733
686.229306,0.227980
686.541741,0.227256
686.854177,0.226559
687.166612,0.225889
687.479047,0.225245
687.791482,0.224624
688.103918,0.224026
688.416353,0.223450
688.728788,0.222895
689.041223,0.222359
689.353659,0.221843
689.666094,0.221344
689.978529,0.220862
690.290964,0.220397
690.603400,0.219947
690.915835,0.219512
691.228270,0.219092
691.540705,0.218685
691.853141,0.218291
692.165576,0.217910
692.478011,0.217541
692.790446,0.217183
693.102882,0.216837
693.415317,0.216501
693.727752,0.216175
694.040187,0.215859
694.352623,0.215552
694.665058,0.215254
694.977493,0.214965
695.289928,0.214684
695.602364,0.214411
695.914799,0.214146
696.227234,0.213889
696.539669,0.213638
696.852105,0.213394
697.164540,0.213157
697.476975,0.212926
697.789410,0.212702
698.101846,0.212483
698.414281,0.212270
698.726716,0.212063
699.039151,0.211861
699.351587,0.211664
699.664022,0.211472
699.976457,0.211285
700.288892,0.211102
700.601328,0.210924
700.913763,0.210750
701.226198,0.210581
701.538633,0.210415
701.851069,0.210254
702.163504,0.210096
702.475939,0.209942
702.788374,0.209792
703.100810,0.209645
703.413245,0.209501
703.725680,0.209361
704.038115,0.209223
704.350551,0.209089
704.662986,0.208958
704.975421,0.208829
705.287856,0.208704
705.600291,0.208581
705.912727,0.208461
706.225162,0.208343
706.537597,0.208228
706.850032,0.208115
707.162468,0.208004
707.474903,0.207896
707.787338,0.207790
708.099773,0.207686
708.412209,0.207584
708.724644,0.207484
709.037079,0.207387
709.349514,0.207291
709.661950,0.207197
709.974385,0.207105
710.286820,0.207014
710.599255,0.206925
