# rshift,intensity
80.846857,0.297491
81.160378,0.297492
81.473900,0.297493
81.787422,0.297494
82.100944,0.297495
82.414465,0.297496
82.727987,0.297498
83.041509,0.297499
83.355030,0.297500
83.668552,0.297501
83.982074,0.297502
84.295596,0.297503
84.609117,0.297505
84.922639,0.297506
85.236161,0.297507
85.549682,0.297508
85.863204,0.297509
86.176726,0.297510
86.490248,0.297512
86.803769,0.297513
87.117291,0.297514
87.430813,0.297515
87.744334,0.297516
88.057856,0.297517
88.371378,0.297519
88.684899,0.297520
88.998421,0.297521
89.311943,0.297522
89.625465,0.297523
89.938986,0.297525
90.252508,0.297526
90.566030,0.297527
90.879551,0.297528
91.193073,0.297529
91.506595,0.297531
91.820117,0.297532
92.133638,0.297533
92.447160,0.297534
92.760682,0.297536
93.074203,0.297537
93.387725,0.297538
93.701247,0.297539
94.014769,0.297541
94.328290,0.297542
94.641812,0.297543
94.955334,0.297544
95.268855,0.297546
95.582377,0.297547
95.895899,0.297548
96.209421,0.297549
96.522942,0.297551
96.836464,0.297552
97.149986,0.297553
97.463507,0.297555
97.777029,0.297556
98.090551,0.297557
98.404072,0.297558
98.717594,0.297560
99.031116,0.297561
99.344638,0.297562
99.658159,0.297564
99.971681,0.297565
100.285203,0.297566
100.598724,0.297567
100.912246,0.297569
101.225768,0.297570
101.539290,0.297571
101.852811,0.297573
102.166333,0.297574
102.479855,0.297575
102.793376,0.297577
103.106898,0.297578
103.420420,0.297579
103.733942,0.297581
104.047463,0.297582
104.360985,0.297583
104.674507,0.297585
104.988028,0.297586
105.301550,0.297588
105.615072,0.297589
105.928593,0.297590
106.242115,0.297592
106.555637,0.297593
106.869159,0.297594
107.182680,0.297596
107.496202,0.297597
107.809724,0.297599
108.123245,0.297600
108.436767,0.297601
108.750289,0.297603
109.063811,0.297604
109.377332,0.297606
109.690854,0.297607
110.004376,0.297608
110.317897,0.297610
110.631419,0.297611
110.944941,0.297613
111.258463,0.297614
111.571984,0.297616
111.885506,0.297617
112.199028,0.297618
112.512549,0.297620
112.826071,0.297621
113.139593,0.297623
113.453114,0.297624
113.766636,0.297626
114.080158,0.297627
114.393680,0.297629
114.707201,0.297630
115.020723,0.297632
115.334245,0.297633
115.647766,0.297635
115.961288,0.297636
116.274810,0.297638
116.588332,0.297639
116.901853,0.297641
117.215375,0.297642
117.528897,0.297644
117.842418,0.297645
118.155940,0.297647
118.469462,0.297648
118.782984,0.297650
119.096505,0.297651
119.410027,0.297653
119.723549,0.297654
120.037070,0.297656
120.350592,0.297657
120.664114,0.297659
120.977636,0.297660
121.291157,0.297662
121.604679,0.297664
121.918201,0.297665
122.231722,0.297667
122.545244,0.297668
122.858766,0.297670
123.172287,0.297671
123.485809,0.297673
123.799331,0.297675
124.112853,0.297676
124.426374,0.297678
124.739896,0.297679
125.053418,0.297681
125.366939,0.297683
125.680461,0.297684
125.993983,0.297686
126.307505,0.297687
126.621026,0.297689
126.934548,0.297691
127.248070,0.297692
127.561591,0.297694
127.875113,0.297696
128.188635,0.297697
128.502157,0.297699
128.815678,0.297701
129.129200,0.297702
129.442722,0.297704
129.756243,0.297706
130.069765,0.297707
130.383287,0.297709
130.696808,0.297711
131.010330,0.297712
131.323852,0.297714
131.637374,0.297716
131.950895,0.297718
132.264417,0.297719
132.577939,0.297721
132.891460,0.297723
133.204982,0.297724
133.518504,0.297726
133.832026,0.297728
134.145547,0.297730
134.459069,0.297731
134.772591,0.297733
135.086112,0.297735
135.399634,0.297737
135.713156,0.297738
136.026678,0.297740
136.340199,0.297742
136.653721,0.297744
136.967243,0.297746
137.280764,0.297747
137.594286,0.297749
137.907808,0.297751
138.221329,0.297753
138.534851,0.297755
138.848373,0.297756
139.161895,0.297758
139.475416,0.297760
139.788938,0.297762
140.102460,0.297764
140.415981,0.297765
140.729503,0.297767
141.043025,0.297769
141.356547,0.297771
141.670068,0.297773
141.983590,0.297775
142.297112,0.297777
142.610633,0.297779
142.924155,0.297780
143.237677,0.297782
143.551199,0.297784
143.864720,0.297786
144.178242,0.297788
144.491764,0.297790
144.805285,0.297792
145.118807,0.297794
145.432329,0.297796
145.745851,0.297798
146.059372,0.297800
146.372894,0.297802
146.686416,0.297803
146.999937,0.297805
147.313459,0.297807
147.626981,0.297809
147.940502,0.297811
148.254024,0.297813
148.567546,0.297815
148.881068,0.297817
149.194589,0.297819
149.508111,0.297821
149.821633,0.297823
150.135154,0.297825
150.448676,0.297827
150.762198,0.297829
151.075720,0.297831
151.389241,0.297833
151.702763,0.297835
152.016285,0.297838
152.329806,0.297840
152.643328,0.297842
152.956850,0.297844
153.270372,0.297846
153.583893,0.297848
153.897415,0.297850
154.210937,0.297852
154.524458,0.297854
154.837980,0.297856
155.151502,0.297858
155.465023,0.297861
155.778545,0.297863
156.092067,0.297865
156.405589,0.297867
156.719110,0.297869
157.032632,0.297871
157.346154,0.297873
157.659675,0.297876
157.973197,0.297878
158.286719,0.297880
158.600241,0.297882
158.913762,0.297884
159.227284,0.297886
159.540806,0.297889
159.854327,0.297891
160.167849,0.297893
160.481371,0.297895
160.794893,0.297898
161.108414,0.297900
161.421936,0.297902
161.735458,0.297904
162.048979,0.297907
162.362501,0.297909
162.676023,0.297911
162.989544,0.297913
163.303066,0.297916
163.616588,0.297918
163.930110,0.297920
164.243631,0.297923
164.557153,0.297925
164.870675,0.297927
165.184196,0.297930
165.497718,0.297932
165.811240,0.297934
166.124762,0.297937
166.438283,0.297939
166.751805,0.297941
167.065327,0.297944
167.378848,0.297946
167.692370,0.297948
168.005892,0.297951
168.319414,0.297953
168.632935,0.297956
168.946457,0.297958
169.259979,0.297960
169.573500,0.297963
169.887022,0.297965
170.200544,0.297968
170.514066,0.297970
170.827587,0.297973
171.141109,0.297975
171.454631,0.297978
171.768152,0.297980
172.081674,0.297983
172.395196,0.297985
172.708717,0.297988
173.022239,0.297990
173.335761,0.297993
173.649283,0.297995
173.962804,0.297998
174.276326,0.298000
174.589848,0.298003
174.903369,0.298006
175.216891,0.298008
175.530413,0.298011
175.843935,0.298013
176.157456,0.298016
176.470978,0.298018
176.784500,0.298021
177.098021,0.298024
177.411543,0.298026
177.725065,0.298029
178.038587,0.298032
178.352108,0.298034
178.665630,0.298037
178.979152,0.298040
179.292673,0.298042
179.606195,0.298045
179.919717,0.298048
180.233238,0.298051
180.546760,0.298053
180.860282,0.298056
181.173804,0.298059
181.487325,0.298061
181.800847,0.298064
182.114369,0.298067
182.427890,0.298070
182.741412,0.298073
183.054934,0.298075
183.368456,0.298078
183.681977,0.298081
183.995499,0.298084
184.309021,0.298087
184.622542,0.298090
184.936064,0.298092
185.249586,0.298095
185.563108,0.298098
185.876629,0.298101
186.190151,0.298104
186.503673,0.298107
186.817194,0.298110
187.130716,0.298113
187.444238,0.298116
187.757760,0.298119
188.071281,0.298121
188.384803,0.298124
188.698325,0.298127
189.011846,0.298130
189.325368,0.298133
189.638890,0.298136
189.952411,0.298139
190.265933,0.298142
190.579455,0.298145
190.892977,0.298149
191.206498,0.298152
191.520020,0.298155
191.833542,0.298158
192.147063,0.298161
192.460585,0.298164
192.774107,0.298167
193.087629,0.298170
193.401150,0.298173
193.714672,0.298176
194.028194,0.298180
194.341715,0.298183
194.655237,0.298186
194.968759,0.298189
195.282281,0.298192
195.595802,0.298196
195.909324,0.298199
196.222846,0.298202
196.536367,0.298205
196.849889,0.298208
197.163411,0.298212
197.476932,0.298215
197.790454,0.298218
198.103976,0.298222
198.417498,0.298225
198.731019,0.298228
199.044541,0.298232
199.358063,0.298235
199.671584,0.298238
199.985106,0.298242
200.298628,0.298245
200.612150,0.298248
200.925671,0.298252
201.239193,0.298255
201.552715,0.298259
201.866236,0.298262
202.179758,0.298266
202.493280,0.298269
202.806802,0.298273
203.120323,0.298276
203.433845,0.298280
203.747367,0.298283
204.060888,0.298287
204.374410,0.298290
204.687932,0.298294
205.001453,0.298297
205.314975,0.298301
205.628497,0.298305
205.942019,0.298308
206.255540,0.298312
206.569062,0.298315
206.882584,0.298319
207.196105,0.298323
207.509627,0.298326
207.823149,0.298330
208.136671,0.298334
208.450192,0.298338
208.763714,0.298341
209.077236,0.298345
209.390757,0.298349
209.704279,0.298353
210.017801,0.298356
210.331323,0.298360
210.644844,0.298364
210.958366,0.298368
211.271888,0.298372
211.585409,0.298376
211.898931,0.298379
212.212453,0.298383
212.525975,0.298387
212.839496,0.298391
213.153018,0.298395
213.466540,0.298399
213.780061,0.298403
214.093583,0.298407
214.407105,0.298411
214.720626,0.298415
215.034148,0.298419
215.347670,0.298423
215.661192,0.298427
215.974713,0.298431
216.288235,0.298435
216.601757,0.298439
216.915278,0.298444
217.228800,0.298448
217.542322,0.298452
217.855844,0.298456
218.169365,0.298460
218.482887,0.298464
218.796409,0.298469
219.109930,0.298473
219.423452,0.298477
219.736974,0.298481
220.050496,0.298486
220.364017,0.298490
220.677539,0.298494
220.991061,0.298499
221.304582,0.298503
221.618104,0.298507
221.931626,0.298512
222.245147,0.298516
222.558669,0.298521
222.872191,0.298525
223.185713,0.298530
223.499234,0.298534
223.812756,0.298539
224.126278,0.298543
224.439799,0.298548
224.753321,0.298552
225.066843,0.298557
225.380365,0.298561
225.693886,0.298566
226.007408,0.298570
226.320930,0.298575
226.634451,0.298580
226.947973,0.298584
227.261495,0.298589
227.575017,0.298594
227.888538,0.298599
228.202060,0.298603
228.515582,0.298608
228.829103,0.298613
229.142625,0.298618
229.456147,0.298623
229.769668,0.298627
230.083190,0.298632
230.396712,0.298637
230.710234,0.298642
231.023755,0.298647
231.337277,0.298652
231.650799,0.298657
231.964320,0.298662
232.277842,0.298667
232.591364,0.298672
232.904886,0.298677
233.218407,0.298682
233.531929,0.298687
233.845451,0.298692
234.158972,0.298698
234.472494,0.298703
234.786016,0.298708
235.099538,0.298713
235.413059,0.298718
235.726581,0.298724
236.040103,0.298729
236.353624,0.298734
236.667146,0.298740
236.980668,0.298745
237.294190,0.298750
237.607711,0.298756
237.921233,0.298761
238.234755,0.298767
238.548276,0.298772
238.861798,0.298778
239.175320,0.298783
239.488841,0.298789
239.802363,0.298794
240.115885,0.298800
240.429407,0.298805
240.742928,0.298811
241.056450,0.298817
241.369972,0.298822
241.683493,0.298828
241.997015,0.298834
242.310537,0.298840
242.624059,0.298845
242.937580,0.298851
243.251102,0.298857
243.564624,0.298863
243.878145,0.298869
244.191667,0.298875
244.505189,0.298881
244.818711,0.298887
245.132232,0.298892
245.445754,0.298899
245.759276,0.298905
246.072797,0.298911
246.386319,0.298917
246.699841,0.298923
247.013362,0.298929
247.326884,0.298935
247.640406,0.298941
247.953928,0.298948
248.267449,0.298954
248.580971,0.298960
248.894493,0.298967
249.208014,0.298973
249.521536,0.298979
249.835058,0.298986
250.148580,0.298992
250.462101,0.298999
250.775623,0.299005
251.089145,0.299012
251.402666,0.299018
251.716188,0.299025
252.029710,0.299031
252.343232,0.299038
252.656753,0.299045
252.970275,0.299051
253.283797,0.299058
253.597318,0.299065
253.910840,0.299072
254.224362,0.299079
254.537883,0.299086
254.851405,0.299092
255.164927,0.299099
255.478449,0.299106
255.791970,0.299113
256.105492,0.299120
256.419014,0.299127
256.732535,0.299135
257.046057,0.299142
257.359579,0.299149
257.673101,0.299156
257.986622,0.299163
258.300144,0.299171
258.613666,0.299178
258.927187,0.299185
259.240709,0.299193
259.554231,0.299200
259.867753,0.299208
260.181274,0.299215
260.494796,0.299223
260.808318,0.299230
261.121839,0.299238
261.435361,0.299245
261.748883,0.299253
262.062405,0.299261
262.375926,0.299269
262.689448,0.299276
263.002970,0.299284
263.316491,0.299292
263.630013,0.299300
263.943535,0.299308
264.257056,0.299316
264.570578,0.299324
264.884100,0.299332
265.197622,0.299340
265.511143,0.299348
265.824665,0.299356
266.138187,0.299365
266.451708,0.299373
266.765230,0.299381
267.078752,0.299390
267.392274,0.299398
267.705795,0.299406
268.019317,0.299415
268.332839,0.299423
268.646360,0.299432
268.959882,0.299441
269.273404,0.299449
269.586926,0.299458
269.900447,0.299467
270.213969,0.299476
270.527491,0.299484
270.841012,0.299493
271.154534,0.299502
271.468056,0.299511
271.781577,0.299520
272.095099,0.299529
272.408621,0.299538
272.722143,0.299548
273.035664,0.299557
273.349186,0.299566
273.662708,0.299575
273.976229,0.299585
274.289751,0.299594
274.603273,0.299604
274.916795,0.299613
275.230316,0.299623
275.543838,0.299632
275.857360,0.299642
276.170881,0.299652
276.484403,0.299662
276.797925,0.299671
277.111447,0.299681
277.424968,0.299691
277.738490,0.299701
278.052012,0.299711
278.365533,0.299721
278.679055,0.299732
278.992577,0.299742
279.306098,0.299752
279.619620,0.299762
279.933142,0.299773
280.246664,0.299783
280.560185,0.299794
280.873707,0.299804
281.187229,0.299815
281.500750,0.299826
281.814272,0.299836
282.127794,0.299847
282.441316,0.299858
282.754837,0.299869
283.068359,0.299880
283.381881,0.299891
283.695402,0.299902
284.008924,0.299913
284.322446,0.299924
284.635968,0.299936
284.949489,0.299947
285.263011,0.299959
285.576533,0.299970
285.890054,0.299982
286.203576,0.299993
286.517098,0.300005
286.830620,0.300017
287.144141,0.300029
287.457663,0.300040
287.771185,0.300052
288.084706,0.300064
288.398228,0.300077
288.711750,0.300089
289.025271,0.300101
289.338793,0.300113
289.652315,0.300126
289.965837,0.300138
290.279358,0.300151
290.592880,0.300163
290.906402,0.300176
291.219923,0.300189
291.533445,0.300202
291.846967,0.300215
292.160489,0.300228
292.474010,0.300241
292.787532,0.300254
293.101054,0.300267
293.414575,0.300280
293.728097,0.300294
294.041619,0.300307
294.355141,0.300321
294.668662,0.300335
294.982184,0.300348
295.295706,0.300362
295.609227,0.300376
295.922749,0.300390
296.236271,0.300404
296.549792,0.300418
296.863314,0.300433
297.176836,0.300447
297.490358,0.300461
297.803879,0.300476
298.117401,0.300490
298.430923,0.300505
298.744444,0.300520
299.057966,0.300535
299.371488,0.300550
299.685010,0.300565
299.998531,0.300580
300.312053,0.300595
300.625575,0.300611
300.939096,0.300626
301.252618,0.300642
301.566140,0.300658
301.879662,0.300673
302.193183,0.300689
302.506705,0.300705
302.820227,0.300721
303.133748,0.300738
303.447270,0.300754
303.760792,0.300770
304.074314,0.300787
304.387835,0.300804
304.701357,0.300820
305.014879,0.300837
305.328400,0.300854
305.641922,0.300871
305.955444,0.300888
306.268965,0.300906
306.582487,0.300923
306.896009,0.300941
307.209531,0.300958
307.523052,0.300976
307.836574,0.300994
308.150096,0.301012
308.463617,0.301030
308.777139,0.301049
309.090661,0.301067
309.404183,0.301086
309.717704,0.301104
310.031226,0.301123
310.344748,0.301142
310.658269,0.301161
310.971791,0.301180
311.285313,0.301200
311.598835,0.301219
311.912356,0.301239
312.225878,0.301258
312.539400,0.301278
312.852921,0.301298
313.166443,0.301319
313.479965,0.301339
313.793486,0.301359
314.107008,0.301380
314.420530,0.301401
314.734052,0.301422
315.047573,0.301443
315.361095,0.301464
315.674617,0.301485
315.988138,0.301507
316.301660,0.301529
316.615182,0.301550
316.928704,0.301572
317.242225,0.301595
317.555747,0.301617
317.869269,0.301639
318.182790,0.301662
318.496312,0.301685
318.809834,0.301708
319.123356,0.301731
319.436877,0.301755
319.750399,0.301778
320.063921,0.301802
320.377442,0.301826
320.690964,0.301850
321.004486,0.301874
321.318007,0.301899
321.631529,0.301923
321.945051,0.301948
322.258573,0.301973
322.572094,0.301998
322.885616,0.302024
323.199138,0.302050
323.512659,0.302075
323.826181,0.302101
324.139703,0.302128
324.453225,0.302154
324.766746,0.302181
325.080268,0.302208
325.393790,0.302235
325.707311,0.302262
326.020833,0.302290
326.334355,0.302317
326.647877,0.302345
326.961398,0.302374
327.274920,0.302402
327.588442,0.302431
327.901963,0.302460
328.215485,0.302489
328.529007,0.302518
328.842529,0.302548
329.156050,0.302578
329.469572,0.302608
329.783094,0.302638
330.096615,0.302669
330.410137,0.302700
330.723659,0.302731
331.037180,0.302763
331.350702,0.302794
331.664224,0.302826
331.977746,0.302858
332.291267,0.302891
332.604789,0.302924
332.918311,0.302957
333.231832,0.302990
333.545354,0.303024
333.858876,0.303058
334.172398,0.303092
334.485919,0.303127
334.799441,0.303162
335.112963,0.303197
335.426484,0.303232
335.740006,0.303268
336.053528,0.303304
336.367050,0.303341
336.680571,0.303378
336.994093,0.303415
337.307615,0.303452
337.621136,0.303490
337.934658,0.303528
338.248180,0.303567
338.561701,0.303606
338.875223,0.303645
339.188745,0.303684
339.502267,0.303724
339.815788,0.303765
340.129310,0.303805
340.442832,0.303847
340.756353,0.303888
341.069875,0.303930
341.383397,0.303972
341.696919,0.304015
342.010440,0.304058
342.323962,0.304101
342.637484,0.304145
342.951005,0.304190
343.264527,0.304235
343.578049,0.304280
343.891571,0.304326
344.205092,0.304372
344.518614,0.304418
344.832136,0.304465
345.145657,0.304513
345.459179,0.304561
345.772701,0.304609
346.086222,0.304658
346.399744,0.304708
346.713266,0.304758
347.026788,0.304808
347.340309,0.304859
347.653831,0.304911
347.967353,0.304963
348.280874,0.305015
348.594396,0.305069
348.907918,0.305122
349.221440,0.305177
349.534961,0.305231
349.848483,0.305287
350.162005,0.305343
350.475526,0.305399
350.789048,0.305457
351.102570,0.305514
351.416092,0.305573
351.729613,0.305632
352.043135,0.305692
352.356657,0.305752
352.670178,0.305813
352.983700,0.305875
353.297222,0.305937
353.610744,0.306000
353.924265,0.306064
354.237787,0.306129
354.551309,0.306194
354.864830,0.306260
355.178352,0.306327
355.491874,0.306394
355.805395,0.306463
356.118917,0.306532
356.432439,0.306602
356.745961,0.306672
357.059482,0.306744
357.373004,0.306816
357.686526,0.306889
358.000047,0.306964
358.313569,0.307039
358.627091,0.307114
358.940613,0.307191
359.254134,0.307269
359.567656,0.307348
359.881178,0.307427
360.194699,0.307508
360.508221,0.307589
360.821743,0.307672
361.135265,0.307755
361.448786,0.307840
361.762308,0.307926
362.075830,0.308013
362.389351,0.308100
362.702873,0.308189
363.016395,0.308280
363.329916,0.308371
363.643438,0.308463
363.956960,0.308557
364.270482,0.308652
364.584003,0.308748
364.897525,0.308845
365.211047,0.308944
365.524568,0.309044
365.838090,0.309145
366.151612,0.309248
366.465134,0.309352
366.778655,0.309458
367.092177,0.309565
367.405699,0.309673
367.719220,0.309783
368.032742,0.309894
368.346264,0.310007
368.659786,0.310122
368.973307,0.310238
369.286829,0.310356
369.600351,0.310475
369.913872,0.310597
370.227394,0.310720
370.540916,0.310844
370.854437,0.310971
371.167959,0.311099
371.481481,0.311229
371.795003,0.311362
372.108524,0.311496
372.422046,0.311632
372.735568,0.311770
373.049089,0.311911
373.362611,0.312053
373.676133,0.312198
373.989655,0.312345
374.303176,0.312494
374.616698,0.312645
374.930220,0.312799
375.243741,0.312955
375.557263,0.313114
375.870785,0.313275
376.184307,0.313439
376.497828,0.313606
376.811350,0.313775
377.124872,0.313947
377.438393,0.314122
377.751915,0.314300
378.065437,0.314480
378.378959,0.314664
378.692480,0.314851
379.006002,0.315041
379.319524,0.315234
379.633045,0.315431
379.946567,0.315631
380.260089,0.315834
380.573610,0.316041
380.887132,0.316252
381.200654,0.316466
381.514176,0.316685
381.827697,0.316907
382.141219,0.317133
382.454741,0.317363
382.768262,0.317598
383.081784,0.317837
383.395306,0.318081
383.708828,0.318329
384.022349,0.318581
384.335871,0.318839
384.649393,0.319101
384.962914,0.319369
385.276436,0.319642
385.589958,0.319920
385.903480,0.320203
386.217001,0.320493
386.530523,0.320788
386.844045,0.321089
387.157566,0.321396
387.471088,0.321709
387.784610,0.322029
388.098131,0.322356
388.411653,0.322690
388.725175,0.323030
389.038697,0.323378
389.352218,0.323733
389.665740,0.324096
389.979262,0.324467
390.292783,0.324846
390.606305,0.325234
390.919827,0.325630
391.233349,0.326035
391.546870,0.326450
391.860392,0.326874
392.173914,0.327308
392.487435,0.327752
392.800957,0.328206
393.114479,0.328671
393.428001,0.329148
393.741522,0.329636
394.055044,0.330136
394.368566,0.330648
394.682087,0.331173
394.995609,0.331711
395.309131,0.332262
395.622652,0.332828
395.936174,0.333409
396.249696,0.334004
396.563218,0.334616
396.876739,0.335243
397.190261,0.335888
397.503783,0.336549
397.817304,0.337229
398.130826,0.337928
398.444348,0.338646
398.757870,0.339385
399.071391,0.340144
399.384913,0.340926
399.698435,0.341730
400.011956,0.342557
400.325478,0.343410
400.639000,0.344288
400.952522,0.345192
401.266043,0.346124
401.579565,0.347085
401.893087,0.348077
402.206608,0.349099
402.520130,0.350155
402.833652,0.351245
403.147174,0.352370
403.460695,0.353533
403.774217,0.354735
404.087739,0.355977
404.401260,0.357263
404.714782,0.358593
405.028304,0.359970
405.341825,0.361396
405.655347,0.362873
405.968869,0.364405
406.282391,0.365993
406.595912,0.367640
406.909434,0.369350
407.222956,0.371126
407.536477,0.372971
407.849999,0.374888
408.163521,0.376883
408.477043,0.378958
408.790564,0.381118
409.104086,0.383368
409.417608,0.385713
409.731129,0.388158
410.044651,0.390709
410.358173,0.393372
410.671695,0.396154
410.985216,0.399062
411.298738,0.402103
411.612260,0.405286
411.925781,0.408618
412.239303,0.412111
412.552825,0.415773
412.866346,0.419615
413.179868,0.423650
413.493390,0.427889
413.806912,0.432347
414.120433,0.437038
414.433955,0.441978
414.747477,0.447183
415.060998,0.452673
415.374520,0.458468
415.688042,0.464588
416.001564,0.471057
416.315085,0.477901
416.628607,0.485147
416.942129,0.492823
417.255650,0.500962
417.569172,0.509599
417.882694,0.518769
418.196216,0.528514
418.509737,0.538875
418.823259,0.549899
419.136781,0.561635
419.450302,0.574135
419.763824,0.587456
420.077346,0.601654
420.390867,0.616793
420.704389,0.632936
421.017911,0.650147
421.331433,0.668494
421.644954,0.688042
421.958476,0.708853
422.271998,0.730985
422.585519,0.754487
422.899041,0.779397
423.212563,0.805733
423.526085,0.833493
423.839606,0.862641
424.153128,0.893104
424.466650,0.924758
424.780171,0.957423
425.093693,0.990848
425.407215,1.024706
425.720737,1.058585
426.034258,1.091987
426.347780,1.124331
426.661302,1.154963
426.974823,1.183177
427.288345,1.208247
427.601867,1.229462
427.915389,1.246174
428.228910,1.257844
428.542432,1.264085
428.855954,1.264693
429.169475,1.259668
429.482997,1.249210
429.796519,1.233706
430.110040,1.213694
430.423562,1.189822
430.737084,1.162800
431.050606,1.133355
431.364127,1.102195
431.677649,1.069975
431.991171,1.037277
432.304692,1.004602
432.618214,0.972363
432.931736,0.940889
433.245258,0.910432
433.558779,0.881175
433.872301,0.853241
434.185823,0.826706
434.499344,0.801605
434.812866,0.777943
435.126388,0.755702
435.439910,0.734845
435.753431,0.715323
436.066953,0.697079
436.380475,0.680051
436.693996,0.664174
437.007518,0.649381
437.321040,0.635609
437.634561,0.622793
437.948083,0.610873
438.261605,0.599788
438.575127,0.589484
438.888648,0.579909
439.202170,0.571012
439.515692,0.562747
439.829213,0.555072
440.142735,0.547946
440.456257,0.541331
440.769779,0.535193
441.083300,0.529497
441.396822,0.524215
441.710344,0.519318
442.023865,0.514778
442.337387,0.510572
442.650909,0.506676
442.964431,0.503069
443.277952,0.499729
443.591474,0.496637
443.904996,0.493776
444.218517,0.491128
444.532039,0.488677
444.845561,0.486406
445.159083,0.484302
445.472604,0.482351
445.786126,0.480538
446.099648,0.478851
446.413169,0.477277
446.726691,0.475805
447.040213,0.474422
447.353734,0.473119
447.667256,0.471885
447.980778,0.470708
448.294300,0.469581
448.607821,0.468494
448.921343,0.467437
449.234865,0.466403
449.548386,0.465385
449.861908,0.464374
450.175430,0.463364
450.488952,0.462349
450.802473,0.461324
451.115995,0.460283
451.429517,0.459222
451.743038,0.458138
452.056560,0.457026
452.370082,0.455884
452.683604,0.454711
452.997125,0.453504
453.310647,0.452263
453.624169,0.450987
453.937690,0.449677
454.251212,0.448332
454.564734,0.446955
454.878255,0.445546
455.191777,0.444108
455.505299,0.442642
455.818821,0.441152
456.132342,0.439639
456.445864,0.438107
456.759386,0.436559
457.072907,0.434999
457.386429,0.433429
457.699951,0.431853
458.013473,0.430274
458.326994,0.428696
458.640516,0.427123
458.954038,0.425557
459.267559,0.424002
459.581081,0.422462
459.894603,0.420939
460.208125,0.419436
460.521646,0.417956
460.835168,0.416502
461.148690,0.415077
461.462211,0.413683
461.775733,0.412323
462.089255,0.410998
462.402776,0.409711
462.716298,0.408464
463.029820,0.407258
463.343342,0.406097
463.656863,0.404981
463.970385,0.403912
464.283907,0.402891
464.597428,0.401921
464.910950,0.401003
465.224472,0.400138
465.537994,0.399328
465.851515,0.398574
466.165037,0.397878
466.478559,0.397242
466.792080,0.396666
467.105602,0.396153
467.419124,0.395704
467.732646,0.395322
468.046167,0.395007
468.359689,0.394762
468.673211,0.394589
468.986732,0.394490
469.300254,0.394468
469.613776,0.394525
469.927298,0.394665
470.240819,0.394889
470.554341,0.395202
470.867863,0.395606
471.181384,0.396107
471.494906,0.396707
471.808428,0.397411
472.121949,0.398224
472.435471,0.399151
472.748993,0.400198
473.062515,0.401370
473.376036,0.402674
473.689558,0.404118
474.003080,0.405707
474.316601,0.407451
474.630123,0.409358
474.943645,0.411436
475.257167,0.413695
475.570688,0.416146
475.884210,0.418799
476.197732,0.421665
476.511253,0.424756
476.824775,0.428083
477.138297,0.431659
477.451819,0.435495
477.765340,0.439604
478.078862,0.443997
478.392384,0.448685
478.705905,0.453676
479.019427,0.458978
479.332949,0.464595
479.646470,0.470529
479.959992,0.476775
480.273514,0.483326
480.587036,0.490163
480.900557,0.497264
481.214079,0.504592
481.527601,0.512103
481.841122,0.519737
482.154644,0.527422
482.468166,0.535070
482.781688,0.542580
483.095209,0.549837
483.408731,0.556714
483.722253,0.563076
484.035774,0.568786
484.349296,0.573707
484.662818,0.577712
484.976340,0.580690
485.289861,0.582551
485.603383,0.583235
485.916905,0.582714
486.230426,0.580994
486.543948,0.578114
486.857470,0.574146
487.170991,0.569188
487.484513,0.563356
487.798035,0.556782
488.111557,0.549603
488.425078,0.541956
488.738600,0.533974
489.052122,0.525777
489.365643,0.517478
489.679165,0.509170
489.992687,0.500937
490.306209,0.492846
490.619730,0.484949
490.933252,0.477289
491.246774,0.469896
491.560295,0.462790
491.873817,0.455986
492.187339,0.449490
492.500861,0.443302
492.814382,0.437421
493.127904,0.431841
493.441426,0.426552
493.754947,0.421545
494.068469,0.416809
494.381991,0.412331
494.695513,0.408099
495.009034,0.404100
495.322556,0.400323
495.636078,0.396754
495.949599,0.393383
496.263121,0.390197
496.576643,0.387185
496.890164,0.384338
497.203686,0.381645
497.517208,0.379098
497.830730,0.376687
498.144251,0.374404
498.457773,0.372241
498.771295,0.370192
499.084816,0.368249
499.398338,0.366406
499.711860,0.364657
500.025382,0.362997
500.338903,0.361421
500.652425,0.359923
500.965947,0.358500
501.279468,0.357147
501.592990,0.355860
501.906512,0.354636
502.220034,0.353471
502.533555,0.352362
502.847077,0.351307
503.160599,0.350301
503.474120,0.349344
503.787642,0.348432
504.101164,0.347564
504.414685,0.346737
504.728207,0.345949
505.041729,0.345198
505.355251,0.344484
505.668772,0.343804
505.982294,0.343156
506.295816,0.342540
506.609337,0.341954
506.922859,0.341397
507.236381,0.340868
507.549903,0.340366
507.863424,0.339890
508.176946,0.339439
508.490468,0.339012
508.803989,0.338609
509.117511,0.338228
509.431033,0.337870
509.744555,0.337533
510.058076,0.337217
510.371598,0.336922
510.685120,0.336647
510.998641,0.336392
511.312163,0.336156
511.625685,0.335939
511.939206,0.335742
512.252728,0.335563
512.566250,0.335402
512.879772,0.335260
513.193293,0.335137
513.506815,0.335031
513.820337,0.334944
514.133858,0.334876
514.447380,0.334826
514.760902,0.334794
515.074424,0.334782
515.387945,0.334788
515.701467,0.334814
516.014989,0.334859
516.328510,0.334925
516.642032,0.335011
516.955554,0.335118
517.269076,0.335247
517.582597,0.335398
517.896119,0.335573
518.209641,0.335771
518.523162,0.335994
518.836684,0.336242
519.150206,0.336518
519.463728,0.336821
519.777249,0.337154
520.090771,0.337517
520.404293,0.337912
520.717814,0.338341
521.031336,0.338806
521.344858,0.339308
521.658379,0.339850
521.971901,0.340433
522.285423,0.341061
522.598945,0.341735
522.912466,0.342460
523.225988,0.343236
523.539510,0.344069
523.853031,0.344961
524.166553,0.345915
524.480075,0.346937
524.793597,0.348029
525.107118,0.349195
525.420640,0.350441
525.734162,0.351769
526.047683,0.353184
526.361205,0.354691
526.674727,0.356293
526.988249,0.357993
527.301770,0.359794
527.615292,0.361696
527.928814,0.363702
528.242335,0.365808
528.555857,0.368011
528.869379,0.370306
529.182900,0.372682
529.496422,0.375125
529.809944,0.377619
530.123466,0.380140
530.436987,0.382661
530.750509,0.385149
531.064031,0.387566
531.377552,0.389871
531.691074,0.392018
532.004596,0.393962
532.318118,0.395659
532.631639,0.397069
532.945161,0.398156
533.258683,0.398895
533.572204,0.399273
533.885726,0.399286
534.199248,0.398945
534.512770,0.398269
534.826291,0.397291
535.139813,0.396050
535.453335,0.394588
535.766856,0.392952
536.080378,0.391189
536.393900,0.389342
536.707421,0.387452
537.020943,0.385556
537.334465,0.383683
537.647987,0.381862
537.961508,0.380111
538.275030,0.378449
538.588552,0.376887
538.902073,0.375434
539.215595,0.374096
539.529117,0.372878
539.842639,0.371780
540.156160,0.370803
540.469682,0.369946
540.783204,0.369209
541.096725,0.368588
541.410247,0.368082
541.723769,0.367688
542.037291,0.367403
542.350812,0.367226
542.664334,0.367153
542.977856,0.367184
543.291377,0.367316
543.604899,0.367548
543.918421,0.367879
544.231943,0.368308
544.545464,0.368835
544.858986,0.369459
545.172508,0.370182
545.486029,0.371003
545.799551,0.371924
546.113073,0.372947
546.426594,0.374072
546.740116,0.375303
547.053638,0.376642
547.367160,0.378091
547.680681,0.379655
547.994203,0.381337
548.307725,0.383141
548.621246,0.385071
548.934768,0.387134
549.248290,0.389333
549.561812,0.391675
549.875333,0.394165
550.188855,0.396811
550.502377,0.399618
550.815898,0.402594
551.129420,0.405746
551.442942,0.409082
551.756464,0.412609
552.069985,0.416335
552.383507,0.420266
552.697029,0.424411
553.010550,0.428776
553.324072,0.433367
553.637594,0.438188
553.951115,0.443244
554.264637,0.448536
554.578159,0.454064
554.891681,0.459825
555.205202,0.465814
555.518724,0.472019
555.832246,0.478426
556.145767,0.485016
556.459289,0.491762
556.772811,0.498631
557.086333,0.505583
557.399854,0.512571
557.713376,0.519537
558.026898,0.526417
558.340419,0.533139
558.653941,0.539624
558.967463,0.545787
559.280985,0.551539
559.594506,0.556790
559.908028,0.561451
560.221550,0.565438
560.535071,0.568676
560.848593,0.571101
561.162115,0.572662
561.475637,0.573326
561.789158,0.573081
562.102680,0.571931
562.416202,0.569902
562.729723,0.567035
563.043245,0.563388
563.356767,0.559034
563.670288,0.554052
563.983810,0.548530
564.297332,0.542556
564.610854,0.536222
564.924375,0.529613
565.237897,0.522811
565.551419,0.515892
565.864940,0.508923
566.178462,0.501963
566.491984,0.495065
566.805506,0.488272
567.119027,0.481619
567.432549,0.475136
567.746071,0.468843
568.059592,0.462759
568.373114,0.456895
568.686636,0.451259
569.000158,0.445853
569.313679,0.440680
569.627201,0.435738
569.940723,0.431024
570.254244,0.426533
570.567766,0.422260
570.881288,0.418196
571.194809,0.414335
571.508331,0.410670
571.821853,0.407191
572.135375,0.403892
572.448896,0.400764
572.762418,0.397799
573.075940,0.394988
573.389461,0.392326
573.702983,0.389804
574.016505,0.387415
574.330027,0.385153
574.643548,0.383011
574.957070,0.380983
575.270592,0.379064
575.584113,0.377246
575.897635,0.375527
576.211157,0.373900
576.524679,0.372361
576.838200,0.370905
577.151722,0.369529
577.465244,0.368228
577.778765,0.366999
578.092287,0.365838
578.405809,0.364743
578.719330,0.363710
579.032852,0.362736
579.346374,0.361819
579.659896,0.360956
579.973417,0.360145
580.286939,0.359383
580.600461,0.358669
580.913982,0.358001
581.227504,0.357376
581.541026,0.356794
581.854548,0.356252
582.168069,0.355749
582.481591,0.355284
582.795113,0.354855
583.108634,0.354462
583.422156,0.354103
583.735678,0.353776
584.049200,0.353482
584.362721,0.353219
584.676243,0.352987
584.989765,0.352783
585.303286,0.352609
585.616808,0.352463
585.930330,0.352345
586.243852,0.352253
586.557373,0.352188
586.870895,0.352150
587.184417,0.352136
587.497938,0.352148
587.811460,0.352185
588.124982,0.352247
588.438503,0.352333
588.752025,0.352443
589.065547,0.352577
589.379069,0.352735
589.692590,0.352917
590.006112,0.353122
590.319634,0.353351
590.633155,0.353603
590.946677,0.353878
591.260199,0.354177
591.573721,0.354500
591.887242,0.354846
592.200764,0.355216
592.514286,0.355610
592.827807,0.356028
593.141329,0.356469
593.454851,0.356935
593.768373,0.357426
594.081894,0.357942
594.395416,0.358482
594.708938,0.359048
595.022459,0.359639
595.335981,0.360256
595.649503,0.360900
595.963024,0.361570
596.276546,0.362267
596.590068,0.362991
596.903590,0.363743
597.217111,0.364523
597.530633,0.365332
597.844155,0.366169
598.157676,0.367036
598.471198,0.367933
598.784720,0.368860
599.098242,0.369817
599.411763,0.370806
599.725285,0.371826
600.038807,0.372879
600.352328,0.373963
600.665850,0.375081
600.979372,0.376232
601.292894,0.377416
601.606415,0.378634
601.919937,0.379887
602.233459,0.381174
602.546980,0.382497
602.860502,0.383854
603.174024,0.385246
603.487545,0.386674
603.801067,0.388136
604.114589,0.389635
604.428111,0.391168
604.741632,0.392736
605.055154,0.394338
605.368676,0.395975
605.682197,0.397645
605.995719,0.399347
606.309241,0.401082
606.622763,0.402847
606.936284,0.404642
607.249806,0.406465
607.563328,0.408315
607.876849,0.410190
608.190371,0.412087
608.503893,0.414005
608.817415,0.415941
609.130936,0.417892
609.444458,0.419855
609.757980,0.421827
610.071501,0.423804
610.385023,0.425783
610.698545,0.427760
611.012067,0.429729
611.325588,0.431687
611.639110,0.433627
611.952632,0.435547
612.266153,0.437438
612.579675,0.439297
612.893197,0.441117
613.206718,0.442893
613.520240,0.444618
613.833762,0.446286
614.147284,0.447891
614.460805,0.449427
614.774327,0.450887
615.087849,0.452266
615.401370,0.453559
615.714892,0.454758
616.028414,0.455860
616.341936,0.456859
616.655457,0.457751
616.968979,0.458531
617.282501,0.459197
617.596022,0.459745
617.909544,0.460173
618.223066,0.460479
618.536588,0.460662
618.850109,0.460721
619.163631,0.460658
619.477153,0.460472
619.790674,0.460165
620.104196,0.459739
620.417718,0.459198
620.731239,0.458544
621.044761,0.457781
621.358283,0.456914
621.671805,0.455948
621.985326,0.454887
622.298848,0.453738
622.612370,0.452505
622.925891,0.451196
623.239413,0.449816
623.552935,0.448371
623.866457,0.446868
624.179978,0.445313
624.493500,0.443712
624.807022,0.442072
625.120543,0.440398
625.434065,0.438696
625.747587,0.436972
626.061109,0.435232
626.374630,0.433480
626.688152,0.431721
627.001674,0.429961
627.315195,0.428203
627.628717,0.426451
627.942239,0.424711
628.255760,0.422984
628.569282,0.421275
628.882804,0.419587
629.196326,0.417922
629.509847,0.416283
629.823369,0.414672
630.136891,0.413091
630.450412,0.411543
630.763934,0.410028
631.077456,0.408550
631.390978,0.407108
631.704499,0.405704
632.018021,0.404339
632.331543,0.403014
632.645064,0.401729
632.958586,0.400486
633.272108,0.399285
633.585630,0.398127
633.899151,0.397011
634.212673,0.395938
634.526195,0.394909
634.839716,0.393923
635.153238,0.392982
635.466760,0.392084
635.780282,0.391230
636.093803,0.390420
636.407325,0.389654
636.720847,0.388933
637.034368,0.388256
637.347890,0.387623
637.661412,0.387034
637.974933,0.386490
638.288455,0.385991
638.601977,0.385536
638.915499,0.385126
639.229020,0.384761
639.542542,0.384441
639.856064,0.384166
640.169585,0.383937
640.483107,0.383753
640.796629,0.383616
641.110151,0.383525
641.423672,0.383482
641.737194,0.383486
642.050716,0.383538
642.364237,0.383638
642.677759,0.383788
642.991281,0.383988
643.304803,0.384239
643.618324,0.384542
643.931846,0.384897
644.245368,0.385306
644.558889,0.385769
644.872411,0.386289
645.185933,0.386865
645.499454,0.387501
645.812976,0.388196
646.126498,0.388954
646.440020,0.389774
646.753541,0.390660
647.067063,0.391613
647.380585,0.392634
647.694106,0.393727
648.007628,0.394894
648.321150,0.396136
648.634672,0.397457
648.948193,0.398858
649.261715,0.400344
649.575237,0.401916
649.888758,0.403579
650.202280,0.405335
650.515802,0.407187
650.829324,0.409140
651.142845,0.411196
651.456367,0.413361
651.769889,0.415637
652.083410,0.418029
652.396932,0.420542
652.710454,0.423179
653.023975,0.425946
653.337497,0.428846
653.651019,0.431886
653.964541,0.435068
654.278062,0.438399
654.591584,0.441882
654.905106,0.445523
655.218627,0.449325
655.532149,0.453294
655.845671,0.457433
656.159193,0.461745
656.472714,0.466233
656.786236,0.470901
657.099758,0.475749
657.413279,0.480778
657.726801,0.485988
658.040323,0.491376
658.353845,0.496940
658.667366,0.502675
658.980888,0.508572
659.294410,0.514623
659.607931,0.520816
659.921453,0.527136
660.234975,0.533564
660.548497,0.540080
660.862018,0.546658
661.175540,0.553269
661.489062,0.559881
661.802583,0.566456
662.116105,0.572956
662.429627,0.579334
662.743148,0.585544
663.056670,0.591535
663.370192,0.597255
663.683714,0.602648
663.997235,0.607662
664.310757,0.612241
664.624279,0.616334
664.937800,0.619890
665.251322,0.622867
665.564844,0.625224
665.878366,0.626929
666.191887,0.627958
666.505409,0.628294
666.818931,0.627932
667.132452,0.626874
667.445974,0.625131
667.759496,0.622724
668.073018,0.619682
668.386539,0.616041
668.700061,0.611844
669.013583,0.607137
669.327104,0.601971
669.640626,0.596400
669.954148,0.590478
670.267669,0.584259
670.581191,0.577797
670.894713,0.571143
671.208235,0.564346
671.521756,0.557452
671.835278,0.550502
672.148800,0.543535
672.462321,0.536585
672.775843,0.529683
673.089365,0.522855
673.402887,0.516124
673.716408,0.509510
674.029930,0.503028
674.343452,0.496691
674.656973,0.490511
674.970495,0.484495
675.284017,0.478648
675.597539,0.472976
675.911060,0.467480
676.224582,0.462160
676.538104,0.457018
676.851625,0.452050
677.165147,0.447256
677.478669,0.442632
677.792191,0.438175
678.105712,0.433880
678.419234,0.429744
678.732756,0.425762
679.046277,0.421929
679.359799,0.418240
679.673321,0.414690
679.986842,0.411275
680.300364,0.407989
680.613886,0.404828
680.927408,0.401787
681.240929,0.398860
681.554451,0.396044
681.867973,0.393334
682.181494,0.390726
682.495016,0.388215
682.808538,0.385797
683.122060,0.383469
683.435581,0.381227
683.749103,0.379066
684.062625,0.376984
684.376146,0.374977
684.689668,0.373043
685.003190,0.371177
685.316712,0.369377
685.630233,0.367641
685.943755,0.365965
686.257277,0.364347
686.570798,0.362784
686.884320,0.361275
687.197842,0.359817
687.511363,0.358408
687.824885,0.357045
688.138407,0.355728
688.451929,0.354453
688.765450,0.353220
689.078972,0.352026
689.392494,0.350871
689.706015,0.349752
690.019537,0.348668
690.333059,0.347618
690.646581,0.346600
690.960102,0.345613
691.273624,0.344656
691.587146,0.343727
691.900667,0.342826
692.214189,0.341952
692.527711,0.341104
692.841233,0.340279
693.154754,0.339479
693.468276,0.338701
693.781798,0.337946
694.095319,0.337211
694.408841,0.336497
694.722363,0.335802
695.035884,0.335127
695.349406,0.334469
695.662928,0.333829
695.976450,0.333207
696.289971,0.332600
696.603493,0.332010
696.917015,0.331434
697.230536,0.330874
697.544058,0.330328
697.857580,0.329795
698.171102,0.329276
698.484623,0.328770
698.798145,0.328276
699.111667,0.327795
699.425188,0.327325
699.738710,0.326866
700.052232,0.326418
700.365754,0.325981
700.679275,0.325554
700.992797,0.325137
701.306319,0.324730
701.619840,0.324332
701.933362,0.323943
702.246884,0.323563
702.560406,0.323191
702.873927,0.322827
703.187449,0.322472
703.500971,0.322124
703.814492,0.321784
704.128014,0.321451
704.441536,0.321126
704.755057,0.320807
705.068579,0.320495
705.382101,0.320189
705.695623,0.319890
706.009144,0.319597
706.322666,0.319310
706.636188,0.319029
706.949709,0.318753
707.263231,0.318483
707.576753,0.318218
707.890275,0.317959
708.203796,0.317704
708.517318,0.317455
708.830840,0.317210
709.144361,0.316970
709.457883,0.316735
709.771405,0.316504
710.084927,0.316277
710.398448,0.316054
710.711970,0.315836
711.025492,0.315622
711.339013,0.315411
711.652535,0.315205
711.966057,0.315002
