# rshift,intensity
65.454626,0.074190
65.757380,0.074191
66.060134,0.074191
66.362888,0.074192
66.665641,0.074193
66.968395,0.074194
67.271149,0.074195
67.573903,0.074196
67.876657,0.074197
68.179411,0.074198
68.482164,0.074199
68.784918,0.074200
69.087672,0.074201
69.390426,0.074202
69.693180,0.074203
69.995934,0.074204
70.298687,0.074205
70.601441,0.074206
70.904195,0.074207
71.206949,0.074208
71.509703,0.074209
71.812457,0.074210
72.115210,0.074211
72.417964,0.074212
72.720718,0.074213
73.023472,0.074214
73.326226,0.074215
73.628980,0.074216
73.931733,0.074217
74.234487,0.074218
74.537241,0.074219
74.839995,0.074220
75.142749,0.074221
75.445503,0.074222
75.748256,0.074223
76.051010,0.074224
76.353764,0.074225
76.656518,0.074226
76.959272,0.074227
77.262026,0.074228
77.564779,0.074229
77.867533,0.074230
78.170287,0.074231
78.473041,0.074232
78.775795,0.074233
79.078549,0.074234
79.381302,0.074235
79.684056,0.074236
79.986810,0.074238
80.289564,0.074239
80.592318,0.074240
80.895072,0.074241
81.197825,0.074242
81.500579,0.074243
81.803333,0.074244
82.106087,0.074245
82.408841,0.074246
82.711595,0.074247
83.014348,0.074248
83.317102,0.074249
83.619856,0.074250
83.922610,0.074252
84.225364,0.074253
84.528118,0.074254
84.830871,0.074255
85.133625,0.074256
85.436379,0.074257
85.739133,0.074258
86.041887,0.074259
86.344641,0.074260
86.647394,0.074261
86.950148,0.074263
87.252902,0.074264
87.555656,0.074265
87.858410,0.074266
88.161164,0.074267
88.463917,0.074268
88.766671,0.074269
89.069425,0.074271
89.372179,0.074272
89.674933,0.074273
89.977687,0.074274
90.280440,0.074275
90.583194,0.074276
90.885948,0.074277
91.188702,0.074279
91.491456,0.074280
91.794210,0.074281
92.096963,0.074282
92.399717,0.074283
92.702471,0.074284
93.005225,0.074286
93.307979,0.074287
93.610733,0.074288
93.913486,0.074289
94.216240,0.074290
94.518994,0.074292
94.821748,0.074293
95.124502,0.074294
95.427256,0.074295
95.730009,0.074296
96.032763,0.074298
96.335517,0.074299
96.638271,0.074300
96.941025,0.074301
97.243779,0.074302
97.546532,0.074304
97.849286,0.074305
98.152040,0.074306
98.454794,0.074307
98.757548,0.074309
99.060302,0.074310
99.363055,0.074311
99.665809,0.074312
99.968563,0.074314
100.271317,0.074315
100.574071,0.074316
100.876825,0.074317
101.179578,0.074319
101.482332,0.074320
101.785086,0.074321
102.087840,0.074322
102.390594,0.074324
102.693347,0.074325
102.996101,0.074326
103.298855,0.074328
103.601609,0.074329
103.904363,0.074330
104.207117,0.074331
104.509870,0.074333
104.812624,0.074334
105.115378,0.074335
105.418132,0.074337
105.720886,0.074338
106.023640,0.074339
106.326393,0.074341
106.629147,0.074342
106.931901,0.074343
107.234655,0.074345
107.537409,0.074346
107.840163,0.074347
108.142916,0.074349
108.445670,0.074350
108.748424,0.074351
109.051178,0.074353
109.353932,0.074354
109.656686,0.074355
109.959439,0.074357
110.262193,0.074358
110.564947,0.074360
110.867701,0.074361
111.170455,0.074362
111.473209,0.074364
111.775962,0.074365
112.078716,0.074367
112.381470,0.074368
112.684224,0.074369
112.986978,0.074371
113.289732,0.074372
113.592485,0.074374
113.895239,0.074375
114.197993,0.074376
114.500747,0.074378
114.803501,0.074379
115.106255,0.074381
115.409008,0.074382
115.711762,0.074384
116.014516,0.074385
116.317270,0.074386
116.620024,0.074388
116.922778,0.074389
117.225531,0.074391
117.528285,0.074392
117.831039,0.074394
118.133793,0.074395
118.436547,0.074397
118.739301,0.074398
119.042054,0.074400
119.344808,0.074401
119.647562,0.074403
119.950316,0.074404
120.253070,0.074406
120.555824,0.074407
120.858577,0.074409
121.161331,0.074410
121.464085,0.074412
121.766839,0.074413
122.069593,0.074415
122.372347,0.074416
122.675100,0.074418
122.977854,0.074419
123.280608,0.074421
123.583362,0.074422
123.886116,0.074424
124.188870,0.074426
124.491623,0.074427
124.794377,0.074429
125.097131,0.074430
125.399885,0.074432
125.702639,0.074433
126.005393,0.074435
126.308146,0.074437
126.610900,0.074438
126.913654,0.074440
127.216408,0.074441
127.519162,0.074443
127.821916,0.074445
128.124669,0.074446
128.427423,0.074448
128.730177,0.074450
129.032931,0.074451
129.335685,0.074453
129.638439,0.074454
129.941192,0.074456
130.243946,0.074458
130.546700,0.074459
130.849454,0.074461
131.152208,0.074463
131.454962,0.074464
131.757715,0.074466
132.060469,0.074468
132.363223,0.074469
132.665977,0.074471
132.968731,0.074473
133.271485,0.074474
133.574238,0.074476
133.876992,0.074478
134.179746,0.074480
134.482500,0.074481
134.785254,0.074483
135.088008,0.074485
135.390761,0.074487
135.693515,0.074488
135.996269,0.074490
136.299023,0.074492
136.601777,0.074494
136.904531,0.074495
137.207284,0.074497
137.510038,0.074499
137.812792,0.074501
138.115546,0.074502
138.418300,0.074504
138.721054,0.074506
139.023807,0.074508
139.326561,0.074510
139.629315,0.074511
139.932069,0.074513
140.234823,0.074515
140.537577,0.074517
140.840330,0.074519
141.143084,0.074521
141.445838,0.074522
141.748592,0.074524
142.051346,0.074526
142.354100,0.074528
142.656853,0.074530
142.959607,0.074532
143.262361,0.074534
143.565115,0.074535
143.867869,0.074537
144.170623,0.074539
144.473376,0.074541
144.776130,0.074543
145.078884,0.074545
145.381638,0.074547
145.684392,0.074549
145.987146,0.074551
146.289899,0.074553
146.592653,0.074555
146.895407,0.074556
147.198161,0.074558
147.500915,0.074560
147.803669,0.074562
148.106422,0.074564
148.409176,0.074566
148.711930,0.074568
149.014684,0.074570
149.317438,0.074572
149.620192,0.074574
149.922945,0.074576
150.225699,0.074578
150.528453,0.074580
150.831207,0.074582
151.133961,0.074584
151.436715,0.074586
151.739468,0.074588
152.042222,0.074590
152.344976,0.074593
152.647730,0.074595
152.950484,0.074597
153.253238,0.074599
153.555991,0.074601
153.858745,0.074603
154.161499,0.074605
154.464253,0.074607
154.767007,0.074609
155.069761,0.074611
155.372514,0.074613
155.675268,0.074616
155.978022,0.074618
156.280776,0.074620
156.583530,0.074622
156.886284,0.074624
157.189037,0.074626
157.491791,0.074629
157.794545,0.074631
158.097299,0.074633
158.400053,0.074635
158.702807,0.074637
159.005560,0.074639
159.308314,0.074642
159.611068,0.074644
159.913822,0.074646
160.216576,0.074648
160.519330,0.074651
160.822083,0.074653
161.124837,0.074655
161.427591,0.074657
161.730345,0.074660
162.033099,0.074662
162.335853,0.074664
162.638606,0.074667
162.941360,0.074669
163.244114,0.074671
163.546868,0.074673
163.849622,0.074676
164.152376,0.074678
164.455129,0.074680
164.757883,0.074683
165.060637,0.074685
165.363391,0.074688
165.666145,0.074690
165.968899,0.074692
166.271652,0.074695
166.574406,0.074697
166.877160,0.074699
167.179914,0.074702
167.482668,0.074704
167.785422,0.074707
168.088175,0.074709
168.390929,0.074712
168.693683,0.074714
168.996437,0.074716
169.299191,0.074719
169.601945,0.074721
169.904698,0.074724
170.207452,0.074726
170.510206,0.074729
170.812960,0.074731
171.115714,0.074734
171.418467,0.074736
171.721221,0.074739
172.023975,0.074742
172.326729,0.074744
172.629483,0.074747
172.932237,0.074749
173.234990,0.074752
173.537744,0.074754
173.840498,0.074757
174.143252,0.074760
174.446006,0.074762
174.748760,0.074765
175.051513,0.074767
175.354267,0.074770
175.657021,0.074773
175.959775,0.074775
176.262529,0.074778
176.565283,0.074781
176.868036,0.074783
177.170790,0.074786
177.473544,0.074789
177.776298,0.074791
178.079052,0.074794
178.381806,0.074797
178.684559,0.074800
178.987313,0.074802
179.290067,0.074805
179.592821,0.074808
179.895575,0.074811
180.198329,0.074814
180.501082,0.074816
180.803836,0.074819
181.106590,0.074822
181.409344,0.074825
181.712098,0.074828
182.014852,0.074830
182.317605,0.074833
182.620359,0.074836
182.923113,0.074839
183.225867,0.074842
183.528621,0.074845
183.831375,0.074848
184.134128,0.074851
184.436882,0.074854
184.739636,0.074857
185.042390,0.074859
185.345144,0.074862
185.647898,0.074865
185.950651,0.074868
186.253405,0.074871
186.556159,0.074874
186.858913,0.074877
187.161667,0.074880
187.464421,0.074883
187.767174,0.074887
188.069928,0.074890
188.372682,0.074893
188.675436,0.074896
188.978190,0.074899
189.280944,0.074902
189.583697,0.074905
189.886451,0.074908
190.189205,0.074911
190.491959,0.074914
190.794713,0.074918
191.097467,0.074921
191.400220,0.074924
191.702974,0.074927
192.005728,0.074930
192.308482,0.074934
192.611236,0.074937
192.913990,0.074940
193.216743,0.074943
193.519497,0.074947
193.822251,0.074950
194.125005,0.074953
194.427759,0.074956
194.730513,0.074960
195.033266,0.074963
195.336020,0.074966
195.638774,0.074970
195.941528,0.074973
196.244282,0.074977
196.547036,0.074980
196.849789,0.074983
197.152543,0.074987
197.455297,0.074990
197.758051,0.074994
198.060805,0.074997
198.363559,0.075000
198.666312,0.075004
198.969066,0.075007
199.271820,0.075011
199.574574,0.075014
199.877328,0.075018
200.180082,0.075022
200.482835,0.075025
200.785589,0.075029
201.088343,0.075032
201.391097,0.075036
201.693851,0.075039
201.996605,0.075043
202.299358,0.075047
202.602112,0.075050
202.904866,0.075054
203.207620,0.075058
203.510374,0.075061
203.813128,0.075065
204.115881,0.075069
204.418635,0.075073
204.721389,0.075076
205.024143,0.075080
205.326897,0.075084
205.629651,0.075088
205.932404,0.075092
206.235158,0.075095
206.537912,0.075099
206.840666,0.075103
207.143420,0.075107
207.446174,0.075111
207.748927,0.075115
208.051681,0.075119
208.354435,0.075123
208.657189,0.075127
208.959943,0.075131
209.262697,0.075134
209.565450,0.075138
209.868204,0.075143
210.170958,0.075147
210.473712,0.075151
210.776466,0.075155
211.079220,0.075159
211.381973,0.075163
211.684727,0.075167
211.987481,0.075171
212.290235,0.075175
212.592989,0.075179
212.895743,0.075184
213.198496,0.075188
213.501250,0.075192
213.804004,0.075196
214.106758,0.075200
214.409512,0.075205
214.712266,0.075209
215.015019,0.075213
215.317773,0.075218
215.620527,0.075222
215.923281,0.075226
216.226035,0.075231
216.528789,0.075235
216.831542,0.075239
217.134296,0.075244
217.437050,0.075248
217.739804,0.075253
218.042558,0.075257
218.345312,0.075262
218.648065,0.075266
218.950819,0.075271
219.253573,0.075275
219.556327,0.075280
219.859081,0.075284
220.161835,0.075289
220.464588,0.075294
220.767342,0.075298
221.070096,0.075303
221.372850,0.075308
221.675604,0.075312
221.978358,0.075317
222.281111,0.075322
222.583865,0.075327
222.886619,0.075331
223.189373,0.075336
223.492127,0.075341
223.794881,0.075346
224.097634,0.075351
224.400388,0.075356
224.703142,0.075360
225.005896,0.075365
225.308650,0.075370
225.611404,0.075375
225.914157,0.075380
226.216911,0.075385
226.519665,0.075390
226.822419,0.075395
227.125173,0.075401
227.427927,0.075406
227.730680,0.075411
228.033434,0.075416
228.336188,0.075421
228.638942,0.075426
228.941696,0.075431
229.244450,0.075437
229.547203,0.075442
229.849957,0.075447
230.152711,0.075453
230.455465,0.075458
230.758219,0.075463
231.060973,0.075469
231.363726,0.075474
231.666480,0.075479
231.969234,0.075485
232.271988,0.075490
232.574742,0.075496
232.877496,0.075501
233.180249,0.075507
233.483003,0.075512
233.785757,0.075518
234.088511,0.075524
234.391265,0.075529
234.694019,0.075535
234.996772,0.075541
235.299526,0.075546
235.602280,0.075552
235.905034,0.075558
236.207788,0.075564
236.510542,0.075569
236.813295,0.075575
237.116049,0.075581
237.418803,0.075587
237.721557,0.075593
238.024311,0.075599
238.327065,0.075605
238.629818,0.075611
238.932572,0.075617
239.235326,0.075623
239.538080,0.075629
239.840834,0.075635
240.143587,0.075641
240.446341,0.075648
240.749095,0.075654
241.051849,0.075660
241.354603,0.075666
241.657357,0.075673
241.960110,0.075679
242.262864,0.075685
242.565618,0.075692
242.868372,0.075698
243.171126,0.075705
243.473880,0.075711
243.776633,0.075717
244.079387,0.075724
244.382141,0.075731
244.684895,0.075737
244.987649,0.075744
245.290403,0.075750
245.593156,0.075757
245.895910,0.075764
246.198664,0.075771
246.501418,0.075777
246.804172,0.075784
247.106926,0.075791
247.409679,0.075798
247.712433,0.075805
248.015187,0.075812
248.317941,0.075819
248.620695,0.075826
248.923449,0.075833
249.226202,0.075840
249.528956,0.075847
249.831710,0.075854
250.134464,0.075861
250.437218,0.075869
250.739972,0.075876
251.042725,0.075883
251.345479,0.075891
251.648233,0.075898
251.950987,0.075905
252.253741,0.075913
252.556495,0.075920
252.859248,0.075928
253.162002,0.075935
253.464756,0.075943
253.767510,0.075950
254.070264,0.075958
254.373018,0.075966
254.675771,0.075974
254.978525,0.075981
255.281279,0.075989
255.584033,0.075997
255.886787,0.076005
256.189541,0.076013
256.492294,0.076021
256.795048,0.076029
257.097802,0.076037
257.400556,0.076045
257.703310,0.076053
258.006064,0.076061
258.308817,0.076070
258.611571,0.076078
258.914325,0.076086
259.217079,0.076094
259.519833,0.076103
259.822587,0.076111
260.125340,0.076120
260.428094,0.076128
260.730848,0.076137
261.033602,0.076145
261.336356,0.076154
261.639110,0.076163
261.941863,0.076172
262.244617,0.076180
262.547371,0.076189
262.850125,0.076198
263.152879,0.076207
263.455633,0.076216
263.758386,0.076225
264.061140,0.076234
264.363894,0.076243
264.666648,0.076252
264.969402,0.076262
265.272156,0.076271
265.574909,0.076280
265.877663,0.076290
266.180417,0.076299
266.483171,0.076308
266.785925,0.076318
267.088679,0.076328
267.391432,0.076337
267.694186,0.076347
267.996940,0.076357
268.299694,0.076366
268.602448,0.076376
268.905202,0.076386
269.207955,0.076396
269.510709,0.076406
269.813463,0.076416
270.116217,0.076426
270.418971,0.076436
270.721725,0.076447
271.024478,0.076457
271.327232,0.076467
271.629986,0.076478
271.932740,0.076488
272.235494,0.076499
272.538248,0.076509
272.841001,0.076520
273.143755,0.076530
273.446509,0.076541
273.749263,0.076552
274.052017,0.076563
274.354771,0.076574
274.657524,0.076585
274.960278,0.076596
275.263032,0.076607
275.565786,0.076618
275.868540,0.076629
276.171294,0.076641
276.474047,0.076652
276.776801,0.076663
277.079555,0.076675
277.382309,0.076686
277.685063,0.076698
277.987817,0.076710
278.290570,0.076722
278.593324,0.076733
278.896078,0.076745
279.198832,0.076757
279.501586,0.076769
279.804340,0.076781
280.107093,0.076794
280.409847,0.076806
280.712601,0.076818
281.015355,0.076831
281.318109,0.076843
281.620863,0.076856
281.923616,0.076868
282.226370,0.076881
282.529124,0.076894
282.831878,0.076907
283.134632,0.076920
283.437386,0.076933
283.740139,0.076946
284.042893,0.076959
284.345647,0.076972
284.648401,0.076985
284.951155,0.076999
285.253909,0.077012
285.556662,0.077026
285.859416,0.077039
286.162170,0.077053
286.464924,0.077067
286.767678,0.077081
287.070432,0.077095
287.373185,0.077109
287.675939,0.077123
287.978693,0.077137
288.281447,0.077152
288.584201,0.077166
288.886955,0.077181
289.189708,0.077195
289.492462,0.077210
289.795216,0.077225
290.097970,0.077240
290.400724,0.077255
290.703478,0.077270
291.006231,0.077285
291.308985,0.077300
291.611739,0.077316
291.914493,0.077331
292.217247,0.077347
292.520001,0.077362
292.822754,0.077378
293.125508,0.077394
293.428262,0.077410
293.731016,0.077426
294.033770,0.077442
294.336524,0.077458
294.639277,0.077475
294.942031,0.077491
295.244785,0.077508
295.547539,0.077525
295.850293,0.077541
296.153047,0.077558
296.455800,0.077575
296.758554,0.077592
297.061308,0.077610
297.364062,0.077627
297.666816,0.077645
297.969570,0.077662
298.272323,0.077680
298.575077,0.077698
298.877831,0.077716
299.180585,0.077734
299.483339,0.077752
299.786093,0.077770
300.088846,0.077789
300.391600,0.077807
300.694354,0.077826
300.997108,0.077845
301.299862,0.077864
301.602616,0.077883
301.905369,0.077902
302.208123,0.077922
302.510877,0.077941
302.813631,0.077961
303.116385,0.077981
303.419139,0.078001
303.721892,0.078021
304.024646,0.078041
304.327400,0.078061
304.630154,0.078082
304.932908,0.078102
305.235662,0.078123
305.538415,0.078144
305.841169,0.078165
306.143923,0.078186
306.446677,0.078208
306.749431,0.078229
307.052185,0.078251
307.354938,0.078273
307.657692,0.078295
307.960446,0.078317
308.263200,0.078339
308.565954,0.078362
308.868707,0.078384
309.171461,0.078407
309.474215,0.078430
309.776969,0.078453
310.079723,0.078476
310.382477,0.078500
310.685230,0.078524
310.987984,0.078547
311.290738,0.078571
311.593492,0.078596
311.896246,0.078620
312.199000,0.078645
312.501753,0.078669
312.804507,0.078694
313.107261,0.078719
313.410015,0.078745
313.712769,0.078770
314.015523,0.078796
314.318276,0.078822
314.621030,0.078848
314.923784,0.078874
315.226538,0.078901
315.529292,0.078927
315.832046,0.078954
316.134799,0.078981
316.437553,0.079009
316.740307,0.079036
317.043061,0.079064
317.345815,0.079092
317.648569,0.079120
317.951322,0.079149
318.254076,0.079177
318.556830,0.079206
318.859584,0.079235
319.162338,0.079265
319.465092,0.079294
319.767845,0.079324
320.070599,0.079354
320.373353,0.079384
320.676107,0.079415
320.978861,0.079446
321.281615,0.079477
321.584368,0.079508
321.887122,0.079540
322.189876,0.079571
322.492630,0.079604
322.795384,0.079636
323.098138,0.079669
323.400891,0.079701
323.703645,0.079735
324.006399,0.079768
324.309153,0.079802
324.611907,0.079836
324.914661,0.079870
325.217414,0.079905
325.520168,0.079939
325.822922,0.079975
326.125676,0.080010
326.428430,0.080046
326.731184,0.080082
327.033937,0.080118
327.336691,0.080155
327.639445,0.080192
327.942199,0.080229
328.244953,0.080267
328.547707,0.080305
328.850460,0.080344
329.153214,0.080382
329.455968,0.080421
329.758722,0.080461
330.061476,0.080500
330.364230,0.080540
330.666983,0.080581
330.969737,0.080622
331.272491,0.080663
331.575245,0.080704
331.877999,0.080746
332.180753,0.080789
332.483506,0.080831
332.786260,0.080874
333.089014,0.080918
333.391768,0.080962
333.694522,0.081006
333.997276,0.081051
334.300029,0.081096
334.602783,0.081141
334.905537,0.081187
335.208291,0.081234
335.511045,0.081281
335.813799,0.081328
336.116552,0.081375
336.419306,0.081424
336.722060,0.081472
337.024814,0.081521
337.327568,0.081571
337.630322,0.081621
337.933075,0.081672
338.235829,0.081723
338.538583,0.081774
338.841337,0.081826
339.144091,0.081879
339.446845,0.081932
339.749598,0.081985
340.052352,0.082039
340.355106,0.082094
340.657860,0.082149
340.960614,0.082205
341.263368,0.082261
341.566121,0.082318
341.868875,0.082376
342.171629,0.082434
342.474383,0.082492
342.777137,0.082552
343.079891,0.082611
343.382644,0.082672
343.685398,0.082733
343.988152,0.082795
344.290906,0.082857
344.593660,0.082920
344.896414,0.082984
345.199167,0.083048
345.501921,0.083113
345.804675,0.083179
346.107429,0.083245
346.410183,0.083313
346.712937,0.083380
347.015690,0.083449
347.318444,0.083518
347.621198,0.083588
347.923952,0.083659
348.226706,0.083731
348.529460,0.083803
348.832213,0.083877
349.134967,0.083951
349.437721,0.084026
349.740475,0.084101
350.043229,0.084178
350.345983,0.084255
350.648736,0.084333
350.951490,0.084413
351.254244,0.084493
351.556998,0.084574
351.859752,0.084656
352.162506,0.084738
352.465259,0.084822
352.768013,0.084907
353.070767,0.084993
353.373521,0.085080
353.676275,0.085167
353.979029,0.085256
354.281782,0.085346
354.584536,0.085437
354.887290,0.085529
355.190044,0.085622
355.492798,0.085717
355.795552,0.085812
356.098305,0.085909
356.401059,0.086006
356.703813,0.086105
357.006567,0.086205
357.309321,0.086307
357.612075,0.086410
357.914828,0.086513
358.217582,0.086619
358.520336,0.086725
358.823090,0.086833
359.125844,0.086943
359.428598,0.087053
359.731351,0.087165
360.034105,0.087279
360.336859,0.087394
360.639613,0.087510
360.942367,0.087628
361.245121,0.087748
361.547874,0.087869
361.850628,0.087992
362.153382,0.088116
362.456136,0.088242
362.758890,0.088370
363.061644,0.088499
363.364397,0.088631
363.667151,0.088764
363.969905,0.088898
364.272659,0.089035
364.575413,0.089174
364.878167,0.089314
365.180920,0.089456
365.483674,0.089601
365.786428,0.089747
366.089182,0.089896
366.391936,0.090046
366.694690,0.090199
366.997443,0.090354
367.300197,0.090511
367.602951,0.090671
367.905705,0.090832
368.208459,0.090996
368.511213,0.091163
368.813966,0.091332
369.116720,0.091503
369.419474,0.091678
369.722228,0.091854
370.024982,0.092034
370.327736,0.092216
370.630489,0.092400
370.933243,0.092588
371.235997,0.092779
371.538751,0.092972
371.841505,0.093169
372.144259,0.093368
372.447012,0.093571
372.749766,0.093777
373.052520,0.093986
373.355274,0.094198
373.658028,0.094414
373.960782,0.094634
374.263535,0.094857
374.566289,0.095083
374.869043,0.095314
375.171797,0.095548
375.474551,0.095786
375.777305,0.096028
376.080058,0.096274
376.382812,0.096524
376.685566,0.096779
376.988320,0.097038
377.291074,0.097301
377.593828,0.097569
377.896581,0.097842
378.199335,0.098119
378.502089,0.098401
378.804843,0.098688
379.107597,0.098981
379.410350,0.099278
379.713104,0.099581
380.015858,0.099890
380.318612,0.100204
380.621366,0.100523
380.924120,0.100849
381.226873,0.101181
381.529627,0.101519
381.832381,0.101864
382.135135,0.102215
382.437889,0.102572
382.740643,0.102937
383.043396,0.103308
383.346150,0.103687
383.648904,0.104073
383.951658,0.104467
384.254412,0.104869
384.557166,0.105279
384.859919,0.105697
385.162673,0.106123
385.465427,0.106558
385.768181,0.107002
386.070935,0.107456
386.373689,0.107918
386.676442,0.108391
386.979196,0.108873
387.281950,0.109366
387.584704,0.109869
387.887458,0.110384
388.190212,0.110909
388.492965,0.111446
388.795719,0.111994
389.098473,0.112555
389.401227,0.113129
389.703981,0.113715
390.006735,0.114315
390.309488,0.114928
390.612242,0.115556
390.914996,0.116198
391.217750,0.116855
391.520504,0.117528
391.823258,0.118217
392.126011,0.118922
392.428765,0.119645
392.731519,0.120385
393.034273,0.121143
393.337027,0.121920
393.639781,0.122716
393.942534,0.123533
394.245288,0.124370
394.548042,0.125229
394.850796,0.126109
395.153550,0.127013
395.456304,0.127941
395.759057,0.128893
396.061811,0.129870
396.364565,0.130874
396.667319,0.131905
396.970073,0.132964
397.272827,0.134053
397.575580,0.135172
397.878334,0.136323
398.181088,0.137506
398.483842,0.138723
398.786596,0.139976
399.089350,0.141265
399.392103,0.142592
399.694857,0.143958
399.997611,0.145366
400.300365,0.146816
400.603119,0.148311
400.905873,0.149852
401.208626,0.151441
401.511380,0.153080
401.814134,0.154771
402.116888,0.156517
402.419642,0.158319
402.722396,0.160181
403.025149,0.162104
403.327903,0.164092
403.630657,0.166146
403.933411,0.168271
404.236165,0.170470
404.538919,0.172745
404.841672,0.175100
405.144426,0.177539
405.447180,0.180066
405.749934,0.182685
406.052688,0.185400
406.355442,0.188216
406.658195,0.191138
406.960949,0.194171
407.263703,0.197320
407.566457,0.200592
407.869211,0.203992
408.171965,0.207527
408.474718,0.211204
408.777472,0.215031
409.080226,0.219014
409.382980,0.223163
409.685734,0.227485
409.988488,0.231991
410.291241,0.236691
410.593995,0.241594
410.896749,0.246713
411.199503,0.252058
411.502257,0.257643
411.805011,0.263481
412.107764,0.269587
412.410518,0.275975
412.713272,0.282662
413.016026,0.289666
413.318780,0.297004
413.621534,0.304696
413.924287,0.312763
414.227041,0.321226
414.529795,0.330110
414.832549,0.339438
415.135303,0.349237
415.438057,0.359534
415.740810,0.370359
416.043564,0.381741
416.346318,0.393714
416.649072,0.406311
416.951826,0.419567
417.254580,0.433517
417.557333,0.448201
417.860087,0.463656
418.162841,0.479920
418.465595,0.497034
418.768349,0.515037
419.071103,0.533965
419.373856,0.553856
419.676610,0.574743
419.979364,0.596654
420.282118,0.619614
420.584872,0.643638
420.887626,0.668734
421.190379,0.694895
421.493133,0.722103
421.795887,0.750318
422.098641,0.779483
422.401395,0.809511
422.704149,0.840291
423.006902,0.871678
423.309656,0.903490
423.612410,0.935507
423.915164,0.967470
424.217918,0.999078
424.520672,1.029990
424.823425,1.059832
425.126179,1.088197
425.428933,1.114662
425.731687,1.138792
426.034441,1.160161
426.337195,1.178367
426.639948,1.193046
426.942702,1.203893
427.245456,1.210676
427.548210,1.213250
427.850964,1.211561
428.153718,1.205652
428.456471,1.195664
428.759225,1.181818
429.061979,1.164416
429.364733,1.143815
429.667487,1.120415
429.970241,1.094643
430.272994,1.066932
430.575748,1.037708
430.878502,1.007381
431.181256,0.976328
431.484010,0.944895
431.786764,0.913386
432.089517,0.882067
432.392271,0.851161
432.695025,0.820853
432.997779,0.791293
433.300533,0.762597
433.603287,0.734853
433.906040,0.708123
434.208794,0.682448
434.511548,0.657849
434.814302,0.634334
435.117056,0.611899
435.419810,0.590529
435.722563,0.570201
436.025317,0.550889
436.328071,0.532559
436.630825,0.515177
436.933579,0.498707
437.236333,0.483109
437.539086,0.468347
437.841840,0.454383
438.144594,0.441178
438.447348,0.428697
438.750102,0.416904
439.052856,0.405766
439.355609,0.395251
439.658363,0.385327
439.961117,0.375965
440.263871,0.367138
440.566625,0.358820
440.869379,0.350986
441.172132,0.343613
441.474886,0.336680
441.777640,0.330166
442.080394,0.324052
442.383148,0.318322
442.685902,0.312958
442.988655,0.307945
443.291409,0.303269
443.594163,0.298918
443.896917,0.294878
444.199671,0.291138
444.502425,0.287688
444.805178,0.284517
445.107932,0.281616
445.410686,0.278977
445.713440,0.276590
446.016194,0.274448
446.318948,0.272542
446.621701,0.270865
446.924455,0.269409
447.227209,0.268166
447.529963,0.267129
447.832717,0.266288
448.135470,0.265634
448.438224,0.265158
448.740978,0.264850
449.043732,0.264697
449.346486,0.264688
449.649240,0.264808
449.951993,0.265043
450.254747,0.265376
450.557501,0.265788
450.860255,0.266261
451.163009,0.266772
451.465763,0.267301
451.768516,0.267822
452.071270,0.268312
452.374024,0.268745
452.676778,0.269097
452.979532,0.269341
453.282286,0.269453
453.585039,0.269411
453.887793,0.269193
454.190547,0.268780
454.493301,0.268159
454.796055,0.267315
455.098809,0.266242
455.401562,0.264936
455.704316,0.263396
456.007070,0.261627
456.309824,0.259637
456.612578,0.257438
456.915332,0.255045
457.218085,0.252476
457.520839,0.249750
457.823593,0.246888
458.126347,0.243913
458.429101,0.240845
458.731855,0.237707
459.034608,0.234520
459.337362,0.231305
459.640116,0.228080
459.942870,0.224863
460.245624,0.221670
460.548378,0.218515
460.851131,0.215410
461.153885,0.212367
461.456639,0.209395
461.759393,0.206501
462.062147,0.203694
462.364901,0.200976
462.667654,0.198354
462.970408,0.195830
463.273162,0.193407
463.575916,0.191087
463.878670,0.188869
464.181424,0.186756
464.484177,0.184747
464.786931,0.182843
465.089685,0.181042
465.392439,0.179344
465.695193,0.177749
465.997947,0.176256
466.300700,0.174864
466.603454,0.173572
466.906208,0.172380
467.208962,0.171288
467.511716,0.170295
467.814470,0.169400
468.117223,0.168605
468.419977,0.167909
468.722731,0.167312
469.025485,0.166816
469.328239,0.166422
469.630993,0.166131
469.933746,0.165946
470.236500,0.165867
470.539254,0.165899
470.842008,0.166044
471.144762,0.166306
471.447516,0.166690
471.750269,0.167199
472.053023,0.167841
472.355777,0.168620
472.658531,0.169544
472.961285,0.170622
473.264039,0.171861
473.566792,0.173273
473.869546,0.174868
474.172300,0.176659
474.475054,0.178659
474.777808,0.180885
475.080562,0.183353
475.383315,0.186083
475.686069,0.189097
475.988823,0.192417
476.291577,0.196071
476.594331,0.200087
476.897085,0.204499
477.199838,0.209340
477.502592,0.214651
477.805346,0.220474
478.108100,0.226856
478.410854,0.233847
478.713608,0.241501
479.016361,0.249875
479.319115,0.259028
479.621869,0.269021
479.924623,0.279912
480.227377,0.291755
480.530131,0.304597
480.832884,0.318470
481.135638,0.333382
481.438392,0.349311
481.741146,0.366191
482.043900,0.383897
482.346654,0.402232
482.649407,0.420915
482.952161,0.439563
483.254915,0.457697
483.557669,0.474742
483.860423,0.490059
484.163177,0.502980
484.465930,0.512868
484.768684,0.519189
485.071438,0.521572
485.374192,0.519862
485.676946,0.514139
485.979700,0.504710
486.282453,0.492064
486.585207,0.476813
486.887961,0.459621
487.190715,0.441141
487.493469,0.421971
487.796223,0.402624
488.098976,0.383509
488.401730,0.364941
488.704484,0.347141
489.007238,0.330253
489.309992,0.314362
489.612746,0.299502
489.915499,0.285670
490.218253,0.272843
490.521007,0.260976
490.823761,0.250018
491.126515,0.239909
491.429269,0.230589
491.732022,0.221998
492.034776,0.214078
492.337530,0.206772
492.640284,0.200030
492.943038,0.193801
493.245792,0.188043
493.548545,0.182713
493.851299,0.177774
494.154053,0.173193
494.456807,0.168938
494.759561,0.164982
495.062315,0.161299
495.365068,0.157866
495.667822,0.154661
495.970576,0.151668
496.273330,0.148867
496.576084,0.146244
496.878838,0.143785
497.181591,0.141476
497.484345,0.139307
497.787099,0.137266
498.089853,0.135345
498.392607,0.133534
498.695361,0.131826
498.998114,0.130213
499.300868,0.128689
499.603622,0.127247
499.906376,0.125882
500.209130,0.124589
500.511884,0.123363
500.814637,0.122200
501.117391,0.121095
501.420145,0.120047
501.722899,0.119050
502.025653,0.118102
502.328407,0.117200
502.631160,0.116341
502.933914,0.115523
503.236668,0.114744
503.539422,0.114002
503.842176,0.113294
504.144930,0.112619
504.447683,0.111976
504.750437,0.111362
505.053191,0.110776
505.355945,0.110218
505.658699,0.109685
505.961453,0.109177
506.264206,0.108692
506.566960,0.108230
506.869714,0.107789
507.172468,0.107370
507.475222,0.106970
507.777976,0.106589
508.080729,0.106228
508.383483,0.105884
508.686237,0.105557
508.988991,0.105248
509.291745,0.104955
509.594499,0.104677
509.897252,0.104416
510.200006,0.104169
510.502760,0.103937
510.805514,0.103720
511.108268,0.103517
511.411022,0.103329
511.713775,0.103154
512.016529,0.102992
512.319283,0.102845
512.622037,0.102710
512.924791,0.102589
513.227545,0.102481
513.530298,0.102387
513.833052,0.102306
514.135806,0.102238
514.438560,0.102183
514.741314,0.102142
515.044068,0.102114
515.346821,0.102101
515.649575,0.102101
515.952329,0.102115
516.255083,0.102143
516.557837,0.102186
516.860590,0.102244
517.163344,0.102317
517.466098,0.102406
517.768852,0.102511
518.071606,0.102633
518.374360,0.102772
518.677113,0.102928
518.979867,0.103102
519.282621,0.103295
519.585375,0.103508
519.888129,0.103741
520.190883,0.103994
520.493636,0.104270
520.796390,0.104567
521.099144,0.104889
521.401898,0.105234
521.704652,0.105605
522.007406,0.106002
522.310159,0.106426
522.612913,0.106878
522.915667,0.107359
523.218421,0.107870
523.521175,0.108412
523.823929,0.108986
524.126682,0.109592
524.429436,0.110231
524.732190,0.110904
525.034944,0.111610
525.337698,0.112349
525.640452,0.113122
525.943205,0.113927
526.245959,0.114762
526.548713,0.115627
526.851467,0.116518
527.154221,0.117431
527.456975,0.118364
527.759728,0.119311
528.062482,0.120266
528.365236,0.121222
528.667990,0.122172
528.970744,0.123107
529.273498,0.124016
529.576251,0.124891
529.879005,0.125721
530.181759,0.126495
530.484513,0.127203
530.787267,0.127835
531.090021,0.128383
531.392774,0.128838
531.695528,0.129196
531.998282,0.129452
532.301036,0.129606
532.603790,0.129657
532.906544,0.129609
533.209297,0.129467
533.512051,0.129238
533.814805,0.128931
534.117559,0.128556
534.420313,0.128123
534.723067,0.127643
535.025820,0.127128
535.328574,0.126589
535.631328,0.126036
535.934082,0.125479
536.236836,0.124927
536.539590,0.124390
536.842343,0.123873
537.145097,0.123383
537.447851,0.122926
537.750605,0.122507
538.053359,0.122129
538.356113,0.121796
538.658866,0.121511
538.961620,0.121277
539.264374,0.121094
539.567128,0.120965
539.869882,0.120891
540.172636,0.120873
540.475389,0.120913
540.778143,0.121012
541.080897,0.121170
541.383651,0.121388
541.686405,0.121669
541.989159,0.122012
542.291912,0.122420
542.594666,0.122895
542.897420,0.123437
543.200174,0.124049
543.502928,0.124733
543.805682,0.125492
544.108435,0.126328
544.411189,0.127245
544.713943,0.128246
545.016697,0.129335
545.319451,0.130516
545.622205,0.131794
545.924958,0.133174
546.227712,0.134661
546.530466,0.136263
546.833220,0.137986
547.135974,0.139837
547.438728,0.141824
547.741481,0.143957
548.044235,0.146245
548.346989,0.148699
548.649743,0.151330
548.952497,0.154150
549.255251,0.157173
549.558004,0.160414
549.860758,0.163888
550.163512,0.167611
550.466266,0.171601
550.769020,0.175877
551.071774,0.180458
551.374527,0.185366
551.677281,0.190621
551.980035,0.196245
552.282789,0.202259
552.585543,0.208683
552.888297,0.215537
553.191050,0.222837
553.493804,0.230596
553.796558,0.238821
554.099312,0.247513
554.402066,0.256660
554.704820,0.266241
555.007573,0.276216
555.310327,0.286530
555.613081,0.297100
555.915835,0.307824
556.218589,0.318567
556.521343,0.329169
556.824096,0.339439
557.126850,0.349164
557.429604,0.358113
557.732358,0.366046
558.035112,0.372729
558.337866,0.377948
558.640619,0.381523
558.943373,0.383326
559.246127,0.383290
559.548881,0.381412
559.851635,0.377759
560.154389,0.372458
560.457142,0.365687
560.759896,0.357660
561.062650,0.348610
561.365404,0.338776
561.668158,0.328391
561.970912,0.317667
562.273665,0.306796
562.576419,0.295939
562.879173,0.285230
563.181927,0.274775
563.484681,0.264654
563.787435,0.254925
564.090188,0.245627
564.392942,0.236781
564.695696,0.228400
564.998450,0.220482
565.301204,0.213021
565.603958,0.206003
565.906711,0.199413
566.209465,0.193231
566.512219,0.187436
566.814973,0.182006
567.117727,0.176920
567.420481,0.172157
567.723234,0.167696
568.025988,0.163516
568.328742,0.159599
568.631496,0.155927
568.934250,0.152482
569.237004,0.149250
569.539757,0.146214
569.842511,0.143362
570.145265,0.140680
570.448019,0.138156
570.750773,0.135781
571.053527,0.133542
571.356280,0.131431
571.659034,0.129440
571.961788,0.127559
572.264542,0.125783
572.567296,0.124103
572.870050,0.122513
573.172803,0.121009
573.475557,0.119583
573.778311,0.118232
574.081065,0.116950
574.383819,0.115733
574.686573,0.114577
574.989326,0.113479
575.292080,0.112435
575.594834,0.111441
575.897588,0.110496
576.200342,0.109596
576.503096,0.108738
576.805849,0.107920
577.108603,0.107141
577.411357,0.106398
577.714111,0.105688
578.016865,0.105011
578.319619,0.104364
578.622372,0.103747
578.925126,0.103157
579.227880,0.102593
579.530634,0.102054
579.833388,0.101539
580.136142,0.101046
580.438895,0.100575
580.741649,0.100125
581.044403,0.099695
581.347157,0.099283
581.649911,0.098889
581.952665,0.098513
582.255418,0.098153
582.558172,0.097809
582.860926,0.097480
583.163680,0.097167
583.466434,0.096867
583.769188,0.096581
584.071941,0.096308
584.374695,0.096049
584.677449,0.095801
584.980203,0.095566
585.282957,0.095342
585.585710,0.095129
585.888464,0.094928
586.191218,0.094737
586.493972,0.094556
586.796726,0.094386
587.099480,0.094226
587.402233,0.094075
587.704987,0.093934
588.007741,0.093803
588.310495,0.093681
588.613249,0.093567
588.916003,0.093463
589.218756,0.093368
589.521510,0.093282
589.824264,0.093204
590.127018,0.093136
590.429772,0.093076
590.732526,0.093024
591.035279,0.092981
591.338033,0.092947
591.640787,0.092922
591.943541,0.092906
592.246295,0.092898
592.549049,0.092899
592.851802,0.092909
593.154556,0.092929
593.457310,0.092958
593.760064,0.092996
594.062818,0.093044
594.365572,0.093102
594.668325,0.093170
594.971079,0.093248
595.273833,0.093337
595.576587,0.093436
595.879341,0.093548
596.182095,0.093670
596.484848,0.093805
596.787602,0.093952
597.090356,0.094112
597.393110,0.094286
597.695864,0.094474
597.998618,0.094676
598.301371,0.094894
598.604125,0.095127
598.906879,0.095378
599.209633,0.095646
599.512387,0.095932
599.815141,0.096238
600.117894,0.096565
600.420648,0.096913
600.723402,0.097284
601.026156,0.097679
601.328910,0.098099
601.631664,0.098548
601.934417,0.099024
602.237171,0.099532
602.539925,0.100073
602.842679,0.100648
603.145433,0.101261
603.448187,0.101913
603.750940,0.102609
604.053694,0.103350
604.356448,0.104140
604.659202,0.104984
604.961956,0.105884
605.264710,0.106845
605.567463,0.107872
605.870217,0.108970
606.172971,0.110145
606.475725,0.111402
606.778479,0.112750
607.081233,0.114195
607.383986,0.115745
607.686740,0.117410
607.989494,0.119198
608.292248,0.121121
608.595002,0.123189
608.897756,0.125415
609.200509,0.127813
609.503263,0.130396
609.806017,0.133179
610.108771,0.136179
610.411525,0.139411
610.714279,0.142892
611.017032,0.146639
611.319786,0.150668
611.622540,0.154994
611.925294,0.159629
612.228048,0.164580
612.530802,0.169850
612.833555,0.175435
613.136309,0.181319
613.439063,0.187472
613.741817,0.193849
614.044571,0.200385
614.347325,0.206990
614.650078,0.213553
614.952832,0.219936
615.255586,0.225978
615.558340,0.231502
615.861094,0.236325
616.163848,0.240265
616.466601,0.243163
616.769355,0.244892
617.072109,0.245376
617.374863,0.244591
617.677617,0.242575
617.980371,0.239419
618.283124,0.235261
618.585878,0.230266
618.888632,0.224619
619.191386,0.218502
619.494140,0.212088
619.796894,0.205533
620.099647,0.198967
620.402401,0.192497
620.705155,0.186206
621.007909,0.180152
621.310663,0.174378
621.613417,0.168908
621.916170,0.163755
622.218924,0.158922
622.521678,0.154404
622.824432,0.150193
623.127186,0.146275
623.429940,0.142636
623.732693,0.139259
624.035447,0.136128
624.338201,0.133226
624.640955,0.130536
624.943709,0.128044
625.246463,0.125734
625.549216,0.123593
625.851970,0.121608
626.154724,0.119766
626.457478,0.118056
626.760232,0.116469
627.062986,0.114995
627.365739,0.113626
627.668493,0.112353
627.971247,0.111169
628.274001,0.110068
628.576755,0.109044
628.879509,0.108091
629.182262,0.107204
629.485016,0.106379
629.787770,0.105611
630.090524,0.104897
630.393278,0.104234
630.696032,0.103617
630.998785,0.103044
631.301539,0.102513
631.604293,0.102021
631.907047,0.101565
632.209801,0.101144
632.512555,0.100757
632.815308,0.100400
633.118062,0.100073
633.420816,0.099774
633.723570,0.099502
634.026324,0.099256
634.329078,0.099035
634.631831,0.098837
634.934585,0.098663
635.237339,0.098510
635.540093,0.098379
635.842847,0.098269
636.145601,0.098179
636.448354,0.098109
636.751108,0.098058
637.053862,0.098026
637.356616,0.098013
637.659370,0.098018
637.962124,0.098042
638.264877,0.098083
638.567631,0.098143
638.870385,0.098220
639.173139,0.098316
639.475893,0.098429
639.778647,0.098561
640.081400,0.098711
640.384154,0.098880
640.686908,0.099067
640.989662,0.099273
641.292416,0.099499
641.595170,0.099744
641.897923,0.100010
642.200677,0.100296
642.503431,0.100604
642.806185,0.100934
643.108939,0.101286
643.411693,0.101662
643.714446,0.102062
644.017200,0.102487
644.319954,0.102938
644.622708,0.103417
644.925462,0.103924
645.228216,0.104460
645.530969,0.105027
645.833723,0.105627
646.136477,0.106260
646.439231,0.106929
646.741985,0.107636
647.044739,0.108381
647.347492,0.109169
647.650246,0.110000
647.953000,0.110878
648.255754,0.111804
648.558508,0.112782
648.861262,0.113816
649.164015,0.114908
649.466769,0.116061
649.769523,0.117281
650.072277,0.118571
650.375031,0.119936
650.677785,0.121381
650.980538,0.122911
651.283292,0.124533
651.586046,0.126253
651.888800,0.128077
652.191554,0.130014
652.494308,0.132072
652.797061,0.134260
653.099815,0.136587
653.402569,0.139065
653.705323,0.141705
654.008077,0.144521
654.310830,0.147525
654.613584,0.150734
654.916338,0.154163
655.219092,0.157832
655.521846,0.161760
655.824600,0.165968
656.127353,0.170479
656.430107,0.175319
656.732861,0.180516
657.035615,0.186098
657.338369,0.192097
657.641123,0.198547
657.943876,0.205483
658.246630,0.212941
658.549384,0.220961
658.852138,0.229581
659.154892,0.238839
659.457646,0.248770
659.760399,0.259408
660.063153,0.270777
660.365907,0.282894
660.668661,0.295761
660.971415,0.309362
661.274169,0.323657
661.576922,0.338571
661.879676,0.353996
662.182430,0.369774
662.485184,0.385698
662.787938,0.401504
663.090692,0.416872
663.393445,0.431433
663.696199,0.444780
663.998953,0.456487
664.301707,0.466137
664.604461,0.473357
664.907215,0.477846
665.209968,0.479410
665.512722,0.477977
665.815476,0.473609
666.118230,0.466496
666.420984,0.456930
666.723738,0.445283
667.026491,0.431969
667.329245,0.417414
667.631999,0.402027
667.934753,0.386180
668.237507,0.370197
668.540261,0.354344
668.843014,0.338832
669.145768,0.323822
669.448522,0.309427
669.751276,0.295721
670.054030,0.282746
670.356784,0.270522
670.659537,0.259045
670.962291,0.248301
671.265045,0.238264
671.567799,0.228903
671.870553,0.220182
672.173307,0.212062
672.476060,0.204505
672.778814,0.197474
673.081568,0.190930
673.384322,0.184838
673.687076,0.179165
673.989830,0.173879
674.292583,0.168950
674.595337,0.164351
674.898091,0.160056
675.200845,0.156043
675.503599,0.152288
675.806353,0.148773
676.109106,0.145480
676.411860,0.142390
676.714614,0.139490
677.017368,0.136765
677.320122,0.134201
677.622876,0.131788
677.925629,0.129514
678.228383,0.127370
678.531137,0.125346
678.833891,0.123433
679.136645,0.121625
679.439399,0.119913
679.742152,0.118292
680.044906,0.116756
680.347660,0.115298
680.650414,0.113913
680.953168,0.112598
681.255922,0.111347
681.558675,0.110157
681.861429,0.109024
682.164183,0.107943
682.466937,0.106913
682.769691,0.105930
683.072445,0.104991
683.375198,0.104095
683.677952,0.103237
683.980706,0.102416
684.283460,0.101631
684.586214,0.100879
684.888968,0.100157
685.191721,0.099466
685.494475,0.098802
685.797229,0.098165
686.099983,0.097554
686.402737,0.096966
686.705491,0.096400
687.008244,0.095856
687.310998,0.095333
687.613752,0.094829
687.916506,0.094343
688.219260,0.093875
688.522014,0.093424
688.824767,0.092989
689.127521,0.092569
689.430275,0.092163
689.733029,0.091772
690.035783,0.091393
690.338537,0.091027
690.641290,0.090674
690.944044,0.090331
691.246798,0.090000
691.549552,0.089680
691.852306,0.089369
692.155060,0.089068
692.457813,0.088777
692.760567,0.088494
693.063321,0.088221
693.366075,0.087955
693.668829,0.087697
693.971583,0.087446
694.274336,0.087203
694.577090,0.086967
694.879844,0.086738
695.182598,0.086515
695.485352,0.086298
695.788106,0.086088
696.090859,0.085883
696.393613,0.085684
696.696367,0.085489
696.999121,0.085301
697.301875,0.085117
697.604629,0.084938
697.907382,0.084763
698.210136,0.084593
698.512890,0.084428
698.815644,0.084266
699.118398,0.084109
699.421152,0.083955
699.723905,0.083805
700.026659,0.083659
700.329413,0.083516
700.632167,0.083377
700.934921,0.083241
701.237675,0.083108
701.540428,0.082979
701.843182,0.082852
702.145936,0.082728
702.448690,0.082607
702.751444,0.082489
703.054198,0.082373
703.356951,0.082260
703.659705,0.082149
703.962459,0.082041
704.265213,0.081935
704.567967,0.081832
704.870721,0.081730
705.173474,0.081631
705.476228,0.081534
705.778982,0.081439
706.081736,0.081345
706.384490,0.081254
706.687244,0.081165
706.989997,0.081077
707.292751,0.080991
707.595505,0.080907
707.898259,0.080824
708.201013,0.080743
708.503767,0.080664
708.806520,0.080586
709.109274,0.080509
709.412028,0.080434
709.714782,0.080361
710.017536,0.080289
710.320290,0.080218
710.623043,0.080148
710.925797,0.080080
711.228551,0.080013
711.531305,0.079947
711.834059,0.079883
712.136813,0.079819
712.439566,0.079757
712.742320,0.079695
713.045074,0.079635
713.347828,0.079576
713.650582,0.079518
713.953336,0.079461
714.256089,0.079404
714.558843,0.079349
714.861597,0.079295
715.164351,0.079241
715.467105,0.079189
715.769859,0.079137
716.072612,0.079086
716.375366,0.079036
716.678120,0.078987
716.980874,0.078939
717.283628,0.078891
717.586382,0.078844
717.889135,0.078798
718.191889,0.078752
718.494643,0.078708
718.797397,0.078663
719.100151,0.078620
719.402905,0.078577
719.705658,0.078535
720.008412,0.078494
720.311166,0.078453
720.613920,0.078413
720.916674,0.078373
721.219428,0.078334
721.522181,0.078295
721.824935,0.078257
722.127689,0.078220
722.430443,0.078183
722.733197,0.078147
723.035951,0.078111
723.338704,0.078075
723.641458,0.078041
723.944212,0.078006
724.246966,0.077972
724.549720,0.077939
724.852473,0.077906
725.155227,0.077873
725.457981,0.077841
725.760735,0.077810
726.063489,0.077778
726.366243,0.077748
726.668996,0.077717
726.971750,0.077687
727.274504,0.077658
727.577258,0.077628
727.880012,0.077599
728.182766,0.077571
728.485519,0.077543
728.788273,0.077515
729.091027,0.077488
729.393781,0.077461
729.696535,0.077434
729.999289,0.077407
730.302042,0.077381
730.604796,0.077356
730.907550,0.077330
731.210304,0.077305
731.513058,0.077280
731.815812,0.077256
732.118565,0.077231
732.421319,0.077207
732.724073,0.077184
733.026827,0.077160
733.329581,0.077137
733.632335,0.077114
733.935088,0.077092
734.237842,0.077070
734.540596,0.077048
734.843350,0.077026
735.146104,0.077004
735.448858,0.076983
735.751611,0.076962
736.054365,0.076941
736.357119,0.076920
736.659873,0.076900
736.962627,0.076880
737.265381,0.076860
737.568134,0.076840
737.870888,0.076821
738.173642,0.076801
738.476396,0.076782
738.779150,0.076763
739.081904,0.076745
739.384657,0.076726
739.687411,0.076708
739.990165,0.076690
740.292919,0.076672
740.595673,0.076654
740.898427,0.076637
741.201180,0.076619
741.503934,0.076602
741.806688,0.076585
742.109442,0.076569
742.412196,0.076552
742.714950,0.076535
743.017703,0.076519
743.320457,0.076503
743.623211,0.076487
743.925965,0.076471
744.228719,0.076455
744.531473,0.076440
744.834226,0.076425
745.136980,0.076409
745.439734,0.076394
745.742488,0.076379
746.045242,0.076365
746.347996,0.076350
746.650749,0.076335
746.953503,0.076321
747.256257,0.076307
747.559011,0.076293
747.861765,0.076279
748.164519,0.076265
748.467272,0.076251
748.770026,0.076238
749.072780,0.076224
749.375534,0.076211
749.678288,0.076198
749.981042,0.076185
750.283795,0.076172
750.586549,0.076159
750.889303,0.076146
751.192057,0.076134
751.494811,0.076121
751.797565,0.076109
752.100318,0.076096
752.403072,0.076084
752.705826,0.076072
753.008580,0.076060
753.311334,0.076048
753.614088,0.076037
753.916841,0.076025
754.219595,0.076013
754.522349,0.076002
754.825103,0.075991
755.127857,0.075979
755.430611,0.075968
755.733364,0.075957
756.036118,0.075946
756.338872,0.075935
756.641626,0.075925
756.944380,0.075914
757.247134,0.075903
757.549887,0.075893
757.852641,0.075882
758.155395,0.075872
758.458149,0.075862
758.760903,0.075852
759.063657,0.075841
759.366410,0.075831
759.669164,0.075821
759.971918,0.075812
760.274672,0.075802
760.577426,0.075792
760.880180,0.075783
761.182933,0.075773
761.485687,0.075763
761.788441,0.075754
762.091195,0.075745
762.393949,0.075736
762.696703,0.075726
762.999456,0.075717
763.302210,0.075708
763.604964,0.075699
763.907718,0.075690
764.210472,0.075681
764.513226,0.075673
764.815979,0.075664
765.118733,0.075655
765.421487,0.075647
765.724241,0.075638
766.026995,0.075630
766.329749,0.075621
766.632502,0.075613
766.935256,0.075605
767.238010,0.075597
767.540764,0.075589
767.843518,0.075580
768.146272,0.075572
768.449025,0.075565
768.751779,0.075557
769.054533,0.075549
769.357287,0.075541
769.660041,0.075533
769.962795,0.075526
770.265548,0.075518
770.568302,0.075510
770.871056,0.075503
771.173810,0.075495
771.476564,0.075488
771.779318,0.075481
772.082071,0.075473
772.384825,0.075466
772.687579,0.075459
772.990333,0.075452
773.293087,0.075445
773.595841,0.075437
773.898594,0.075430
774.201348,0.075424
774.504102,0.075417
774.806856,0.075410
775.109610,0.075403
775.412364,0.075396
775.715117,0.075389
776.017871,0.075383
776.320625,0.075376
776.623379,0.075369
776.926133,0.075363
777.228887,0.075356
777.531640,0.075350
777.834394,0.075343
778.137148,0.075337
778.439902,0.075331
778.742656,0.075324
779.045410,0.075318
779.348163,0.075312
779.650917,0.075306
779.953671,0.075300
780.256425,0.075294
780.559179,0.075287
780.861933,0.075281
781.164686,0.075275
781.467440,0.075270
781.770194,0.075264
782.072948,0.075258
782.375702,0.075252
782.678456,0.075246
782.981209,0.075240
783.283963,0.075235
783.586717,0.075229
783.889471,0.075223
784.192225,0.075218
784.494979,0.075212
784.797732,0.075206
785.100486,0.075201
785.403240,0.075195
785.705994,0.075190
786.008748,0.075185
786.311502,0.075179
786.614255,0.075174
786.917009,0.075169
787.219763,0.075163
787.522517,0.075158
787.825271,0.075153
788.128025,0.075148
788.430778,0.075142
788.733532,0.075137
789.036286,0.075132
789.339040,0.075127
789.641794,0.075122
789.944548,0.075117
790.247301,0.075112
790.550055,0.075107
790.852809,0.075102
791.155563,0.075097
791.458317,0.075092
791.761071,0.075087
792.063824,0.075083
792.366578,0.075078
792.669332,0.075073
792.972086,0.075068
793.274840,0.075064
793.577593,0.075059
793.880347,0.075054
794.183101,0.075050
794.485855,0.075045
794.788609,0.075040
795.091363,0.075036
795.394116,0.075031
795.696870,0.075027
795.999624,0.075022
796.302378,0.075018
796.605132,0.075013
796.907886,0.075009
797.210639,0.075005
797.513393,0.075000
797.816147,0.074996
798.118901,0.074992
798.421655,0.074987
798.724409,0.074983
799.027162,0.074979
799.329916,0.074975
799.632670,0.074970
799.935424,0.074966
800.238178,0.074962
800.540932,0.074958
800.843685,0.074954
801.146439,0.074950
801.449193,0.074946
801.751947,0.074942
802.054701,0.074938
802.357455,0.074934
802.660208,0.074930
802.962962,0.074926
803.265716,0.074922
803.568470,0.074918
803.871224,0.074914
804.173978,0.074910
804.476731,0.074906
804.779485,0.074902
805.082239,0.074899
805.384993,0.074895
805.687747,0.074891
805.990501,0.074887
806.293254,0.074883
806.596008,0.074880
806.898762,0.074876
807.201516,0.074872
807.504270,0.074869
807.807024,0.074865
808.109777,0.074861
808.412531,0.074858
808.715285,0.074854
809.018039,0.074851
809.320793,0.074847
809.623547,0.074843
809.926300,0.074840
810.229054,0.074836
810.531808,0.074833
810.834562,0.074829
811.137316,0.074826
811.440070,0.074823
811.742823,0.074819
812.045577,0.074816
812.348331,0.074812
812.651085,0.074809
812.953839,0.074806
813.256593,0.074802
813.559346,0.074799
813.862100,0.074796
814.164854,0.074792
814.467608,0.074789
814.770362,0.074786
815.073116,0.074783
815.375869,0.074779
815.678623,0.074776
815.981377,0.074773
816.284131,0.074770
816.586885,0.074767
816.889639,0.074763
817.192392,0.074760
817.495146,0.074757
817.797900,0.074754
818.100654,0.074751
818.403408,0.074748
818.706162,0.074745
819.008915,0.074742
819.311669,0.074739
819.614423,0.074736
819.917177,0.074733
820.219931,0.074730
820.522685,0.074727
820.825438,0.074724
821.128192,0.074721
821.430946,0.074718
821.733700,0.074715
822.036454,0.074712
822.339208,0.074709
822.641961,0.074706
822.944715,0.074703
823.247469,0.074700
823.550223,0.074697
823.852977,0.074695
824.155731,0.074692
824.458484,0.074689
824.761238,0.074686
825.063992,0.074683
825.366746,0.074681
825.669500,0.074678
825.972254,0.074675
826.275007,0.074672
826.577761,0.074670
826.880515,0.074667
827.183269,0.074664
827.486023,0.074661
827.788777,0.074659
828.091530,0.074656
828.394284,0.074653
828.697038,0.074651
828.999792,0.074648
829.302546,0.074645
829.605300,0.074643
829.908053,0.074640
830.210807,0.074638
830.513561,0.074635
830.816315,0.074632
831.119069,0.074630
831.421823,0.074627
831.724576,0.074625
832.027330,0.074622
832.330084,0.074620
832.632838,0.074617
832.935592,0.074615
833.238346,0.074612
833.541099,0.074610
833.843853,0.074607
834.146607,0.074605
834.449361,0.074602
834.752115,0.074600
835.054869,0.074598
835.357622,0.074595
835.660376,0.074593
835.963130,0.074590
836.265884,0.074588
836.568638,0.074586
836.871392,0.074583
837.174145,0.074581
837.476899,0.074578
837.779653,0.074576
838.082407,0.074574
838.385161,0.074571
838.687915,0.074569
838.990668,0.074567
839.293422,0.074565
839.596176,0.074562
839.898930,0.074560
840.201684,0.074558
840.504438,0.074555
840.807191,0.074553
841.109945,0.074551
841.412699,0.074549
841.715453,0.074547
842.018207,0.074544
842.320961,0.074542
842.623714,0.074540
842.926468,0.074538
843.229222,0.074536
843.531976,0.074533
843.834730,0.074531
844.137484,0.074529
844.440237,0.074527
844.742991,0.074525
845.045745,0.074523
845.348499,0.074521
845.651253,0.074518
845.954007,0.074516
846.256760,0.074514
846.559514,0.074512
846.862268,0.074510
847.165022,0.074508
847.467776,0.074506
847.770530,0.074504
848.073283,0.074502
848.376037,0.074500
848.678791,0.074498
848.981545,0.074496
849.284299,0.074494
849.587053,0.074492
849.889806,0.074490
850.192560,0.074488
850.495314,0.074486
850.798068,0.074484
851.100822,0.074482
851.403576,0.074480
851.706329,0.074478
852.009083,0.074476
852.311837,0.074474
852.614591,0.074472
852.917345,0.074470
853.220099,0.074468
853.522852,0.074466
853.825606,0.074464
854.128360,0.074462
854.431114,0.074460
854.733868,0.074459
855.036622,0.074457
855.339375,0.074455
855.642129,0.074453
855.944883,0.074451
856.247637,0.074449
856.550391,0.074447
856.853145,0.074446
857.155898,0.074444
857.458652,0.074442
857.761406,0.074440
858.064160,0.074438
858.366914,0.074436
858.669668,0.074435
858.972421,0.074433
859.275175,0.074431
859.577929,0.074429
859.880683,0.074428
860.183437,0.074426
860.486191,0.074424
860.788944,0.074422
861.091698,0.074420
861.394452,0.074419
861.697206,0.074417
861.999960,0.074415
862.302713,0.074414
862.605467,0.074412
862.908221,0.074410
863.210975,0.074408
863.513729,0.074407
863.816483,0.074405
864.119236,0.074403
864.421990,0.074402
864.724744,0.074400
865.027498,0.074398
865.330252,0.074397
865.633006,0.074395
865.935759,0.074393
866.238513,0.074392
866.541267,0.074390
866.844021,0.074388
867.146775,0.074387
867.449529,0.074385
867.752282,0.074383
868.055036,0.074382
868.357790,0.074380
868.660544,0.074379
868.963298,0.074377
869.266052,0.074375
869.568805,0.074374
869.871559,0.074372
870.174313,0.074371
870.477067,0.074369
870.779821,0.074368
871.082575,0.074366
871.385328,0.074364
871.688082,0.074363
871.990836,0.074361
872.293590,0.074360
872.596344,0.074358
872.899098,0.074357
873.201851,0.074355
873.504605,0.074354
873.807359,0.074352
874.110113,0.074351
874.412867,0.074349
874.715621,0.074348
875.018374,0.074346
875.321128,0.074345
875.623882,0.074343
875.926636,0.074342
876.229390,0.074340
876.532144,0.074339
876.834897,0.074337
877.137651,0.074336
877.440405,0.074334
877.743159,0.074333
878.045913,0.074331
878.348667,0.074330
878.651420,0.074329
878.954174,0.074327
879.256928,0.074326
879.559682,0.074324
879.862436,0.074323
880.165190,0.074321
880.467943,0.074320
880.770697,0.074319
881.073451,0.074317
881.376205,0.074316
881.678959,0.074314
881.981713,0.074313
882.284466,0.074312
882.587220,0.074310
882.889974,0.074309
883.192728,0.074308
883.495482,0.074306
883.798236,0.074305
884.100989,0.074303
884.403743,0.074302
884.706497,0.074301
885.009251,0.074299
885.312005,0.074298
885.614759,0.074297
885.917512,0.074295
886.220266,0.074294
886.523020,0.074293
886.825774,0.074291
887.128528,0.074290
887.431282,0.074289
887.734035,0.074287
888.036789,0.074286
888.339543,0.074285
888.642297,0.074284
888.945051,0.074282
889.247805,0.074281
889.550558,0.074280
889.853312,0.074278
890.156066,0.074277
890.458820,0.074276
890.761574,0.074275
891.064328,0.074273
891.367081,0.074272
891.669835,0.074271
891.972589,0.074270
892.275343,0.074268
892.578097,0.074267
892.880851,0.074266
893.183604,0.074265
893.486358,0.074263
893.789112,0.074262
894.091866,0.074261
894.394620,0.074260
894.697374,0.074258
895.000127,0.074257
895.302881,0.074256
895.605635,0.074255
895.908389,0.074254
896.211143,0.074252
896.513897,0.074251
896.816650,0.074250
897.119404,0.074249
897.422158,0.074248
897.724912,0.074246
898.027666,0.074245
898.330420,0.074244
898.633173,0.074243
898.935927,0.074242
899.238681,0.074241
899.541435,0.074239
899.844189,0.074238
900.146943,0.074237
900.449696,0.074236
900.752450,0.074235
901.055204,0.074234
901.357958,0.074232
901.660712,0.074231
901.963466,0.074230
902.266219,0.074229
902.568973,0.074228
902.871727,0.074227
903.174481,0.074226
903.477235,0.074225
903.779989,0.074223
904.082742,0.074222
904.385496,0.074221
904.688250,0.074220
904.991004,0.074219
905.293758,0.074218
905.596512,0.074217
905.899265,0.074216
906.202019,0.074215
906.504773,0.074214
906.807527,0.074212
907.110281,0.074211
907.413035,0.074210
907.715788,0.074209
908.018542,0.074208
908.321296,0.074207
908.624050,0.074206
908.926804,0.074205
909.229558,0.074204
909.532311,0.074203
909.835065,0.074202
910.137819,0.074201
910.440573,0.074200
910.743327,0.074199
911.046081,0.074198
911.348834,0.074196
911.651588,0.074195
911.954342,0.074194
912.257096,0.074193
912.559850,0.074192
912.862604,0.074191
913.165357,0.074190
913.468111,0.074189
913.770865,0.074188
914.073619,0.074187
914.376373,0.074186
914.679127,0.074185
914.981880,0.074184
915.284634,0.074183
915.587388,0.074182
915.890142,0.074181
916.192896,0.074180
916.495650,0.074179
916.798403,0.074178
917.101157,0.074177
917.403911,0.074176
917.706665,0.074175
918.009419,0.074174
918.312173,0.074173
918.614926,0.074172
918.917680,0.074171
919.220434,0.074170
919.523188,0.074169
919.825942,0.074168
920.128696,0.074168
920.431449,0.074167
920.734203,0.074166
921.036957,0.074165
921.339711,0.074164
921.642465,0.074163
921.945219,0.074162
922.247972,0.074161
922.550726,0.074160
922.853480,0.074159
923.156234,0.074158
923.458988,0.074157
923.761742,0.074156
924.064495,0.074155
924.367249,0.074154
924.670003,0.074153
924.972757,0.074152
925.275511,0.074152
925.578265,0.074151
925.881018,0.074150
926.183772,0.074149
926.486526,0.074148
926.789280,0.074147
927.092034,0.074146
927.394788,0.074145
927.697541,0.074144
928.000295,0.074143
928.303049,0.074143
928.605803,0.074142
928.908557,0.074141
929.211311,0.074140
929.514064,0.074139
929.816818,0.074138
930.119572,0.074137
930.422326,0.074136
930.725080,0.074135
931.027833,0.074135
931.330587,0.074134
931.633341,0.074133
931.936095,0.074132
932.238849,0.074131
932.541603,0.074130
932.844356,0.074129
933.147110,0.074129
933.449864,0.074128
933.752618,0.074127
934.055372,0.074126
934.358126,0.074125
934.660879,0.074124
934.963633,0.074123
935.266387,0.074123
935.569141,0.074122
935.871895,0.074121
936.174649,0.074120
936.477402,0.074119
936.780156,0.074118
937.082910,0.074118
937.385664,0.074117
937.688418,0.074116
937.991172,0.074115
938.293925,0.074114
938.596679,0.074113
938.899433,0.074113
939.202187,0.074112
939.504941,0.074111
939.807695,0.074110
940.110448,0.074109
940.413202,0.074109
940.715956,0.074108
941.018710,0.074107
941.321464,0.074106
941.624218,0.074105
941.926971,0.074105
942.229725,0.074104
942.532479,0.074103
942.835233,0.074102
943.137987,0.074101
943.440741,0.074101
943.743494,0.074100
944.046248,0.074099
944.349002,0.074098
944.651756,0.074097
944.954510,0.074097
945.257264,0.074096
945.560017,0.074095
945.862771,0.074094
946.165525,0.074094
946.468279,0.074093
946.771033,0.074092
947.073787,0.074091
947.376540,0.074091
947.679294,0.074090
947.982048,0.074089
948.284802,0.074088
948.587556,0.074087
948.890310,0.074087
949.193063,0.074086
949.495817,0.074085
949.798571,0.074084
950.101325,0.074084
950.404079,0.074083
950.706833,0.074082
951.009586,0.074081
951.312340,0.074081
951.615094,0.074080
951.917848,0.074079
952.220602,0.074079
952.523356,0.074078
952.826109,0.074077
953.128863,0.074076
953.431617,0.074076
953.734371,0.074075
954.037125,0.074074
954.339879,0.074073
954.642632,0.074073
954.945386,0.074072
955.248140,0.074071
955.550894,0.074071
955.853648,0.074070
956.156402,0.074069
956.459155,0.074068
956.761909,0.074068
957.064663,0.074067
957.367417,0.074066
957.670171,0.074066
957.972925,0.074065
958.275678,0.074064
958.578432,0.074064
958.881186,0.074063
959.183940,0.074062
959.486694,0.074061
959.789448,0.074061
960.092201,0.074060
960.394955,0.074059
960.697709,0.074059
961.000463,0.074058
961.303217,0.074057
961.605971,0.074057
961.908724,0.074056
962.211478,0.074055
962.514232,0.074055
962.816986,0.074054
963.119740,0.074053
963.422494,0.074053
963.725247,0.074052
964.028001,0.074051
964.330755,0.074051
964.633509,0.074050
964.936263,0.074049
965.239017,0.074049
965.541770,0.074048
965.844524,0.074047
966.147278,0.074047
966.450032,0.074046
966.752786,0.074045
967.055540,0.074045
967.358293,0.074044
967.661047,0.074043
967.963801,0.074043
968.266555,0.074042
968.569309,0.074041
968.872063,0.074041
969.174816,0.074040
969.477570,0.074039
969.780324,0.074039
970.083078,0.074038
970.385832,0.074038
970.688586,0.074037
970.991339,0.074036
971.294093,0.074036
971.596847,0.074035
971.899601,0.074034
972.202355,0.074034
972.505109,0.074033
972.807862,0.074032
973.110616,0.074032
973.413370,0.074031
973.716124,0.074031
974.018878,0.074030
974.321632,0.074029
974.624385,0.074029
974.927139,0.074028
975.229893,0.074027
975.532647,0.074027
975.835401,0.074026
976.138155,0.074026
976.440908,0.074025
976.743662,0.074024
977.046416,0.074024
977.349170,0.074023
977.651924,0.074023
977.954678,0.074022
978.257431,0.074021
978.560185,0.074021
978.862939,0.074020
979.165693,0.074020
979.468447,0.074019
979.771201,0.074018
980.073954,0.074018
980.376708,0.074017
980.679462,0.074017
980.982216,0.074016
981.284970,0.074015
981.587724,0.074015
981.890477,0.074014
982.193231,0.074014
982.495985,0.074013
982.798739,0.074013
983.101493,0.074012
983.404247,0.074011
983.707000,0.074011
984.009754,0.074010
984.312508,0.074010
984.615262,0.074009
984.918016,0.074008
985.220770,0.074008
985.523523,0.074007
985.826277,0.074007
986.129031,0.074006
986.431785,0.074006
986.734539,0.074005
987.037293,0.074005
987.340046,0.074004
987.642800,0.074003
987.945554,0.074003
988.248308,0.074002
988.551062,0.074002
988.853816,0.074001
989.156569,0.074001
989.459323,0.074000
989.762077,0.073999
990.064831,0.073999
990.367585,0.073998
990.670339,0.073998
990.973092,0.073997
991.275846,0.073997
991.578600,0.073996
991.881354,0.073996
992.184108,0.073995
992.486862,0.073995
992.789615,0.073994
993.092369,0.073993
993.395123,0.073993
993.697877,0.073992
994.000631,0.073992
994.303385,0.073991
994.606138,0.073991
994.908892,0.073990
995.211646,0.073990
995.514400,0.073989
995.817154,0.073989
996.119908,0.073988
996.422661,0.073988
996.725415,0.073987
997.028169,0.073987
997.330923,0.073986
997.633677,0.073985
997.936431,0.073985
998.239184,0.073984
998.541938,0.073984
998.844692,0.073983
999.147446,0.073983
999.450200,0.073982
999.752953,0.073982
1000.055707,0.073981
1000.358461,0.073981
1000.661215,0.073980
1000.963969,0.073980
1001.266723,0.073979
1001.569476,0.073979
1001.872230,0.073978
1002.174984,0.073978
1002.477738,0.073977
1002.780492,0.073977
1003.083246,0.073976
1003.385999,0.073976
1003.688753,0.073975
1003.991507,0.073975
1004.294261,0.073974
1004.597015,0.073974
1004.899769,0.073973
1005.202522,0.073973
1005.505276,0.073972
1005.808030,0.073972
1006.110784,0.073971
1006.413538,0.073971
1006.716292,0.073970
1007.019045,0.073970
1007.321799,0.073969
1007.624553,0.073969
1007.927307,0.073968
1008.230061,0.073968
1008.532815,0.073967
1008.835568,0.073967
1009.138322,0.073966
1009.441076,0.073966
1009.743830,0.073965
1010.046584,0.073965
1010.349338,0.073964
1010.652091,0.073964
1010.954845,0.073963
1011.257599,0.073963
1011.560353,0.073962
1011.863107,0.073962
1012.165861,0.073962
1012.468614,0.073961
1012.771368,0.073961
1013.074122,0.073960
1013.376876,0.073960
1013.679630,0.073959
1013.982384,0.073959
1014.285137,0.073958
1014.587891,0.073958
1014.890645,0.073957
1015.193399,0.073957
1015.496153,0.073956
1015.798907,0.073956
1016.101660,0.073955
1016.404414,0.073955
1016.707168,0.073954
1017.009922,0.073954
1017.312676,0.073954
1017.615430,0.073953
1017.918183,0.073953
1018.220937,0.073952
1018.523691,0.073952
1018.826445,0.073951
1019.129199,0.073951
1019.431953,0.073950
1019.734706,0.073950
1020.037460,0.073949
1020.340214,0.073949
1020.642968,0.073949
1020.945722,0.073948
1021.248476,0.073948
1021.551229,0.073947
1021.853983,0.073947
1022.156737,0.073946
1022.459491,0.073946
1022.762245,0.073945
1023.064999,0.073945
1023.367752,0.073945
1023.670506,0.073944
1023.973260,0.073944
1024.276014,0.073943
1024.578768,0.073943
1024.881522,0.073942
1025.184275,0.073942
1025.487029,0.073941
1025.789783,0.073941
1026.092537,0.073941
1026.395291,0.073940
1026.698045,0.073940
1027.000798,0.073939
1027.303552,0.073939
1027.606306,0.073938
1027.909060,0.073938
1028.211814,0.073938
1028.514568,0.073937
1028.817321,0.073937
1029.120075,0.073936
1029.422829,0.073936
1029.725583,0.073935
1030.028337,0.073935
1030.331091,0.073935
1030.633844,0.073934
1030.936598,0.073934
1031.239352,0.073933
1031.542106,0.073933
1031.844860,0.073933
1032.147614,0.073932
1032.450367,0.073932
1032.753121,0.073931
1033.055875,0.073931
1033.358629,0.073930
1033.661383,0.073930
1033.964137,0.073930
1034.266890,0.073929
1034.569644,0.073929
1034.872398,0.073928
1035.175152,0.073928
1035.477906,0.073928
1035.780660,0.073927
1036.083413,0.073927
1036.386167,0.073926
1036.688921,0.073926
1036.991675,0.073926
1037.294429,0.073925
1037.597183,0.073925
1037.899936,0.073924
1038.202690,0.073924
1038.505444,0.073924
1038.808198,0.073923
1039.110952,0.073923
1039.413706,0.073922
1039.716459,0.073922
1040.019213,0.073922
1040.321967,0.073921
1040.624721,0.073921
1040.927475,0.073920
1041.230229,0.073920
1041.532982,0.073920
1041.835736,0.073919
1042.138490,0.073919
1042.441244,0.073918
1042.743998,0.073918
1043.046752,0.073918
1043.349505,0.073917
1043.652259,0.073917
1043.955013,0.073916
1044.257767,0.073916
1044.560521,0.073916
1044.863275,0.073915
1045.166028,0.073915
1045.468782,0.073914
1045.771536,0.073914
1046.074290,0.073914
1046.377044,0.073913
1046.679798,0.073913
1046.982551,0.073913
1047.285305,0.073912
1047.588059,0.073912
1047.890813,0.073911
1048.193567,0.073911
1048.496321,0.073911
1048.799074,0.073910
1049.101828,0.073910
1049.404582,0.073910
1049.707336,0.073909
1050.010090,0.073909
1050.312844,0.073908
1050.615597,0.073908
1050.918351,0.073908
1051.221105,0.073907
1051.523859,0.073907
1051.826613,0.073907
1052.129367,0.073906
1052.432120,0.073906
1052.734874,0.073905
1053.037628,0.073905
1053.340382,0.073905
1053.643136,0.073904
1053.945890,0.073904
1054.248643,0.073904
1054.551397,0.073903
1054.854151,0.073903
1055.156905,0.073903
1055.459659,0.073902
1055.762413,0.073902
1056.065166,0.073901
1056.367920,0.073901
1056.670674,0.073901
1056.973428,0.073900
1057.276182,0.073900
1057.578936,0.073900
1057.881689,0.073899
1058.184443,0.073899
1058.487197,0.073899
1058.789951,0.073898
1059.092705,0.073898
1059.395459,0.073898
1059.698212,0.073897
1060.000966,0.073897
1060.303720,0.073896
1060.606474,0.073896
1060.909228,0.073896
1061.211982,0.073895
1061.514735,0.073895
1061.817489,0.073895
1062.120243,0.073894
1062.422997,0.073894
1062.725751,0.073894
1063.028505,0.073893
1063.331258,0.073893
1063.634012,0.073893
1063.936766,0.073892
1064.239520,0.073892
1064.542274,0.073892
1064.845028,0.073891
1065.147781,0.073891
1065.450535,0.073891
1065.753289,0.073890
1066.056043,0.073890
1066.358797,0.073890
1066.661551,0.073889
1066.964304,0.073889
1067.267058,0.073889
1067.569812,0.073888
1067.872566,0.073888
1068.175320,0.073888
1068.478074,0.073887
1068.780827,0.073887
1069.083581,0.073887
1069.386335,0.073886
1069.689089,0.073886
1069.991843,0.073886
1070.294596,0.073885
1070.597350,0.073885
1070.900104,0.073885
1071.202858,0.073884
1071.505612,0.073884
1071.808366,0.073884
1072.111119,0.073883
1072.413873,0.073883
1072.716627,0.073883
1073.019381,0.073882
1073.322135,0.073882
1073.624889,0.073882
1073.927642,0.073881
1074.230396,0.073881
1074.533150,0.073881
1074.835904,0.073880
1075.138658,0.073880
1075.441412,0.073880
1075.744165,0.073879
1076.046919,0.073879
1076.349673,0.073879
1076.652427,0.073878
1076.955181,0.073878
1077.257935,0.073878
1077.560688,0.073877
1077.863442,0.073877
1078.166196,0.073877
1078.468950,0.073876
1078.771704,0.073876
1079.074458,0.073876
1079.377211,0.073876
1079.679965,0.073875
1079.982719,0.073875
1080.285473,0.073875
1080.588227,0.073874
1080.890981,0.073874
1081.193734,0.073874
1081.496488,0.073873
1081.799242,0.073873
1082.101996,0.073873
1082.404750,0.073872
1082.707504,0.073872
1083.010257,0.073872
1083.313011,0.073871
1083.615765,0.073871
1083.918519,0.073871
1084.221273,0.073871
1084.524027,0.073870
1084.826780,0.073870
1085.129534,0.073870
1085.432288,0.073869
1085.735042,0.073869
1086.037796,0.073869
1086.340550,0.073868
1086.643303,0.073868
1086.946057,0.073868
1087.248811,0.073867
1087.551565,0.073867
1087.854319,0.073867
1088.157073,0.073867
1088.459826,0.073866
1088.762580,0.073866
1089.065334,0.073866
1089.368088,0.073865
1089.670842,0.073865
1089.973596,0.073865
1090.276349,0.073865
1090.579103,0.073864
1090.881857,0.073864
1091.184611,0.073864
1091.487365,0.073863
1091.790119,0.073863
1092.092872,0.073863
1092.395626,0.073862
1092.698380,0.073862
1093.001134,0.073862
1093.303888,0.073862
1093.606642,0.073861
1093.909395,0.073861
1094.212149,0.073861
1094.514903,0.073860
1094.817657,0.073860
1095.120411,0.073860
1095.423165,0.073860
1095.725918,0.073859
1096.028672,0.073859
1096.331426,0.073859
