# rshift,intensity
80.846857,0.251947
81.158829,0.251948
81.470801,0.251949
81.782773,0.251950
82.094744,0.251951
82.406716,0.251952
82.718688,0.251953
83.030660,0.251954
83.342632,0.251955
83.654604,0.251956
83.966576,0.251957
84.278548,0.251958
84.590520,0.251960
84.902492,0.251961
85.214464,0.251962
85.526436,0.251963
85.838408,0.251964
86.150379,0.251965
86.462351,0.251966
86.774323,0.251967
87.086295,0.251968
87.398267,0.251970
87.710239,0.251971
88.022211,0.251972
88.334183,0.251973
88.646155,0.251974
88.958127,0.251975
89.270099,0.251976
89.582071,0.251977
89.894043,0.251979
90.206014,0.251980
90.517986,0.251981
90.829958,0.251982
91.141930,0.251983
91.453902,0.251984
91.765874,0.251986
92.077846,0.251987
92.389818,0.251988
92.701790,0.251989
93.013762,0.251990
93.325734,0.251991
93.637706,0.251993
93.949678,0.251994
94.261649,0.251995
94.573621,0.251996
94.885593,0.251997
95.197565,0.251999
95.509537,0.252000
95.821509,0.252001
96.133481,0.252002
96.445453,0.252003
96.757425,0.252005
97.069397,0.252006
97.381369,0.252007
97.693341,0.252008
98.005313,0.252009
98.317284,0.252011
98.629256,0.252012
98.941228,0.252013
99.253200,0.252014
99.565172,0.252016
99.877144,0.252017
100.189116,0.252018
100.501088,0.252019
100.813060,0.252021
101.125032,0.252022
101.437004,0.252023
101.748976,0.252024
102.060948,0.252026
102.372919,0.252027
102.684891,0.252028
102.996863,0.252030
103.308835,0.252031
103.620807,0.252032
103.932779,0.252033
104.244751,0.252035
104.556723,0.252036
104.868695,0.252037
105.180667,0.252039
105.492639,0.252040
105.804611,0.252041
106.116583,0.252043
106.428554,0.252044
106.740526,0.252045
107.052498,0.252047
107.364470,0.252048
107.676442,0.252049
107.988414,0.252051
108.300386,0.252052
108.612358,0.252053
108.924330,0.252055
109.236302,0.252056
109.548274,0.252057
109.860246,0.252059
110.172218,0.252060
110.484189,0.252061
110.796161,0.252063
111.108133,0.252064
111.420105,0.252066
111.732077,0.252067
112.044049,0.252068
112.356021,0.252070
112.667993,0.252071
112.979965,0.252073
113.291937,0.252074
113.603909,0.252075
113.915881,0.252077
114.227853,0.252078
114.539824,0.252080
114.851796,0.252081
115.163768,0.252082
115.475740,0.252084
115.787712,0.252085
116.099684,0.252087
116.411656,0.252088
116.723628,0.252090
117.035600,0.252091
117.347572,0.252093
117.659544,0.252094
117.971516,0.252096
118.283488,0.252097
118.595459,0.252098
118.907431,0.252100
119.219403,0.252101
119.531375,0.252103
119.843347,0.252104
120.155319,0.252106
120.467291,0.252107
120.779263,0.252109
121.091235,0.252110
121.403207,0.252112
121.715179,0.252113
122.027151,0.252115
122.339123,0.252116
122.651094,0.252118
122.963066,0.252120
123.275038,0.252121
123.587010,0.252123
123.898982,0.252124
124.210954,0.252126
124.522926,0.252127
124.834898,0.252129
125.146870,0.252130
125.458842,0.252132
125.770814,0.252134
126.082786,0.252135
126.394758,0.252137
126.706729,0.252138
127.018701,0.252140
127.330673,0.252142
127.642645,0.252143
127.954617,0.252145
128.266589,0.252146
128.578561,0.252148
128.890533,0.252150
129.202505,0.252151
129.514477,0.252153
129.826449,0.252154
130.138421,0.252156
130.450393,0.252158
130.762364,0.252159
131.074336,0.252161
131.386308,0.252163
131.698280,0.252164
132.010252,0.252166
132.322224,0.252168
132.634196,0.252169
132.946168,0.252171
133.258140,0.252173
133.570112,0.252175
133.882084,0.252176
134.194056,0.252178
134.506028,0.252180
134.817999,0.252181
135.129971,0.252183
135.441943,0.252185
135.753915,0.252187
136.065887,0.252188
136.377859,0.252190
136.689831,0.252192
137.001803,0.252194
137.313775,0.252195
137.625747,0.252197
137.937719,0.252199
138.249691,0.252201
138.561663,0.252202
138.873634,0.252204
139.185606,0.252206
139.497578,0.252208
139.809550,0.252210
140.121522,0.252211
140.433494,0.252213
140.745466,0.252215
141.057438,0.252217
141.369410,0.252219
141.681382,0.252221
141.993354,0.252222
142.305326,0.252224
142.617298,0.252226
142.929269,0.252228
143.241241,0.252230
143.553213,0.252232
143.865185,0.252234
144.177157,0.252235
144.489129,0.252237
144.801101,0.252239
145.113073,0.252241
145.425045,0.252243
145.737017,0.252245
146.048989,0.252247
146.360961,0.252249
146.672932,0.252251
146.984904,0.252253
147.296876,0.252255
147.608848,0.252257
147.920820,0.252259
148.232792,0.252260
148.544764,0.252262
148.856736,0.252264
149.168708,0.252266
149.480680,0.252268
149.792652,0.252270
150.104624,0.252272
150.416596,0.252274
150.728567,0.252276
151.040539,0.252278
151.352511,0.252280
151.664483,0.252283
151.976455,0.252285
152.288427,0.252287
152.600399,0.252289
152.912371,0.252291
153.224343,0.252293
153.536315,0.252295
153.848287,0.252297
154.160259,0.252299
154.472231,0.252301
154.784202,0.252303
155.096174,0.252305
155.408146,0.252307
155.720118,0.252310
156.032090,0.252312
156.344062,0.252314
156.656034,0.252316
156.968006,0.252318
157.279978,0.252320
157.591950,0.252322
157.903922,0.252325
158.215894,0.252327
158.527866,0.252329
158.839837,0.252331
159.151809,0.252333
159.463781,0.252336
159.775753,0.252338
160.087725,0.252340
160.399697,0.252342
160.711669,0.252344
161.023641,0.252347
161.335613,0.252349
161.647585,0.252351
161.959557,0.252353
162.271529,0.252356
162.583501,0.252358
162.895472,0.252360
163.207444,0.252363
163.519416,0.252365
163.831388,0.252367
164.143360,0.252369
164.455332,0.252372
164.767304,0.252374
165.079276,0.252376
165.391248,0.252379
165.703220,0.252381
166.015192,0.252384
166.327164,0.252386
166.639136,0.252388
166.951107,0.252391
167.263079,0.252393
167.575051,0.252395
167.887023,0.252398
168.198995,0.252400
168.510967,0.252403
168.822939,0.252405
169.134911,0.252408
169.446883,0.252410
169.758855,0.252413
170.070827,0.252415
170.382799,0.252418
170.694771,0.252420
171.006742,0.252422
171.318714,0.252425
171.630686,0.252428
171.942658,0.252430
172.254630,0.252433
172.566602,0.252435
172.878574,0.252438
173.190546,0.252440
173.502518,0.252443
173.814490,0.252445
174.126462,0.252448
174.438434,0.252451
174.750406,0.252453
175.062377,0.252456
175.374349,0.252458
175.686321,0.252461
175.998293,0.252464
176.310265,0.252466
176.622237,0.252469
176.934209,0.252472
177.246181,0.252474
177.558153,0.252477
177.870125,0.252480
178.182097,0.252482
178.494069,0.252485
178.806041,0.252488
179.118012,0.252491
179.429984,0.252493
179.741956,0.252496
180.053928,0.252499
180.365900,0.252502
180.677872,0.252504
180.989844,0.252507
181.301816,0.252510
181.613788,0.252513
181.925760,0.252516
182.237732,0.252518
182.549704,0.252521
182.861676,0.252524
183.173647,0.252527
183.485619,0.252530
183.797591,0.252533
184.109563,0.252536
184.421535,0.252539
184.733507,0.252541
185.045479,0.252544
185.357451,0.252547
185.669423,0.252550
185.981395,0.252553
186.293367,0.252556
186.605339,0.252559
186.917311,0.252562
187.229282,0.252565
187.541254,0.252568
187.853226,0.252571
188.165198,0.252574
188.477170,0.252577
188.789142,0.252580
189.101114,0.252583
189.413086,0.252587
189.725058,0.252590
190.037030,0.252593
190.349002,0.252596
190.660974,0.252599
190.972946,0.252602
191.284917,0.252605
191.596889,0.252608
191.908861,0.252612
192.220833,0.252615
192.532805,0.252618
192.844777,0.252621
193.156749,0.252624
193.468721,0.252628
193.780693,0.252631
194.092665,0.252634
194.404637,0.252637
194.716609,0.252641
195.028581,0.252644
195.340552,0.252647
195.652524,0.252651
195.964496,0.252654
196.276468,0.252657
196.588440,0.252661
196.900412,0.252664
197.212384,0.252667
197.524356,0.252671
197.836328,0.252674
198.148300,0.252678
198.460272,0.252681
198.772244,0.252685
199.084216,0.252688
199.396187,0.252691
199.708159,0.252695
200.020131,0.252698
200.332103,0.252702
200.644075,0.252706
200.956047,0.252709
201.268019,0.252713
201.579991,0.252716
201.891963,0.252720
202.203935,0.252723
202.515907,0.252727
202.827879,0.252731
203.139851,0.252734
203.451822,0.252738
203.763794,0.252742
204.075766,0.252745
204.387738,0.252749
204.699710,0.252753
205.011682,0.252756
205.323654,0.252760
205.635626,0.252764
205.947598,0.252768
206.259570,0.252771
206.571542,0.252775
206.883514,0.252779
207.195486,0.252783
207.507457,0.252787
207.819429,0.252791
208.131401,0.252795
208.443373,0.252798
208.755345,0.252802
209.067317,0.252806
209.379289,0.252810
209.691261,0.252814
210.003233,0.252818
210.315205,0.252822
210.627177,0.252826
210.939149,0.252830
211.251121,0.252834
211.563092,0.252838
211.875064,0.252842
212.187036,0.252846
212.499008,0.252851
212.810980,0.252855
213.122952,0.252859
213.434924,0.252863
213.746896,0.252867
214.058868,0.252871
214.370840,0.252876
214.682812,0.252880
214.994784,0.252884
215.306756,0.252888
215.618727,0.252893
215.930699,0.252897
216.242671,0.252901
216.554643,0.252906
216.866615,0.252910
217.178587,0.252914
217.490559,0.252919
217.802531,0.252923
218.114503,0.252927
218.426475,0.252932
218.738447,0.252936
219.050419,0.252941
219.362391,0.252945
219.674362,0.252950
219.986334,0.252954
220.298306,0.252959
220.610278,0.252964
220.922250,0.252968
221.234222,0.252973
221.546194,0.252977
221.858166,0.252982
222.170138,0.252987
222.482110,0.252991
222.794082,0.252996
223.106054,0.253001
223.418026,0.253006
223.729997,0.253010
224.041969,0.253015
224.353941,0.253020
224.665913,0.253025
224.977885,0.253030
225.289857,0.253035
225.601829,0.253039
225.913801,0.253044
226.225773,0.253049
226.537745,0.253054
226.849717,0.253059
227.161689,0.253064
227.473661,0.253069
227.785632,0.253074
228.097604,0.253079
228.409576,0.253085
228.721548,0.253090
229.033520,0.253095
229.345492,0.253100
229.657464,0.253105
229.969436,0.253110
230.281408,0.253116
230.593380,0.253121
230.905352,0.253126
231.217324,0.253132
231.529296,0.253137
231.841267,0.253142
232.153239,0.253148
232.465211,0.253153
232.777183,0.253158
233.089155,0.253164
233.401127,0.253169
233.713099,0.253175
234.025071,0.253180
234.337043,0.253186
234.649015,0.253191
234.960987,0.253197
235.272959,0.253203
235.584931,0.253208
235.896902,0.253214
236.208874,0.253220
236.520846,0.253225
236.832818,0.253231
237.144790,0.253237
237.456762,0.253243
237.768734,0.253249
238.080706,0.253255
238.392678,0.253260
238.704650,0.253266
239.016622,0.253272
239.328594,0.253278
239.640566,0.253284
239.952537,0.253290
240.264509,0.253296
240.576481,0.253302
240.888453,0.253309
241.200425,0.253315
241.512397,0.253321
241.824369,0.253327
242.136341,0.253333
242.448313,0.253340
242.760285,0.253346
243.072257,0.253352
243.384229,0.253359
243.696201,0.253365
244.008172,0.253371
244.320144,0.253378
244.632116,0.253384
244.944088,0.253391
245.256060,0.253397
245.568032,0.253404
245.880004,0.253410
246.191976,0.253417
246.503948,0.253424
246.815920,0.253430
247.127892,0.253437
247.439864,0.253444
247.751836,0.253451
248.063807,0.253458
248.375779,0.253464
248.687751,0.253471
248.999723,0.253478
249.311695,0.253485
249.623667,0.253492
249.935639,0.253499
250.247611,0.253506
250.559583,0.253513
250.871555,0.253521
251.183527,0.253528
251.495499,0.253535
251.807471,0.253542
252.119442,0.253549
252.431414,0.253557
252.743386,0.253564
253.055358,0.253572
253.367330,0.253579
253.679302,0.253586
253.991274,0.253594
254.303246,0.253601
254.615218,0.253609
254.927190,0.253617
255.239162,0.253624
255.551134,0.253632
255.863106,0.253640
256.175077,0.253647
256.487049,0.253655
256.799021,0.253663
257.110993,0.253671
257.422965,0.253679
257.734937,0.253687
258.046909,0.253695
258.358881,0.253703
258.670853,0.253711
258.982825,0.253719
259.294797,0.253727
259.606769,0.253736
259.918741,0.253744
260.230712,0.253752
260.542684,0.253761
260.854656,0.253769
261.166628,0.253777
261.478600,0.253786
261.790572,0.253794
262.102544,0.253803
262.414516,0.253812
262.726488,0.253820
263.038460,0.253829
263.350432,0.253838
263.662404,0.253847
263.974376,0.253856
264.286347,0.253864
264.598319,0.253873
264.910291,0.253882
265.222263,0.253891
265.534235,0.253901
265.846207,0.253910
266.158179,0.253919
266.470151,0.253928
266.782123,0.253937
267.094095,0.253947
267.406067,0.253956
267.718039,0.253966
268.030011,0.253975
268.341982,0.253985
268.653954,0.253994
268.965926,0.254004
269.277898,0.254014
269.589870,0.254023
269.901842,0.254033
270.213814,0.254043
270.525786,0.254053
270.837758,0.254063
271.149730,0.254073
271.461702,0.254083
271.773674,0.254093
272.085645,0.254104
272.397617,0.254114
272.709589,0.254124
273.021561,0.254135
273.333533,0.254145
273.645505,0.254155
273.957477,0.254166
274.269449,0.254177
274.581421,0.254187
274.893393,0.254198
275.205365,0.254209
275.517337,0.254220
275.829309,0.254231
276.141280,0.254242
276.453252,0.254253
276.765224,0.254264
277.077196,0.254275
277.389168,0.254286
277.701140,0.254298
278.013112,0.254309
278.325084,0.254320
278.637056,0.254332
278.949028,0.254344
279.261000,0.254355
279.572972,0.254367
279.884944,0.254379
280.196915,0.254391
280.508887,0.254403
280.820859,0.254415
281.132831,0.254427
281.444803,0.254439
281.756775,0.254451
282.068747,0.254463
282.380719,0.254476
282.692691,0.254488
283.004663,0.254501
283.316635,0.254513
283.628607,0.254526
283.940579,0.254539
284.252550,0.254551
284.564522,0.254564
284.876494,0.254577
285.188466,0.254590
285.500438,0.254604
285.812410,0.254617
286.124382,0.254630
286.436354,0.254644
286.748326,0.254657
287.060298,0.254671
287.372270,0.254684
287.684242,0.254698
287.996214,0.254712
288.308185,0.254726
288.620157,0.254740
288.932129,0.254754
289.244101,0.254768
289.556073,0.254782
289.868045,0.254796
290.180017,0.254811
290.491989,0.254825
290.803961,0.254840
291.115933,0.254855
291.427905,0.254870
291.739877,0.254884
292.051849,0.254899
292.363820,0.254915
292.675792,0.254930
292.987764,0.254945
293.299736,0.254960
293.611708,0.254976
293.923680,0.254992
294.235652,0.255007
294.547624,0.255023
294.859596,0.255039
295.171568,0.255055
295.483540,0.255071
295.795512,0.255087
296.107484,0.255104
296.419455,0.255120
296.731427,0.255137
297.043399,0.255153
297.355371,0.255170
297.667343,0.255187
297.979315,0.255204
298.291287,0.255221
298.603259,0.255238
298.915231,0.255256
299.227203,0.255273
299.539175,0.255291
299.851147,0.255308
300.163119,0.255326
300.475090,0.255344
300.787062,0.255362
301.099034,0.255380
301.411006,0.255399
301.722978,0.255417
302.034950,0.255436
302.346922,0.255454
302.658894,0.255473
302.970866,0.255492
303.282838,0.255511
303.594810,0.255530
303.906782,0.255550
304.218754,0.255569
304.530725,0.255589
304.842697,0.255609
305.154669,0.255629
305.466641,0.255649
305.778613,0.255669
306.090585,0.255689
306.402557,0.255710
306.714529,0.255730
307.026501,0.255751
307.338473,0.255772
307.650445,0.255793
307.962417,0.255815
308.274389,0.255836
308.586360,0.255858
308.898332,0.255879
309.210304,0.255901
309.522276,0.255923
309.834248,0.255945
310.146220,0.255968
310.458192,0.255990
310.770164,0.256013
311.082136,0.256036
311.394108,0.256059
311.706080,0.256082
312.018052,0.256106
312.330024,0.256129
312.641995,0.256153
312.953967,0.256177
313.265939,0.256201
313.577911,0.256225
313.889883,0.256250
314.201855,0.256274
314.513827,0.256299
314.825799,0.256324
315.137771,0.256350
315.449743,0.256375
315.761715,0.256401
316.073687,0.256427
316.385659,0.256453
316.697630,0.256479
317.009602,0.256505
317.321574,0.256532
317.633546,0.256559
317.945518,0.256586
318.257490,0.256613
318.569462,0.256641
318.881434,0.256669
319.193406,0.256697
319.505378,0.256725
319.817350,0.256753
320.129322,0.256782
320.441294,0.256811
320.753265,0.256840
321.065237,0.256869
321.377209,0.256899
321.689181,0.256929
322.001153,0.256959
322.313125,0.256989
322.625097,0.257020
322.937069,0.257051
323.249041,0.257082
323.561013,0.257113
323.872985,0.257145
324.184957,0.257177
324.496929,0.257209
324.808900,0.257242
325.120872,0.257274
325.432844,0.257307
325.744816,0.257341
326.056788,0.257374
326.368760,0.257408
326.680732,0.257442
326.992704,0.257477
327.304676,0.257511
327.616648,0.257546
327.928620,0.257582
328.240592,0.257617
328.552564,0.257653
328.864535,0.257690
329.176507,0.257726
329.488479,0.257763
329.800451,0.257801
330.112423,0.257838
330.424395,0.257876
330.736367,0.257914
331.048339,0.257953
331.360311,0.257992
331.672283,0.258031
331.984255,0.258071
332.296227,0.258111
332.608199,0.258152
332.920170,0.258192
333.232142,0.258234
333.544114,0.258275
333.856086,0.258317
334.168058,0.258360
334.480030,0.258402
334.792002,0.258445
335.103974,0.258489
335.415946,0.258533
335.727918,0.258577
336.039890,0.258622
336.351862,0.258667
336.663834,0.258713
336.975805,0.258759
337.287777,0.258806
337.599749,0.258853
337.911721,0.258900
338.223693,0.258948
338.535665,0.258996
338.847637,0.259045
339.159609,0.259095
339.471581,0.259144
339.783553,0.259195
340.095525,0.259245
340.407497,0.259297
340.719469,0.259349
341.031440,0.259401
341.343412,0.259454
341.655384,0.259507
341.967356,0.259561
342.279328,0.259616
342.591300,0.259671
342.903272,0.259727
343.215244,0.259783
343.527216,0.259840
343.839188,0.259897
344.151160,0.259955
344.463132,0.260014
344.775104,0.260073
345.087075,0.260133
345.399047,0.260193
345.711019,0.260254
346.022991,0.260316
346.334963,0.260379
346.646935,0.260442
346.958907,0.260506
347.270879,0.260570
347.582851,0.260635
347.894823,0.260701
348.206795,0.260768
348.518767,0.260835
348.830739,0.260903
349.142710,0.260972
349.454682,0.261042
349.766654,0.261112
350.078626,0.261183
350.390598,0.261255
350.702570,0.261328
351.014542,0.261402
351.326514,0.261476
351.638486,0.261552
351.950458,0.261628
352.262430,0.261705
352.574402,0.261783
352.886374,0.261862
353.198345,0.261942
353.510317,0.262023
353.822289,0.262104
354.134261,0.262187
354.446233,0.262271
354.758205,0.262355
355.070177,0.262441
355.382149,0.262528
355.694121,0.262616
356.006093,0.262705
356.318065,0.262794
356.630037,0.262886
356.942009,0.262978
357.253980,0.263071
357.565952,0.263165
357.877924,0.263261
358.189896,0.263358
358.501868,0.263456
358.813840,0.263555
359.125812,0.263656
359.437784,0.263758
359.749756,0.263861
360.061728,0.263966
360.373700,0.264072
360.685672,0.264179
360.997644,0.264287
361.309615,0.264398
361.621587,0.264509
361.933559,0.264622
362.245531,0.264737
362.557503,0.264853
362.869475,0.264970
363.181447,0.265090
363.493419,0.265211
363.805391,0.265333
364.117363,0.265457
364.429335,0.265583
364.741307,0.265711
365.053279,0.265840
365.365250,0.265972
365.677222,0.266105
365.989194,0.266240
366.301166,0.266377
366.613138,0.266516
366.925110,0.266656
367.237082,0.266799
367.549054,0.266944
367.861026,0.267091
368.172998,0.267241
368.484970,0.267392
368.796942,0.267546
369.108914,0.267702
369.420885,0.267860
369.732857,0.268021
370.044829,0.268184
370.356801,0.268350
370.668773,0.268518
370.980745,0.268689
371.292717,0.268862
371.604689,0.269039
371.916661,0.269217
372.228633,0.269399
372.540605,0.269584
372.852577,0.269771
373.164549,0.269962
373.476520,0.270156
373.788492,0.270352
374.100464,0.270553
374.412436,0.270756
374.724408,0.270962
375.036380,0.271173
375.348352,0.271386
375.660324,0.271603
375.972296,0.271824
376.284268,0.272049
376.596240,0.272277
376.908212,0.272510
377.220184,0.272746
377.532155,0.272987
377.844127,0.273232
378.156099,0.273481
378.468071,0.273734
378.780043,0.273992
379.092015,0.274255
379.403987,0.274523
379.715959,0.274795
380.027931,0.275072
380.339903,0.275355
380.651875,0.275643
380.963847,0.275936
381.275819,0.276235
381.587790,0.276539
381.899762,0.276849
382.211734,0.277165
382.523706,0.277488
382.835678,0.277816
383.147650,0.278151
383.459622,0.278493
383.771594,0.278841
384.083566,0.279197
384.395538,0.279560
384.707510,0.279930
385.019482,0.280307
385.331454,0.280693
385.643425,0.281086
385.955397,0.281488
386.267369,0.281898
386.579341,0.282317
386.891313,0.282745
387.203285,0.283182
387.515257,0.283629
387.827229,0.284085
388.139201,0.284552
388.451173,0.285029
388.763145,0.285517
389.075117,0.286016
389.387089,0.286526
389.699060,0.287048
390.011032,0.287582
390.323004,0.288128
390.634976,0.288688
390.946948,0.289260
391.258920,0.289847
391.570892,0.290448
391.882864,0.291063
392.194836,0.291693
392.506808,0.292339
392.818780,0.293002
393.130752,0.293681
393.442724,0.294377
393.754695,0.295091
394.066667,0.295824
394.378639,0.296576
394.690611,0.297348
395.002583,0.298140
395.314555,0.298954
395.626527,0.299789
395.938499,0.300648
396.250471,0.301531
396.562443,0.302438
396.874415,0.303371
397.186387,0.304330
397.498358,0.305317
397.810330,0.306332
398.122302,0.307378
398.434274,0.308454
398.746246,0.309563
399.058218,0.310705
399.370190,0.311882
399.682162,0.313095
399.994134,0.314346
400.306106,0.315637
400.618078,0.316969
400.930050,0.318344
401.242022,0.319763
401.553993,0.321230
401.865965,0.322745
402.177937,0.324311
402.489909,0.325930
402.801881,0.327605
403.113853,0.329339
403.425825,0.331133
403.737797,0.332992
404.049769,0.334917
404.361741,0.336913
404.673713,0.338983
404.985685,0.341129
405.297657,0.343357
405.609628,0.345670
405.921600,0.348073
406.233572,0.350570
406.545544,0.353166
406.857516,0.355866
407.169488,0.358677
407.481460,0.361603
407.793432,0.364651
408.105404,0.367829
408.417376,0.371142
408.729348,0.374600
409.041320,0.378210
409.353292,0.381980
409.665263,0.385921
409.977235,0.390042
410.289207,0.394354
410.601179,0.398870
410.913151,0.403600
411.225123,0.408559
411.537095,0.413760
411.849067,0.419220
412.161039,0.424954
412.473011,0.430980
412.784983,0.437318
413.096955,0.443988
413.408927,0.451011
413.720898,0.458412
414.032870,0.466217
414.344842,0.474451
414.656814,0.483146
414.968786,0.492333
415.280758,0.502045
415.592730,0.512320
415.904702,0.523197
416.216674,0.534718
416.528646,0.546928
416.840618,0.559875
417.152590,0.573611
417.464562,0.588188
417.776533,0.603666
418.088505,0.620104
418.400477,0.637565
418.712449,0.656115
419.024421,0.675821
419.336393,0.696751
419.648365,0.718972
419.960337,0.742551
420.272309,0.767549
420.584281,0.794023
420.896253,0.822019
421.208225,0.851568
421.520197,0.882686
421.832168,0.915362
422.144140,0.949553
422.456112,0.985180
422.768084,1.022113
423.080056,1.060168
423.392028,1.099094
423.704000,1.138565
424.015972,1.178178
424.327944,1.217442
424.639916,1.255787
424.951888,1.292566
425.263860,1.327073
425.575832,1.358566
425.887803,1.386296
426.199775,1.409546
426.511747,1.427674
426.823719,1.440155
427.135691,1.446615
427.447663,1.446863
427.759635,1.440903
428.071607,1.428937
428.383579,1.411345
428.695551,1.388661
429.007523,1.361531
429.319495,1.330676
429.631467,1.296843
429.943438,1.260777
430.255410,1.223180
430.567382,1.184696
430.879354,1.145894
431.191326,1.107259
431.503298,1.069192
431.815270,1.032016
432.127242,0.995979
432.439214,0.961263
432.751186,0.927995
433.063158,0.896254
433.375130,0.866080
433.687102,0.837484
433.999073,0.810452
434.311045,0.784949
434.623017,0.760930
434.934989,0.738340
435.246961,0.717117
435.558933,0.697194
435.870905,0.678505
436.182877,0.660982
436.494849,0.644558
436.806821,0.629169
437.118793,0.614753
437.430765,0.601249
437.742737,0.588600
438.054708,0.576754
438.366680,0.565659
438.678652,0.555268
438.990624,0.545535
439.302596,0.536421
439.614568,0.527885
439.926540,0.519892
440.238512,0.512408
440.550484,0.505401
440.862456,0.498842
441.174428,0.492703
441.486400,0.486960
441.798372,0.481589
442.110343,0.476567
442.422315,0.471875
442.734287,0.467492
443.046259,0.463401
443.358231,0.459585
443.670203,0.456028
443.982175,0.452715
444.294147,0.449632
444.606119,0.446766
444.918091,0.444104
445.230063,0.441635
445.542035,0.439347
445.854007,0.437228
446.165978,0.435270
446.477950,0.433461
446.789922,0.431792
447.101894,0.430254
447.413866,0.428837
447.725838,0.427533
448.037810,0.426334
448.349782,0.425230
448.661754,0.424214
448.973726,0.423278
449.285698,0.422413
449.597670,0.421612
449.909642,0.420868
450.221613,0.420173
450.533585,0.419520
450.845557,0.418901
451.157529,0.418311
451.469501,0.417741
451.781473,0.417186
452.093445,0.416639
452.405417,0.416095
452.717389,0.415547
453.029361,0.414991
453.341333,0.414422
453.653305,0.413834
453.965277,0.413224
454.277248,0.412588
454.589220,0.411923
454.901192,0.411226
455.213164,0.410495
455.525136,0.409727
455.837108,0.408922
456.149080,0.408078
456.461052,0.407196
456.773024,0.406275
457.084996,0.405316
457.396968,0.404321
457.708940,0.403290
458.020912,0.402225
458.332883,0.401130
458.644855,0.400006
458.956827,0.398856
459.268799,0.397683
459.580771,0.396492
459.892743,0.395284
460.204715,0.394065
460.516687,0.392838
460.828659,0.391607
461.140631,0.390376
461.452603,0.389149
461.764575,0.387929
462.076547,0.386722
462.388518,0.385531
462.700490,0.384360
463.012462,0.383213
463.324434,0.382093
463.636406,0.381005
463.948378,0.379953
464.260350,0.378939
464.572322,0.377968
464.884294,0.377042
465.196266,0.376166
465.508238,0.375343
465.820210,0.374576
466.132182,0.373868
466.444153,0.373223
466.756125,0.372644
467.068097,0.372134
467.380069,0.371697
467.692041,0.371336
468.004013,0.371054
468.315985,0.370856
468.627957,0.370744
468.939929,0.370723
469.251901,0.370797
469.563873,0.370970
469.875845,0.371246
470.187817,0.371630
470.499788,0.372127
470.811760,0.372741
471.123732,0.373480
471.435704,0.374348
471.747676,0.375352
472.059648,0.376498
472.371620,0.377794
472.683592,0.379247
472.995564,0.380865
473.307536,0.382657
473.619508,0.384632
473.931480,0.386799
474.243452,0.389169
474.555423,0.391752
474.867395,0.394559
475.179367,0.397601
475.491339,0.400892
475.803311,0.404443
476.115283,0.408265
476.427255,0.412373
476.739227,0.416777
477.051199,0.421488
477.363171,0.426519
477.675143,0.431876
477.987115,0.437569
478.299087,0.443599
478.611058,0.449970
478.923030,0.456675
479.235002,0.463707
479.546974,0.471048
479.858946,0.478674
480.170918,0.486551
480.482890,0.494632
480.794862,0.502861
481.106834,0.511166
481.418806,0.519461
481.730778,0.527646
482.042750,0.535608
482.354722,0.543220
482.666693,0.550347
482.978665,0.556848
483.290637,0.562583
483.602609,0.567415
483.914581,0.571221
484.226553,0.573895
484.538525,0.575358
484.850497,0.575559
485.162469,0.574480
485.474441,0.572139
485.786413,0.568585
486.098385,0.563897
486.410357,0.558180
486.722328,0.551556
487.034300,0.544161
487.346272,0.536136
487.658244,0.527621
487.970216,0.518750
488.282188,0.509650
488.594160,0.500434
488.906132,0.491201
489.218104,0.482037
489.530076,0.473012
489.842048,0.464185
490.154020,0.455600
490.465992,0.447291
490.777963,0.439282
491.089935,0.431589
491.401907,0.424222
491.713879,0.417183
492.025851,0.410472
492.337823,0.404083
492.649795,0.398010
492.961767,0.392242
493.273739,0.386769
493.585711,0.381578
493.897683,0.376658
494.209655,0.371995
494.521627,0.367577
494.833598,0.363390
495.145570,0.359423
495.457542,0.355662
495.769514,0.352097
496.081486,0.348716
496.393458,0.345509
496.705430,0.342466
497.017402,0.339576
497.329374,0.336832
497.641346,0.334224
497.953318,0.331745
498.265290,0.329386
498.577262,0.327142
498.889233,0.325005
499.201205,0.322969
499.513177,0.321029
499.825149,0.319178
500.137121,0.317413
500.449093,0.315727
500.761065,0.314118
501.073037,0.312580
501.385009,0.311109
501.696981,0.309703
502.008953,0.308358
502.320925,0.307070
502.632897,0.305837
502.944868,0.304655
503.256840,0.303523
503.568812,0.302438
503.880784,0.301397
504.192756,0.300398
504.504728,0.299440
504.816700,0.298520
505.128672,0.297637
505.440644,0.296789
505.752616,0.295974
506.064588,0.295192
506.376560,0.294440
506.688532,0.293718
507.000503,0.293024
507.312475,0.292357
507.624447,0.291717
507.936419,0.291101
508.248391,0.290510
508.560363,0.289942
508.872335,0.289396
509.184307,0.288873
509.496279,0.288370
509.808251,0.287888
510.120223,0.287426
510.432195,0.286984
510.744167,0.286560
511.056138,0.286154
511.368110,0.285767
511.680082,0.285397
511.992054,0.285044
512.304026,0.284709
512.615998,0.284390
512.927970,0.284087
513.239942,0.283801
513.551914,0.283530
513.863886,0.283276
514.175858,0.283038
514.487830,0.282815
514.799802,0.282608
515.111773,0.282417
515.423745,0.282242
515.735717,0.282082
516.047689,0.281939
516.359661,0.281812
516.671633,0.281702
516.983605,0.281608
517.295577,0.281532
517.607549,0.281472
517.919521,0.281431
518.231493,0.281407
518.543465,0.281403
518.855437,0.281417
519.167408,0.281451
519.479380,0.281506
519.791352,0.281582
520.103324,0.281679
520.415296,0.281799
520.727268,0.281942
521.039240,0.282109
521.351212,0.282301
521.663184,0.282518
521.975156,0.282762
522.287128,0.283034
522.599100,0.283333
522.911072,0.283661
523.223043,0.284019
523.535015,0.284406
523.846987,0.284823
524.158959,0.285270
524.470931,0.285747
524.782903,0.286252
525.094875,0.286785
525.406847,0.287344
525.718819,0.287926
526.030791,0.288527
526.342763,0.289145
526.654735,0.289774
526.966706,0.290407
527.278678,0.291039
527.590650,0.291660
527.902622,0.292263
528.214594,0.292837
528.526566,0.293373
528.838538,0.293861
529.150510,0.294290
529.462482,0.294651
529.774454,0.294936
530.086426,0.295137
530.398398,0.295251
530.710370,0.295273
531.022341,0.295204
531.334313,0.295044
531.646285,0.294799
531.958257,0.294474
532.270229,0.294076
532.582201,0.293615
532.894173,0.293102
533.206145,0.292545
533.518117,0.291956
533.830089,0.291345
534.142061,0.290722
534.454033,0.290094
534.766005,0.289471
535.077976,0.288858
535.389948,0.288263
535.701920,0.287690
536.013892,0.287142
536.325864,0.286624
536.637836,0.286139
536.949808,0.285687
537.261780,0.285272
537.573752,0.284893
537.885724,0.284552
538.197696,0.284250
538.509668,0.283985
538.821640,0.283760
539.133611,0.283574
539.445583,0.283427
539.757555,0.283319
540.069527,0.283251
540.381499,0.283222
540.693471,0.283233
541.005443,0.283285
541.317415,0.283377
541.629387,0.283510
541.941359,0.283686
542.253331,0.283906
542.565303,0.284169
542.877275,0.284479
543.189246,0.284836
543.501218,0.285243
543.813190,0.285701
544.125162,0.286214
544.437134,0.286783
544.749106,0.287413
545.061078,0.288106
545.373050,0.288867
545.685022,0.289701
545.996994,0.290611
546.308966,0.291605
546.620938,0.292688
546.932910,0.293867
547.244881,0.295151
547.556853,0.296547
547.868825,0.298067
548.180797,0.299720
548.492769,0.301520
548.804741,0.303479
549.116713,0.305615
549.428685,0.307943
549.740657,0.310484
550.052629,0.313259
550.364601,0.316292
550.676573,0.319612
550.988545,0.323248
551.300516,0.327235
551.612488,0.331610
551.924460,0.336416
552.236432,0.341698
552.548404,0.347507
552.860376,0.353897
553.172348,0.360924
553.484320,0.368650
553.796292,0.377131
554.108264,0.386423
554.420236,0.396573
554.732208,0.407611
555.044180,0.419543
555.356151,0.432335
555.668123,0.445901
555.980095,0.460083
556.292067,0.474630
556.604039,0.489190
556.916011,0.503298
557.227983,0.516387
557.539955,0.527821
557.851927,0.536951
558.163899,0.543189
558.475871,0.546099
558.787843,0.545465
559.099815,0.541328
559.411786,0.533982
559.723758,0.523920
560.035730,0.511758
560.347702,0.498149
560.659674,0.483712
560.971646,0.468983
561.283618,0.454392
561.595590,0.440257
561.907562,0.426795
562.219534,0.414142
562.531506,0.402363
562.843478,0.391478
563.155450,0.381474
563.467421,0.372312
563.779393,0.363942
564.091365,0.356309
564.403337,0.349352
564.715309,0.343013
565.027281,0.337235
565.339253,0.331965
565.651225,0.327155
565.963197,0.322759
566.275169,0.318736
566.587141,0.315050
566.899113,0.311667
567.211085,0.308559
567.523056,0.305698
567.835028,0.303061
568.147000,0.300626
568.458972,0.298374
568.770944,0.296289
569.082916,0.294355
569.394888,0.292559
569.706860,0.290889
570.018832,0.289333
570.330804,0.287882
570.642776,0.286527
570.954748,0.285260
571.266720,0.284073
571.578691,0.282961
571.890663,0.281918
572.202635,0.280937
572.514607,0.280015
572.826579,0.279147
573.138551,0.278329
573.450523,0.277557
573.762495,0.276829
574.074467,0.276140
574.386439,0.275489
574.698411,0.274873
575.010383,0.274289
575.322355,0.273735
575.634326,0.273210
575.946298,0.272712
576.258270,0.272238
576.570242,0.271788
576.882214,0.271361
577.194186,0.270954
577.506158,0.270566
577.818130,0.270197
578.130102,0.269846
578.442074,0.269511
578.754046,0.269191
579.066018,0.268887
579.377990,0.268596
579.689961,0.268319
580.001933,0.268055
580.313905,0.267803
580.625877,0.267562
580.937849,0.267333
581.249821,0.267114
581.561793,0.266905
581.873765,0.266706
582.185737,0.266516
582.497709,0.266335
582.809681,0.266162
583.121653,0.265998
583.433625,0.265842
583.745596,0.265693
584.057568,0.265552
584.369540,0.265418
584.681512,0.265291
584.993484,0.265171
585.305456,0.265058
585.617428,0.264951
585.929400,0.264851
586.241372,0.264756
586.553344,0.264668
586.865316,0.264586
587.177288,0.264509
587.489260,0.264439
587.801231,0.264374
588.113203,0.264314
588.425175,0.264261
588.737147,0.264213
589.049119,0.264170
589.361091,0.264133
589.673063,0.264102
589.985035,0.264076
590.297007,0.264056
590.608979,0.264042
590.920951,0.264033
591.232923,0.264030
591.544895,0.264033
591.856866,0.264042
592.168838,0.264057
592.480810,0.264079
592.792782,0.264106
593.104754,0.264141
593.416726,0.264182
593.728698,0.264229
594.040670,0.264284
594.352642,0.264347
594.664614,0.264417
594.976586,0.264495
595.288558,0.264581
595.600530,0.264676
595.912501,0.264780
596.224473,0.264893
596.536445,0.265017
596.848417,0.265151
597.160389,0.265296
597.472361,0.265452
597.784333,0.265621
598.096305,0.265802
598.408277,0.265998
598.720249,0.266207
599.032221,0.266433
599.344193,0.266675
599.656165,0.266935
599.968136,0.267213
600.280108,0.267512
600.592080,0.267833
600.904052,0.268177
601.216024,0.268546
601.527996,0.268943
601.839968,0.269368
602.151940,0.269826
602.463912,0.270318
602.775884,0.270847
603.087856,0.271418
603.399828,0.272032
603.711800,0.272695
604.023771,0.273411
604.335743,0.274186
604.647715,0.275024
604.959687,0.275932
605.271659,0.276919
605.583631,0.277990
605.895603,0.279157
606.207575,0.280429
606.519547,0.281817
606.831519,0.283335
607.143491,0.284997
607.455463,0.286821
607.767435,0.288825
608.079406,0.291030
608.391378,0.293460
608.703350,0.296142
609.015322,0.299106
609.327294,0.302383
609.639266,0.306011
609.951238,0.310027
610.263210,0.314471
610.575182,0.319384
610.887154,0.324802
611.199126,0.330758
611.511098,0.337272
611.823070,0.344343
612.135041,0.351940
612.447013,0.359992
612.758985,0.368366
613.070957,0.376861
613.382929,0.385194
613.694901,0.393003
614.006873,0.399867
614.318845,0.405344
614.630817,0.409031
614.942789,0.410630
615.254761,0.410004
615.566733,0.407207
615.878705,0.402472
616.190676,0.396165
616.502648,0.388718
616.814620,0.380567
617.126592,0.372105
617.438564,0.363648
617.750536,0.355436
618.062508,0.347627
618.374480,0.340320
618.686452,0.333561
618.998424,0.327363
619.310396,0.321713
619.622368,0.316584
619.934340,0.311941
620.246311,0.307744
620.558283,0.303953
620.870255,0.300529
621.182227,0.297434
621.494199,0.294635
621.806171,0.292102
622.118143,0.289805
622.430115,0.287720
622.742087,0.285824
623.054059,0.284098
623.366031,0.282524
623.678003,0.281086
623.989975,0.279772
624.301946,0.278567
624.613918,0.277462
624.925890,0.276448
625.237862,0.275515
625.549834,0.274656
625.861806,0.273864
626.173778,0.273133
626.485750,0.272459
626.797722,0.271835
627.109694,0.271259
627.421666,0.270725
627.733638,0.270232
628.045610,0.269775
628.357581,0.269351
628.669553,0.268959
628.981525,0.268597
629.293497,0.268261
629.605469,0.267950
629.917441,0.267663
630.229413,0.267398
630.541385,0.267154
630.853357,0.266929
631.165329,0.266723
631.477301,0.266534
631.789273,0.266362
632.101245,0.266205
632.413216,0.266064
632.725188,0.265936
633.037160,0.265823
633.349132,0.265722
633.661104,0.265634
633.973076,0.265558
634.285048,0.265494
634.597020,0.265442
634.908992,0.265401
635.220964,0.265370
635.532936,0.265351
635.844908,0.265342
636.156880,0.265343
636.468851,0.265355
636.780823,0.265377
637.092795,0.265409
637.404767,0.265452
637.716739,0.265504
638.028711,0.265567
638.340683,0.265640
638.652655,0.265724
638.964627,0.265818
639.276599,0.265923
639.588571,0.266039
639.900543,0.266166
640.212515,0.266305
640.524486,0.266455
640.836458,0.266617
641.148430,0.266792
641.460402,0.266979
641.772374,0.267180
642.084346,0.267395
642.396318,0.267624
642.708290,0.267868
643.020262,0.268127
643.332234,0.268403
643.644206,0.268696
643.956178,0.269007
644.268150,0.269336
644.580121,0.269685
644.892093,0.270056
645.204065,0.270448
645.516037,0.270863
645.828009,0.271303
646.139981,0.271768
646.451953,0.272262
646.763925,0.272784
647.075897,0.273338
647.387869,0.273925
647.699841,0.274548
648.011813,0.275209
648.323785,0.275910
648.635756,0.276654
648.947728,0.277446
649.259700,0.278287
649.571672,0.279182
649.883644,0.280135
650.195616,0.281151
650.507588,0.282234
650.819560,0.283390
651.131532,0.284626
651.443504,0.285947
651.755476,0.287362
652.067448,0.288878
652.379419,0.290505
652.691391,0.292252
653.003363,0.294130
653.315335,0.296153
653.627307,0.298334
653.939279,0.300687
654.251251,0.303231
654.563223,0.305984
654.875195,0.308967
655.187167,0.312203
655.499139,0.315719
655.811111,0.319544
656.123083,0.323710
656.435054,0.328252
656.747026,0.333209
657.058998,0.338625
657.370970,0.344545
657.682942,0.351021
657.994914,0.358103
658.306886,0.365847
658.618858,0.374309
658.930830,0.383539
659.242802,0.393584
659.554774,0.404479
659.866746,0.416238
660.178718,0.428847
660.490689,0.442253
660.802661,0.456344
661.114633,0.470939
661.426605,0.485770
661.738577,0.500475
662.050549,0.514591
662.362521,0.527575
662.674493,0.538828
662.986465,0.547753
663.298437,0.553823
663.610409,0.556649
663.922381,0.556041
664.234353,0.552038
664.546324,0.544904
664.858296,0.535082
665.170268,0.523133
665.482240,0.509660
665.794212,0.495248
666.106184,0.480416
666.418156,0.465593
666.730128,0.451108
667.042100,0.437197
667.354072,0.424017
667.666044,0.411656
667.978016,0.400155
668.289988,0.389515
668.601959,0.379715
668.913931,0.370715
669.225903,0.362466
669.537875,0.354916
669.849847,0.348008
670.161819,0.341689
670.473791,0.335907
670.785763,0.330613
671.097735,0.325763
671.409707,0.321313
671.721679,0.317227
672.033651,0.313471
672.345623,0.310012
672.657594,0.306824
672.969566,0.303880
673.281538,0.301159
673.593510,0.298639
673.905482,0.296303
674.217454,0.294135
674.529426,0.292119
674.841398,0.290242
675.153370,0.288492
675.465342,0.286859
675.777314,0.285332
676.089286,0.283903
676.401258,0.282565
676.713229,0.281309
677.025201,0.280130
677.337173,0.279021
677.649145,0.277977
677.961117,0.276994
678.273089,0.276066
678.585061,0.275190
678.897033,0.274362
679.209005,0.273578
679.520977,0.272836
679.832949,0.272133
680.144921,0.271466
680.456893,0.270832
680.768864,0.270230
681.080836,0.269658
681.392808,0.269113
681.704780,0.268594
682.016752,0.268099
682.328724,0.267627
682.640696,0.267176
682.952668,0.266745
683.264640,0.266333
683.576612,0.265940
683.888584,0.265562
684.200556,0.265201
684.512528,0.264855
684.824499,0.264523
685.136471,0.264205
685.448443,0.263899
685.760415,0.263605
686.072387,0.263322
686.384359,0.263051
686.696331,0.262789
687.008303,0.262538
687.320275,0.262296
687.632247,0.262062
687.944219,0.261837
688.256191,0.261620
688.568163,0.261410
688.880134,0.261208
689.192106,0.261012
689.504078,0.260824
689.816050,0.260641
690.128022,0.260465
690.439994,0.260294
690.751966,0.260129
691.063938,0.259969
691.375910,0.259814
691.687882,0.259664
691.999854,0.259518
692.311826,0.259377
692.623798,0.259240
692.935769,0.259107
693.247741,0.258979
693.559713,0.258854
693.871685,0.258732
694.183657,0.258614
694.495629,0.258499
694.807601,0.258388
695.119573,0.258279
695.431545,0.258174
695.743517,0.258071
696.055489,0.257972
696.367461,0.257874
696.679433,0.257780
696.991404,0.257687
697.303376,0.257598
697.615348,0.257510
697.927320,0.257425
698.239292,0.257342
698.551264,0.257260
698.863236,0.257181
699.175208,0.257104
699.487180,0.257029
699.799152,0.256955
700.111124,0.256883
700.423096,0.256813
700.735068,0.256745
701.047039,0.256678
701.359011,0.256612
701.670983,0.256548
701.982955,0.256486
702.294927,0.256425
702.606899,0.256365
702.918871,0.256306
703.230843,0.256249
703.542815,0.256193
703.854787,0.256138
704.166759,0.256085
704.478731,0.256032
704.790703,0.255981
705.102674,0.255930
705.414646,0.255881
705.726618,0.255832
706.038590,0.255785
706.350562,0.255738
706.662534,0.255693
706.974506,0.255648
707.286478,0.255604
707.598450,0.255561
707.910422,0.255519
708.222394,0.255478
708.534366,0.255437
708.846338,0.255397
709.158309,0.255358
709.470281,0.255320
709.782253,0.255282
710.094225,0.255245
710.406197,0.255209
710.718169,0.255173
711.030141,0.255138
711.342113,0.255104
711.654085,0.255070
711.966057,0.255036
