# rshift,intensity
86.921529,0.095807
87.233245,0.095808
87.544962,0.095808
87.856678,0.095809
88.168394,0.095810
88.480110,0.095811
88.791826,0.095812
89.103542,0.095813
89.415259,0.095813
89.726975,0.095814
90.038691,0.095815
90.350407,0.095816
90.662123,0.095817
90.973839,0.095818
91.285556,0.095819
91.597272,0.095819
91.908988,0.095820
92.220704,0.095821
92.532420,0.095822
92.844136,0.095823
93.155853,0.095824
93.467569,0.095825
93.779285,0.095825
94.091001,0.095826
94.402717,0.095827
94.714433,0.095828
95.026150,0.095829
95.337866,0.095830
95.649582,0.095831
95.961298,0.095832
96.273014,0.095833
96.584730,0.095833
96.896447,0.095834
97.208163,0.095835
97.519879,0.095836
97.831595,0.095837
98.143311,0.095838
98.455027,0.095839
98.766744,0.095840
99.078460,0.095841
99.390176,0.095842
99.701892,0.095843
100.013608,0.095843
100.325324,0.095844
100.637041,0.095845
100.948757,0.095846
101.260473,0.095847
101.572189,0.095848
101.883905,0.095849
102.195621,0.095850
102.507338,0.095851
102.819054,0.095852
103.130770,0.095853
103.442486,0.095854
103.754202,0.095855
104.065918,0.095856
104.377635,0.095857
104.689351,0.095858
105.001067,0.095859
105.312783,0.095860
105.624499,0.095861
105.936215,0.095862
106.247932,0.095863
106.559648,0.095864
106.871364,0.095864
107.183080,0.095865
107.494796,0.095866
107.806512,0.095867
108.118229,0.095868
108.429945,0.095869
108.741661,0.095870
109.053377,0.095871
109.365093,0.095872
109.676809,0.095873
109.988526,0.095874
110.300242,0.095875
110.611958,0.095877
110.923674,0.095878
111.235390,0.095879
111.547107,0.095880
111.858823,0.095881
112.170539,0.095882
112.482255,0.095883
112.793971,0.095884
113.105687,0.095885
113.417404,0.095886
113.729120,0.095887
114.040836,0.095888
114.352552,0.095889
114.664268,0.095890
114.975984,0.095891
115.287701,0.095892
115.599417,0.095893
115.911133,0.095894
116.222849,0.095895
116.534565,0.095896
116.846281,0.095897
117.157998,0.095899
117.469714,0.095900
117.781430,0.095901
118.093146,0.095902
118.404862,0.095903
118.716578,0.095904
119.028295,0.095905
119.340011,0.095906
119.651727,0.095907
119.963443,0.095908
120.275159,0.095910
120.586875,0.095911
120.898592,0.095912
121.210308,0.095913
121.522024,0.095914
121.833740,0.095915
122.145456,0.095916
122.457172,0.095917
122.768889,0.095919
123.080605,0.095920
123.392321,0.095921
123.704037,0.095922
124.015753,0.095923
124.327469,0.095924
124.639186,0.095926
124.950902,0.095927
125.262618,0.095928
125.574334,0.095929
125.886050,0.095930
126.197766,0.095931
126.509483,0.095933
126.821199,0.095934
127.132915,0.095935
127.444631,0.095936
127.756347,0.095937
128.068063,0.095939
128.379780,0.095940
128.691496,0.095941
129.003212,0.095942
129.314928,0.095943
129.626644,0.095945
129.938360,0.095946
130.250077,0.095947
130.561793,0.095948
130.873509,0.095949
131.185225,0.095951
131.496941,0.095952
131.808657,0.095953
132.120374,0.095954
132.432090,0.095956
132.743806,0.095957
133.055522,0.095958
133.367238,0.095959
133.678954,0.095961
133.990671,0.095962
134.302387,0.095963
134.614103,0.095965
134.925819,0.095966
135.237535,0.095967
135.549251,0.095968
135.860968,0.095970
136.172684,0.095971
136.484400,0.095972
136.796116,0.095974
137.107832,0.095975
137.419548,0.095976
137.731265,0.095978
138.042981,0.095979
138.354697,0.095980
138.666413,0.095982
138.978129,0.095983
139.289845,0.095984
139.601562,0.095986
139.913278,0.095987
140.224994,0.095988
140.536710,0.095990
140.848426,0.095991
141.160142,0.095992
141.471859,0.095994
141.783575,0.095995
142.095291,0.095997
142.407007,0.095998
142.718723,0.095999
143.030439,0.096001
143.342156,0.096002
143.653872,0.096003
143.965588,0.096005
144.277304,0.096006
144.589020,0.096008
144.900736,0.096009
145.212453,0.096011
145.524169,0.096012
145.835885,0.096013
146.147601,0.096015
146.459317,0.096016
146.771033,0.096018
147.082750,0.096019
147.394466,0.096021
147.706182,0.096022
148.017898,0.096024
148.329614,0.096025
148.641330,0.096027
148.953047,0.096028
149.264763,0.096030
149.576479,0.096031
149.888195,0.096032
150.199911,0.096034
150.511627,0.096036
150.823344,0.096037
151.135060,0.096039
151.446776,0.096040
151.758492,0.096042
152.070208,0.096043
152.381924,0.096045
152.693641,0.096046
153.005357,0.096048
153.317073,0.096049
153.628789,0.096051
153.940505,0.096052
154.252221,0.096054
154.563938,0.096056
154.875654,0.096057
155.187370,0.096059
155.499086,0.096060
155.810802,0.096062
156.122518,0.096063
156.434235,0.096065
156.745951,0.096067
157.057667,0.096068
157.369383,0.096070
157.681099,0.096072
157.992815,0.096073
158.304532,0.096075
158.616248,0.096076
158.927964,0.096078
159.239680,0.096080
159.551396,0.096081
159.863112,0.096083
160.174829,0.096085
160.486545,0.096086
160.798261,0.096088
161.109977,0.096090
161.421693,0.096091
161.733409,0.096093
162.045126,0.096095
162.356842,0.096097
162.668558,0.096098
162.980274,0.096100
163.291990,0.096102
163.603707,0.096103
163.915423,0.096105
164.227139,0.096107
164.538855,0.096109
164.850571,0.096110
165.162287,0.096112
165.474004,0.096114
165.785720,0.096116
166.097436,0.096118
166.409152,0.096119
166.720868,0.096121
167.032584,0.096123
167.344301,0.096125
167.656017,0.096127
167.967733,0.096128
168.279449,0.096130
168.591165,0.096132
168.902881,0.096134
169.214598,0.096136
169.526314,0.096138
169.838030,0.096139
170.149746,0.096141
170.461462,0.096143
170.773178,0.096145
171.084895,0.096147
171.396611,0.096149
171.708327,0.096151
172.020043,0.096153
172.331759,0.096155
172.643475,0.096156
172.955192,0.096158
173.266908,0.096160
173.578624,0.096162
173.890340,0.096164
174.202056,0.096166
174.513772,0.096168
174.825489,0.096170
175.137205,0.096172
175.448921,0.096174
175.760637,0.096176
176.072353,0.096178
176.384069,0.096180
176.695786,0.096182
177.007502,0.096184
177.319218,0.096186
177.630934,0.096188
177.942650,0.096190
178.254366,0.096192
178.566083,0.096194
178.877799,0.096196
179.189515,0.096198
179.501231,0.096200
179.812947,0.096203
180.124663,0.096205
180.436380,0.096207
180.748096,0.096209
181.059812,0.096211
181.371528,0.096213
181.683244,0.096215
181.994960,0.096217
182.306677,0.096219
182.618393,0.096222
182.930109,0.096224
183.241825,0.096226
183.553541,0.096228
183.865257,0.096230
184.176974,0.096233
184.488690,0.096235
184.800406,0.096237
185.112122,0.096239
185.423838,0.096241
185.735554,0.096244
186.047271,0.096246
186.358987,0.096248
186.670703,0.096250
186.982419,0.096253
187.294135,0.096255
187.605851,0.096257
187.917568,0.096260
188.229284,0.096262
188.541000,0.096264
188.852716,0.096266
189.164432,0.096269
189.476148,0.096271
189.787865,0.096273
190.099581,0.096276
190.411297,0.096278
190.723013,0.096281
191.034729,0.096283
191.346445,0.096285
191.658162,0.096288
191.969878,0.096290
192.281594,0.096293
192.593310,0.096295
192.905026,0.096297
193.216742,0.096300
193.528459,0.096302
193.840175,0.096305
194.151891,0.096307
194.463607,0.096310
194.775323,0.096312
195.087039,0.096315
195.398756,0.096317
195.710472,0.096320
196.022188,0.096322
196.333904,0.096325
196.645620,0.096327
196.957336,0.096330
197.269053,0.096333
197.580769,0.096335
197.892485,0.096338
198.204201,0.096340
198.515917,0.096343
198.827633,0.096346
199.139350,0.096348
199.451066,0.096351
199.762782,0.096354
200.074498,0.096356
200.386214,0.096359
200.697930,0.096362
201.009647,0.096364
201.321363,0.096367
201.633079,0.096370
201.944795,0.096373
202.256511,0.096375
202.568227,0.096378
202.879944,0.096381
203.191660,0.096384
203.503376,0.096386
203.815092,0.096389
204.126808,0.096392
204.438524,0.096395
204.750241,0.096398
205.061957,0.096400
205.373673,0.096403
205.685389,0.096406
205.997105,0.096409
206.308821,0.096412
206.620538,0.096415
206.932254,0.096418
207.243970,0.096421
207.555686,0.096424
207.867402,0.096427
208.179118,0.096430
208.490835,0.096433
208.802551,0.096436
209.114267,0.096439
209.425983,0.096442
209.737699,0.096445
210.049415,0.096448
210.361132,0.096451
210.672848,0.096454
210.984564,0.096457
211.296280,0.096460
211.607996,0.096463
211.919712,0.096466
212.231429,0.096469
212.543145,0.096472
212.854861,0.096476
213.166577,0.096479
213.478293,0.096482
213.790009,0.096485
214.101726,0.096488
214.413442,0.096492
214.725158,0.096495
215.036874,0.096498
215.348590,0.096501
215.660307,0.096505
215.972023,0.096508
216.283739,0.096511
216.595455,0.096515
216.907171,0.096518
217.218887,0.096521
217.530604,0.096525
217.842320,0.096528
218.154036,0.096531
218.465752,0.096535
218.777468,0.096538
219.089184,0.096542
219.400901,0.096545
219.712617,0.096549
220.024333,0.096552
220.336049,0.096556
220.647765,0.096559
220.959481,0.096563
221.271198,0.096566
221.582914,0.096570
221.894630,0.096573
222.206346,0.096577
222.518062,0.096581
222.829778,0.096584
223.141495,0.096588
223.453211,0.096591
223.764927,0.096595
224.076643,0.096599
224.388359,0.096603
224.700075,0.096606
225.011792,0.096610
225.323508,0.096614
225.635224,0.096618
225.946940,0.096621
226.258656,0.096625
226.570372,0.096629
226.882089,0.096633
227.193805,0.096637
227.505521,0.096640
227.817237,0.096644
228.128953,0.096648
228.440669,0.096652
228.752386,0.096656
229.064102,0.096660
229.375818,0.096664
229.687534,0.096668
229.999250,0.096672
230.310966,0.096676
230.622683,0.096680
230.934399,0.096684
231.246115,0.096688
231.557831,0.096693
231.869547,0.096697
232.181263,0.096701
232.492980,0.096705
232.804696,0.096709
233.116412,0.096713
233.428128,0.096718
233.739844,0.096722
234.051560,0.096726
234.363277,0.096730
234.674993,0.096735
234.986709,0.096739
235.298425,0.096743
235.610141,0.096748
235.921857,0.096752
236.233574,0.096757
236.545290,0.096761
236.857006,0.096765
237.168722,0.096770
237.480438,0.096774
237.792154,0.096779
238.103871,0.096783
238.415587,0.096788
238.727303,0.096793
239.039019,0.096797
239.350735,0.096802
239.662451,0.096806
239.974168,0.096811
240.285884,0.096816
240.597600,0.096821
240.909316,0.096825
241.221032,0.096830
241.532748,0.096835
241.844465,0.096840
242.156181,0.096844
242.467897,0.096849
242.779613,0.096854
243.091329,0.096859
243.403045,0.096864
243.714762,0.096869
244.026478,0.096874
244.338194,0.096879
244.649910,0.096884
244.961626,0.096889
245.273342,0.096894
245.585059,0.096899
245.896775,0.096904
246.208491,0.096909
246.520207,0.096915
246.831923,0.096920
247.143639,0.096925
247.455356,0.096930
247.767072,0.096936
248.078788,0.096941
248.390504,0.096946
248.702220,0.096952
249.013936,0.096957
249.325653,0.096962
249.637369,0.096968
249.949085,0.096973
250.260801,0.096979
250.572517,0.096984
250.884233,0.096990
251.195950,0.096995
251.507666,0.097001
251.819382,0.097007
252.131098,0.097012
252.442814,0.097018
252.754530,0.097024
253.066247,0.097030
253.377963,0.097035
253.689679,0.097041
254.001395,0.097047
254.313111,0.097053
254.624827,0.097059
254.936544,0.097065
255.248260,0.097071
255.559976,0.097077
255.871692,0.097083
256.183408,0.097089
256.495124,0.097095
256.806841,0.097101
257.118557,0.097107
257.430273,0.097113
257.741989,0.097120
258.053705,0.097126
258.365421,0.097132
258.677138,0.097138
258.988854,0.097145
259.300570,0.097151
259.612286,0.097158
259.924002,0.097164
260.235718,0.097171
260.547435,0.097177
260.859151,0.097184
261.170867,0.097190
261.482583,0.097197
261.794299,0.097204
262.106015,0.097210
262.417732,0.097217
262.729448,0.097224
263.041164,0.097231
263.352880,0.097238
263.664596,0.097244
263.976312,0.097251
264.288029,0.097258
264.599745,0.097265
264.911461,0.097272
265.223177,0.097279
265.534893,0.097287
265.846609,0.097294
266.158326,0.097301
266.470042,0.097308
266.781758,0.097316
267.093474,0.097323
267.405190,0.097330
267.716907,0.097338
268.028623,0.097345
268.340339,0.097353
268.652055,0.097360
268.963771,0.097368
269.275487,0.097375
269.587204,0.097383
269.898920,0.097391
270.210636,0.097398
270.522352,0.097406
270.834068,0.097414
271.145784,0.097422
271.457501,0.097430
271.769217,0.097438
272.080933,0.097446
272.392649,0.097454
272.704365,0.097462
273.016081,0.097470
273.327798,0.097479
273.639514,0.097487
273.951230,0.097495
274.262946,0.097503
274.574662,0.097512
274.886378,0.097520
275.198095,0.097529
275.509811,0.097537
275.821527,0.097546
276.133243,0.097555
276.444959,0.097563
276.756675,0.097572
277.068392,0.097581
277.380108,0.097590
277.691824,0.097599
278.003540,0.097608
278.315256,0.097617
278.626972,0.097626
278.938689,0.097635
279.250405,0.097644
279.562121,0.097653
279.873837,0.097663
280.185553,0.097672
280.497269,0.097682
280.808986,0.097691
281.120702,0.097701
281.432418,0.097710
281.744134,0.097720
282.055850,0.097730
282.367566,0.097739
282.679283,0.097749
282.990999,0.097759
283.302715,0.097769
283.614431,0.097779
283.926147,0.097789
284.237863,0.097799
284.549580,0.097809
284.861296,0.097820
285.173012,0.097830
285.484728,0.097840
285.796444,0.097851
286.108160,0.097862
286.419877,0.097872
286.731593,0.097883
287.043309,0.097894
287.355025,0.097904
287.666741,0.097915
287.978457,0.097926
288.290174,0.097937
288.601890,0.097948
288.913606,0.097959
289.225322,0.097971
289.537038,0.097982
289.848754,0.097993
290.160471,0.098005
290.472187,0.098016
290.783903,0.098028
291.095619,0.098040
291.407335,0.098051
291.719051,0.098063
292.030768,0.098075
292.342484,0.098087
292.654200,0.098099
292.965916,0.098111
293.277632,0.098124
293.589348,0.098136
293.901065,0.098148
294.212781,0.098161
294.524497,0.098173
294.836213,0.098186
295.147929,0.098199
295.459645,0.098212
295.771362,0.098224
296.083078,0.098237
296.394794,0.098251
296.706510,0.098264
297.018226,0.098277
297.329942,0.098290
297.641659,0.098304
297.953375,0.098317
298.265091,0.098331
298.576807,0.098345
298.888523,0.098359
299.200239,0.098372
299.511956,0.098386
299.823672,0.098401
300.135388,0.098415
300.447104,0.098429
300.758820,0.098444
301.070536,0.098458
301.382253,0.098473
301.693969,0.098487
302.005685,0.098502
302.317401,0.098517
302.629117,0.098532
302.940833,0.098547
303.252550,0.098563
303.564266,0.098578
303.875982,0.098594
304.187698,0.098609
304.499414,0.098625
304.811130,0.098641
305.122847,0.098657
305.434563,0.098673
305.746279,0.098689
306.057995,0.098705
306.369711,0.098721
306.681427,0.098738
306.993144,0.098755
307.304860,0.098771
307.616576,0.098788
307.928292,0.098805
308.240008,0.098823
308.551724,0.098840
308.863441,0.098857
309.175157,0.098875
309.486873,0.098892
309.798589,0.098910
310.110305,0.098928
310.422021,0.098946
310.733738,0.098965
311.045454,0.098983
311.357170,0.099001
311.668886,0.099020
311.980602,0.099039
312.292318,0.099058
312.604035,0.099077
312.915751,0.099096
313.227467,0.099115
313.539183,0.099135
313.850899,0.099155
314.162615,0.099174
314.474332,0.099194
314.786048,0.099215
315.097764,0.099235
315.409480,0.099255
315.721196,0.099276
316.032912,0.099297
316.344629,0.099318
316.656345,0.099339
316.968061,0.099360
317.279777,0.099382
317.591493,0.099403
317.903209,0.099425
318.214926,0.099447
318.526642,0.099469
318.838358,0.099492
319.150074,0.099514
319.461790,0.099537
319.773507,0.099560
320.085223,0.099583
320.396939,0.099606
320.708655,0.099630
321.020371,0.099653
321.332087,0.099677
321.643804,0.099701
321.955520,0.099726
322.267236,0.099750
322.578952,0.099775
322.890668,0.099800
323.202384,0.099825
323.514101,0.099850
323.825817,0.099876
324.137533,0.099902
324.449249,0.099928
324.760965,0.099954
325.072681,0.099980
325.384398,0.100007
325.696114,0.100034
326.007830,0.100061
326.319546,0.100088
326.631262,0.100116
326.942978,0.100144
327.254695,0.100172
327.566411,0.100200
327.878127,0.100229
328.189843,0.100258
328.501559,0.100287
328.813275,0.100316
329.124992,0.100346
329.436708,0.100376
329.748424,0.100406
330.060140,0.100436
330.371856,0.100467
330.683572,0.100498
330.995289,0.100529
331.307005,0.100561
331.618721,0.100593
331.930437,0.100625
332.242153,0.100658
332.553869,0.100690
332.865586,0.100723
333.177302,0.100757
333.489018,0.100790
333.800734,0.100824
334.112450,0.100859
334.424166,0.100893
334.735883,0.100928
335.047599,0.100964
335.359315,0.100999
335.671031,0.101035
335.982747,0.101072
336.294463,0.101108
336.606180,0.101145
336.917896,0.101183
337.229612,0.101221
337.541328,0.101259
337.853044,0.101297
338.164760,0.101336
338.476477,0.101375
338.788193,0.101415
339.099909,0.101455
339.411625,0.101496
339.723341,0.101536
340.035057,0.101578
340.346774,0.101619
340.658490,0.101662
340.970206,0.101704
341.281922,0.101747
341.593638,0.101790
341.905354,0.101834
342.217071,0.101879
342.528787,0.101923
342.840503,0.101969
343.152219,0.102014
343.463935,0.102060
343.775651,0.102107
344.087368,0.102154
344.399084,0.102202
344.710800,0.102250
345.022516,0.102299
345.334232,0.102348
345.645948,0.102397
345.957665,0.102448
346.269381,0.102498
346.581097,0.102550
346.892813,0.102601
347.204529,0.102654
347.516245,0.102707
347.827962,0.102760
348.139678,0.102815
348.451394,0.102869
348.763110,0.102925
349.074826,0.102981
349.386542,0.103037
349.698259,0.103094
350.009975,0.103152
350.321691,0.103211
350.633407,0.103270
350.945123,0.103330
351.256839,0.103390
351.568556,0.103452
351.880272,0.103513
352.191988,0.103576
352.503704,0.103639
352.815420,0.103704
353.127136,0.103768
353.438853,0.103834
353.750569,0.103900
354.062285,0.103968
354.374001,0.104035
354.685717,0.104104
354.997433,0.104174
355.309150,0.104244
355.620866,0.104315
355.932582,0.104387
356.244298,0.104460
356.556014,0.104534
356.867730,0.104609
357.179447,0.104685
357.491163,0.104761
357.802879,0.104839
358.114595,0.104917
358.426311,0.104997
358.738027,0.105077
359.049744,0.105159
359.361460,0.105241
359.673176,0.105325
359.984892,0.105410
360.296608,0.105495
360.608324,0.105582
360.920041,0.105670
361.231757,0.105759
361.543473,0.105849
361.855189,0.105941
362.166905,0.106033
362.478621,0.106127
362.790338,0.106222
363.102054,0.106318
363.413770,0.106416
363.725486,0.106515
364.037202,0.106615
364.348918,0.106716
364.660635,0.106819
364.972351,0.106923
365.284067,0.107029
365.595783,0.107136
365.907499,0.107245
366.219215,0.107355
366.530932,0.107467
366.842648,0.107580
367.154364,0.107695
367.466080,0.107811
367.777796,0.107929
368.089512,0.108049
368.401229,0.108171
368.712945,0.108294
369.024661,0.108419
369.336377,0.108546
369.648093,0.108674
369.959809,0.108805
370.271526,0.108937
370.583242,0.109072
370.894958,0.109208
371.206674,0.109346
371.518390,0.109487
371.830107,0.109629
372.141823,0.109774
372.453539,0.109921
372.765255,0.110070
373.076971,0.110222
373.388687,0.110376
373.700404,0.110532
374.012120,0.110690
374.323836,0.110851
374.635552,0.111015
374.947268,0.111181
375.258984,0.111350
375.570701,0.111521
375.882417,0.111695
376.194133,0.111872
376.505849,0.112052
376.817565,0.112235
377.129281,0.112421
377.440998,0.112610
377.752714,0.112802
378.064430,0.112997
378.376146,0.113195
378.687862,0.113397
378.999578,0.113602
379.311295,0.113810
379.623011,0.114023
379.934727,0.114238
380.246443,0.114458
380.558159,0.114681
380.869875,0.114908
381.181592,0.115139
381.493308,0.115374
381.805024,0.115613
382.116740,0.115857
382.428456,0.116105
382.740172,0.116357
383.051889,0.116614
383.363605,0.116875
383.675321,0.117142
383.987037,0.117413
384.298753,0.117689
384.610469,0.117970
384.922186,0.118257
385.233902,0.118549
385.545618,0.118846
385.857334,0.119149
386.169050,0.119458
386.480766,0.119773
386.792483,0.120093
387.104199,0.120420
387.415915,0.120754
387.727631,0.121094
388.039347,0.121440
388.351063,0.121794
388.662780,0.122154
388.974496,0.122522
389.286212,0.122897
389.597928,0.123280
389.909644,0.123671
390.221360,0.124069
390.533077,0.124476
390.844793,0.124892
391.156509,0.125316
391.468225,0.125749
391.779941,0.126191
392.091657,0.126642
392.403374,0.127103
392.715090,0.127574
393.026806,0.128056
393.338522,0.128548
393.650238,0.129050
393.961954,0.129564
394.273671,0.130089
394.585387,0.130626
394.897103,0.131175
395.208819,0.131736
395.520535,0.132310
395.832251,0.132897
396.143968,0.133498
396.455684,0.134113
396.767400,0.134742
397.079116,0.135386
397.390832,0.136044
397.702548,0.136719
398.014265,0.137410
398.325981,0.138117
398.637697,0.138841
398.949413,0.139583
399.261129,0.140343
399.572845,0.141122
399.884562,0.141920
400.196278,0.142738
400.507994,0.143576
400.819710,0.144436
401.131426,0.145317
401.443142,0.146221
401.754859,0.147147
402.066575,0.148098
402.378291,0.149074
402.690007,0.150075
403.001723,0.151102
403.313439,0.152156
403.625156,0.153238
403.936872,0.154349
404.248588,0.155490
404.560304,0.156661
404.872020,0.157864
405.183736,0.159100
405.495453,0.160370
405.807169,0.161674
406.118885,0.163015
406.430601,0.164393
406.742317,0.165809
407.054033,0.167264
407.365750,0.168761
407.677466,0.170300
407.989182,0.171882
408.300898,0.173509
408.612614,0.175183
408.924330,0.176904
409.236047,0.178674
409.547763,0.180496
409.859479,0.182370
410.171195,0.184297
410.482911,0.186281
410.794627,0.188322
411.106344,0.190422
411.418060,0.192582
411.729776,0.194805
412.041492,0.197092
412.353208,0.199445
412.664924,0.201866
412.976641,0.204357
413.288357,0.206918
413.600073,0.209553
413.911789,0.212262
414.223505,0.215048
414.535221,0.217911
414.846938,0.220854
415.158654,0.223878
415.470370,0.226984
415.782086,0.230174
416.093802,0.233448
416.405518,0.236808
416.717235,0.240253
417.028951,0.243785
417.340667,0.247404
417.652383,0.251110
417.964099,0.254901
418.275815,0.258778
418.587532,0.262739
418.899248,0.266782
419.210964,0.270905
419.522680,0.275105
419.834396,0.279380
420.146112,0.283724
420.457829,0.288133
420.769545,0.292601
421.081261,0.297123
421.392977,0.301690
421.704693,0.306295
422.016409,0.310928
422.328126,0.315579
422.639842,0.320238
422.951558,0.324892
423.263274,0.329527
423.574990,0.334130
423.886707,0.338686
424.198423,0.343178
424.510139,0.347590
424.821855,0.351903
425.133571,0.356100
425.445287,0.360162
425.757004,0.364068
426.068720,0.367801
426.380436,0.371340
426.692152,0.374666
427.003868,0.377761
427.315584,0.380606
427.627301,0.383184
427.939017,0.385479
428.250733,0.387477
428.562449,0.389165
428.874165,0.390531
429.185881,0.391568
429.497598,0.392267
429.809314,0.392625
430.121030,0.392640
430.432746,0.392310
430.744462,0.391641
431.056178,0.390636
431.367895,0.389302
431.679611,0.387651
431.991327,0.385692
432.303043,0.383440
432.614759,0.380909
432.926475,0.378116
433.238192,0.375078
433.549908,0.371814
433.861624,0.368342
434.173340,0.364683
434.485056,0.360856
434.796772,0.356880
435.108489,0.352776
435.420205,0.348561
435.731921,0.344255
436.043637,0.339876
436.355353,0.335440
436.667069,0.330964
436.978786,0.326462
437.290502,0.321951
437.602218,0.317442
437.913934,0.312948
438.225650,0.308481
438.537366,0.304051
438.849083,0.299667
439.160799,0.295339
439.472515,0.291073
439.784231,0.286877
440.095947,0.282758
440.407663,0.278719
440.719380,0.274768
441.031096,0.270907
441.342812,0.267141
441.654528,0.263473
441.966244,0.259905
442.277960,0.256442
442.589677,0.253084
442.901393,0.249835
443.213109,0.246696
443.524825,0.243670
443.836541,0.240757
444.148257,0.237961
444.459974,0.235284
444.771690,0.232726
445.083406,0.230291
445.395122,0.227981
445.706838,0.225798
446.018554,0.223746
446.330271,0.221827
446.641987,0.220045
446.953703,0.218402
447.265419,0.216901
447.577135,0.215545
447.888851,0.214335
448.200568,0.213274
448.512284,0.212359
448.824000,0.211587
449.135716,0.210952
449.447432,0.210443
449.759148,0.210044
450.070865,0.209731
450.382581,0.209474
450.694297,0.209236
451.006013,0.208971
451.317729,0.208629
451.629445,0.208156
451.941162,0.207499
452.252878,0.206613
452.564594,0.205464
452.876310,0.204033
453.188026,0.202318
453.499742,0.200338
453.811459,0.198124
454.123175,0.195721
454.434891,0.193179
454.746607,0.190548
455.058323,0.187876
455.370039,0.185207
455.681756,0.182574
455.993472,0.180006
456.305188,0.177522
456.616904,0.175136
456.928620,0.172856
457.240336,0.170686
457.552053,0.168627
457.863769,0.166676
458.175485,0.164832
458.487201,0.163090
458.798917,0.161444
459.110633,0.159889
459.422350,0.158421
459.734066,0.157034
460.045782,0.155723
460.357498,0.154484
460.669214,0.153312
460.980930,0.152202
461.292647,0.151152
461.604363,0.150157
461.916079,0.149215
462.227795,0.148322
462.539511,0.147477
462.851227,0.146676
463.162944,0.145918
463.474660,0.145201
463.786376,0.144523
464.098092,0.143883
464.409808,0.143278
464.721524,0.142709
465.033241,0.142174
465.344957,0.141673
465.656673,0.141203
465.968389,0.140766
466.280105,0.140360
466.591821,0.139986
466.903538,0.139642
467.215254,0.139329
467.526970,0.139047
467.838686,0.138796
468.150402,0.138577
468.462118,0.138388
468.773835,0.138232
469.085551,0.138109
469.397267,0.138020
469.708983,0.137965
470.020699,0.137945
470.332415,0.137962
470.644132,0.138017
470.955848,0.138113
471.267564,0.138249
471.579280,0.138430
471.890996,0.138656
472.202712,0.138931
472.514429,0.139257
472.826145,0.139638
473.137861,0.140076
473.449577,0.140576
473.761293,0.141143
474.073009,0.141780
474.384726,0.142494
474.696442,0.143289
475.008158,0.144174
475.319874,0.145154
475.631590,0.146238
475.943307,0.147434
476.255023,0.148753
476.566739,0.150205
476.878455,0.151802
477.190171,0.153557
477.501887,0.155484
477.813604,0.157599
478.125320,0.159918
478.437036,0.162459
478.748752,0.165240
479.060468,0.168283
479.372184,0.171607
479.683901,0.175232
479.995617,0.179177
480.307333,0.183460
480.619049,0.188093
480.930765,0.193083
481.242481,0.198429
481.554198,0.204115
481.865914,0.210111
482.177630,0.216363
482.489346,0.222792
482.801062,0.229290
483.112778,0.235714
483.424495,0.241887
483.736211,0.247608
484.047927,0.252655
484.359643,0.256803
484.671359,0.259847
484.983075,0.261620
485.294792,0.262018
485.606508,0.261007
485.918224,0.258636
486.229940,0.255023
486.541656,0.250344
486.853372,0.244810
487.165089,0.238646
487.476805,0.232071
487.788521,0.225283
488.100237,0.218451
488.411953,0.211711
488.723669,0.205164
489.035386,0.198886
489.347102,0.192923
489.658818,0.187303
489.970534,0.182037
490.282250,0.177127
490.593966,0.172562
490.905683,0.168329
491.217399,0.164411
491.529115,0.160787
491.840831,0.157437
492.152547,0.154341
492.464263,0.151480
492.775980,0.148833
493.087696,0.146384
493.399412,0.144116
493.711128,0.142013
494.022844,0.140061
494.334560,0.138247
494.646277,0.136560
494.957993,0.134989
495.269709,0.133524
495.581425,0.132157
495.893141,0.130878
496.204857,0.129681
496.516574,0.128559
496.828290,0.127507
497.140006,0.126518
497.451722,0.125589
497.763438,0.124713
498.075154,0.123888
498.386871,0.123109
498.698587,0.122373
499.010303,0.121677
499.322019,0.121018
499.633735,0.120394
499.945451,0.119802
500.257168,0.119239
500.568884,0.118705
500.880600,0.118197
501.192316,0.117714
501.504032,0.117253
501.815748,0.116814
502.127465,0.116395
502.439181,0.115995
502.750897,0.115613
503.062613,0.115248
503.374329,0.114898
503.686045,0.114564
503.997762,0.114244
504.309478,0.113937
504.621194,0.113643
504.932910,0.113361
505.244626,0.113091
505.556342,0.112831
505.868059,0.112582
506.179775,0.112343
506.491491,0.112113
506.803207,0.111892
507.114923,0.111680
507.426639,0.111476
507.738356,0.111280
508.050072,0.111092
508.361788,0.110910
508.673504,0.110736
508.985220,0.110569
509.296936,0.110407
509.608653,0.110253
509.920369,0.110104
510.232085,0.109961
510.543801,0.109824
510.855517,0.109692
511.167233,0.109566
511.478950,0.109445
511.790666,0.109329
512.102382,0.109218
512.414098,0.109111
512.725814,0.109010
513.037530,0.108913
513.349247,0.108820
513.660963,0.108732
513.972679,0.108649
514.284395,0.108569
514.596111,0.108494
514.907827,0.108424
515.219544,0.108357
515.531260,0.108295
515.842976,0.108237
516.154692,0.108183
516.466408,0.108133
516.778124,0.108088
517.089841,0.108046
517.401557,0.108009
517.713273,0.107976
518.024989,0.107947
518.336705,0.107923
518.648421,0.107902
518.960138,0.107887
519.271854,0.107876
519.583570,0.107869
519.895286,0.107868
520.207002,0.107871
520.518718,0.107879
520.830435,0.107892
521.142151,0.107910
521.453867,0.107934
521.765583,0.107964
522.077299,0.107999
522.389015,0.108041
522.700732,0.108088
523.012448,0.108142
523.324164,0.108204
523.635880,0.108272
523.947596,0.108348
524.259312,0.108431
524.571029,0.108523
524.882745,0.108624
525.194461,0.108733
525.506177,0.108852
525.817893,0.108982
526.129609,0.109122
526.441326,0.109273
526.753042,0.109436
527.064758,0.109612
527.376474,0.109800
527.688190,0.110003
527.999907,0.110220
528.311623,0.110452
528.623339,0.110700
528.935055,0.110964
529.246771,0.111246
529.558487,0.111545
529.870204,0.111863
530.181920,0.112198
530.493636,0.112552
530.805352,0.112924
531.117068,0.113313
531.428784,0.113718
531.740501,0.114138
532.052217,0.114570
532.363933,0.115012
532.675649,0.115459
532.987365,0.115909
533.299081,0.116355
533.610798,0.116793
533.922514,0.117216
534.234230,0.117619
534.545946,0.117995
534.857662,0.118338
535.169378,0.118645
535.481095,0.118911
535.792811,0.119135
536.104527,0.119316
536.416243,0.119456
536.727959,0.119558
537.039675,0.119626
537.351392,0.119666
537.663108,0.119686
537.974824,0.119692
538.286540,0.119692
538.598256,0.119694
538.909972,0.119703
539.221689,0.119727
539.533405,0.119771
539.845121,0.119840
540.156837,0.119939
540.468553,0.120072
540.780269,0.120242
541.091986,0.120453
541.403702,0.120707
541.715418,0.121006
542.027134,0.121354
542.338850,0.121752
542.650566,0.122202
542.962283,0.122707
543.273999,0.123269
543.585715,0.123891
543.897431,0.124576
544.209147,0.125326
544.520863,0.126144
544.832580,0.127033
545.144296,0.127997
545.456012,0.129040
545.767728,0.130164
546.079444,0.131374
546.391160,0.132673
546.702877,0.134064
547.014593,0.135552
547.326309,0.137139
547.638025,0.138828
547.949741,0.140619
548.261457,0.142514
548.573174,0.144511
548.884890,0.146608
549.196606,0.148799
549.508322,0.151076
549.820038,0.153428
550.131754,0.155839
550.443471,0.158290
550.755187,0.160756
551.066903,0.163207
551.378619,0.165609
551.690335,0.167922
552.002051,0.170104
552.313768,0.172110
552.625484,0.173892
552.937200,0.175406
553.248916,0.176610
553.560632,0.177469
553.872348,0.177957
554.184065,0.178058
554.495781,0.177767
554.807497,0.177091
555.119213,0.176049
555.430929,0.174669
555.742645,0.172989
556.054362,0.171051
556.366078,0.168900
556.677794,0.166582
556.989510,0.164142
557.301226,0.161623
557.612942,0.159061
557.924659,0.156491
558.236375,0.153940
558.548091,0.151431
558.859807,0.148984
559.171523,0.146611
559.483239,0.144324
559.794956,0.142129
560.106672,0.140031
560.418388,0.138032
560.730104,0.136132
561.041820,0.134330
561.353536,0.132625
561.665253,0.131012
561.976969,0.129488
562.288685,0.128051
562.600401,0.126695
562.912117,0.125416
563.223833,0.124210
563.535550,0.123074
563.847266,0.122002
564.158982,0.120992
564.470698,0.120039
564.782414,0.119139
565.094130,0.118291
565.405847,0.117489
565.717563,0.116732
566.029279,0.116016
566.340995,0.115339
566.652711,0.114698
566.964427,0.114092
567.276144,0.113517
567.587860,0.112972
567.899576,0.112455
568.211292,0.111965
568.523008,0.111499
568.834724,0.111056
569.146441,0.110635
569.458157,0.110235
569.769873,0.109853
570.081589,0.109490
570.393305,0.109144
570.705021,0.108814
571.016738,0.108500
571.328454,0.108199
571.640170,0.107912
571.951886,0.107638
572.263602,0.107376
572.575318,0.107125
572.887035,0.106886
573.198751,0.106656
573.510467,0.106436
573.822183,0.106226
574.133899,0.106024
574.445615,0.105831
574.757332,0.105645
575.069048,0.105467
575.380764,0.105296
575.692480,0.105133
576.004196,0.104975
576.315912,0.104824
576.627629,0.104679
576.939345,0.104540
577.251061,0.104406
577.562777,0.104277
577.874493,0.104154
578.186209,0.104035
578.497926,0.103921
578.809642,0.103811
579.121358,0.103706
579.433074,0.103605
579.744790,0.103507
580.056507,0.103414
580.368223,0.103324
580.679939,0.103238
580.991655,0.103155
581.303371,0.103076
581.615087,0.103000
581.926804,0.102927
582.238520,0.102857
582.550236,0.102790
582.861952,0.102726
583.173668,0.102664
583.485384,0.102606
583.797101,0.102550
584.108817,0.102497
584.420533,0.102447
584.732249,0.102399
585.043965,0.102353
585.355681,0.102310
585.667398,0.102270
585.979114,0.102232
586.290830,0.102196
586.602546,0.102163
586.914262,0.102131
587.225978,0.102103
587.537695,0.102076
587.849411,0.102052
588.161127,0.102030
588.472843,0.102011
588.784559,0.101994
589.096275,0.101979
589.407992,0.101966
589.719708,0.101956
590.031424,0.101948
590.343140,0.101943
590.654856,0.101940
590.966572,0.101939
591.278289,0.101941
591.590005,0.101946
591.901721,0.101953
592.213437,0.101963
592.525153,0.101976
592.836869,0.101992
593.148586,0.102011
593.460302,0.102032
593.772018,0.102057
594.083734,0.102085
594.395450,0.102117
594.707166,0.102152
595.018883,0.102190
595.330599,0.102233
595.642315,0.102279
595.954031,0.102330
596.265747,0.102385
596.577463,0.102445
596.889180,0.102509
597.200896,0.102579
597.512612,0.102653
597.824328,0.102734
598.136044,0.102820
598.447760,0.102913
598.759477,0.103013
599.071193,0.103120
599.382909,0.103234
599.694625,0.103357
600.006341,0.103488
600.318057,0.103628
600.629774,0.103779
600.941490,0.103940
601.253206,0.104112
601.564922,0.104297
601.876638,0.104495
602.188354,0.104707
602.500071,0.104935
602.811787,0.105179
603.123503,0.105441
603.435219,0.105723
603.746935,0.106026
604.058651,0.106352
604.370368,0.106703
604.682084,0.107081
604.993800,0.107489
605.305516,0.107930
605.617232,0.108405
605.928948,0.108920
606.240665,0.109476
606.552381,0.110079
606.864097,0.110733
607.175813,0.111441
607.487529,0.112209
607.799245,0.113044
608.110962,0.113949
608.422678,0.114932
608.734394,0.115998
609.046110,0.117153
609.357826,0.118404
609.669542,0.119755
609.981259,0.121211
610.292975,0.122774
610.604691,0.124443
610.916407,0.126214
611.228123,0.128078
611.539839,0.130020
611.851556,0.132018
612.163272,0.134037
612.474988,0.136038
612.786704,0.137967
613.098420,0.139765
613.410136,0.141365
613.721853,0.142701
614.033569,0.143708
614.345285,0.144336
614.657001,0.144552
614.968717,0.144343
615.280433,0.143721
615.592150,0.142720
615.903866,0.141391
616.215582,0.139797
616.527298,0.138005
616.839014,0.136081
617.150730,0.134086
617.462447,0.132071
617.774163,0.130080
618.085879,0.128143
618.397595,0.126284
618.709311,0.124518
619.021027,0.122855
619.332744,0.121299
619.644460,0.119849
619.956176,0.118504
620.267892,0.117260
620.579608,0.116111
620.891324,0.115052
621.203041,0.114077
621.514757,0.113179
621.826473,0.112353
622.138189,0.111593
622.449905,0.110893
622.761621,0.110249
623.073338,0.109655
623.385054,0.109108
623.696770,0.108604
624.008486,0.108139
624.320202,0.107710
624.631918,0.107314
624.943635,0.106947
625.255351,0.106609
625.567067,0.106296
625.878783,0.106007
626.190499,0.105739
626.502215,0.105492
626.813932,0.105263
627.125648,0.105052
627.437364,0.104856
627.749080,0.104676
628.060796,0.104510
628.372512,0.104357
628.684229,0.104216
628.995945,0.104086
629.307661,0.103968
629.619377,0.103859
629.931093,0.103761
630.242809,0.103671
630.554526,0.103591
630.866242,0.103518
631.177958,0.103454
631.489674,0.103397
631.801390,0.103347
632.113107,0.103305
632.424823,0.103269
632.736539,0.103241
633.048255,0.103218
633.359971,0.103202
633.671687,0.103192
633.983404,0.103188
634.295120,0.103189
634.606836,0.103197
634.918552,0.103211
635.230268,0.103230
635.541984,0.103255
635.853701,0.103286
636.165417,0.103322
636.477133,0.103364
636.788849,0.103412
637.100565,0.103466
637.412281,0.103527
637.723998,0.103593
638.035714,0.103665
638.347430,0.103744
638.659146,0.103829
638.970862,0.103921
639.282578,0.104019
639.594295,0.104125
639.906011,0.104238
640.217727,0.104359
640.529443,0.104487
640.841159,0.104624
641.152875,0.104769
641.464592,0.104923
641.776308,0.105086
642.088024,0.105259
642.399740,0.105442
642.711456,0.105636
643.023172,0.105841
643.334889,0.106057
643.646605,0.106286
643.958321,0.106528
644.270037,0.106784
644.581753,0.107054
644.893469,0.107340
645.205186,0.107642
645.516902,0.107961
645.828618,0.108298
646.140334,0.108655
646.452050,0.109033
646.763766,0.109432
647.075483,0.109855
647.387199,0.110304
647.698915,0.110778
648.010631,0.111282
648.322347,0.111816
648.634063,0.112382
648.945780,0.112983
649.257496,0.113622
649.569212,0.114301
649.880928,0.115022
650.192644,0.115790
650.504360,0.116607
650.816077,0.117476
651.127793,0.118403
651.439509,0.119390
651.751225,0.120442
652.062941,0.121563
652.374657,0.122760
652.686374,0.124035
652.998090,0.125396
653.309806,0.126846
653.621522,0.128392
653.933238,0.130039
654.244954,0.131792
654.556671,0.133655
654.868387,0.135634
655.180103,0.137730
655.491819,0.139947
655.803535,0.142283
656.115251,0.144738
656.426968,0.147304
656.738684,0.149974
657.050400,0.152734
657.362116,0.155565
657.673832,0.158443
657.985548,0.161336
658.297265,0.164207
658.608981,0.167009
658.920697,0.169693
659.232413,0.172200
659.544129,0.174473
659.855845,0.176452
660.167562,0.178080
660.479278,0.179307
660.790994,0.180092
661.102710,0.180411
661.414426,0.180250
661.726142,0.179616
662.037859,0.178529
662.349575,0.177024
662.661291,0.175150
662.973007,0.172959
663.284723,0.170511
663.596439,0.167866
663.908156,0.165081
664.219872,0.162209
664.531588,0.159299
664.843304,0.156391
665.155020,0.153518
665.466736,0.150708
665.778453,0.147982
666.090169,0.145354
666.401885,0.142836
666.713601,0.140434
667.025317,0.138152
667.337033,0.135989
667.648750,0.133945
667.960466,0.132017
668.272182,0.130202
668.583898,0.128494
668.895614,0.126888
669.207330,0.125380
669.519047,0.123964
669.830763,0.122635
670.142479,0.121387
670.454195,0.120214
670.765911,0.119113
671.077627,0.118079
671.389344,0.117106
671.701060,0.116192
672.012776,0.115331
672.324492,0.114521
672.636208,0.113757
672.947924,0.113037
673.259641,0.112358
673.571357,0.111717
673.883073,0.111111
674.194789,0.110539
674.506505,0.109997
674.818221,0.109484
675.129938,0.108998
675.441654,0.108537
675.753370,0.108100
676.065086,0.107685
676.376802,0.107290
676.688518,0.106915
677.000235,0.106558
677.311951,0.106218
677.623667,0.105894
677.935383,0.105586
678.247099,0.105291
678.558815,0.105010
678.870532,0.104742
679.182248,0.104485
679.493964,0.104239
679.805680,0.104004
680.117396,0.103780
680.429112,0.103564
680.740829,0.103357
681.052545,0.103159
681.364261,0.102969
681.675977,0.102787
681.987693,0.102611
682.299409,0.102443
682.611126,0.102281
682.922842,0.102125
683.234558,0.101975
683.546274,0.101830
683.857990,0.101691
684.169707,0.101557
684.481423,0.101427
684.793139,0.101302
685.104855,0.101182
685.416571,0.101065
685.728287,0.100953
686.040004,0.100844
686.351720,0.100739
686.663436,0.100638
686.975152,0.100540
687.286868,0.100444
687.598584,0.100352
687.910301,0.100263
688.222017,0.100177
688.533733,0.100093
688.845449,0.100012
689.157165,0.099933
689.468881,0.099857
689.780598,0.099783
690.092314,0.099711
690.404030,0.099641
690.715746,0.099573
691.027462,0.099507
691.339178,0.099443
691.650895,0.099380
691.962611,0.099320
692.274327,0.099261
692.586043,0.099203
692.897759,0.099147
693.209475,0.099093
693.521192,0.099040
693.832908,0.098988
694.144624,0.098938
694.456340,0.098889
694.768056,0.098841
695.079772,0.098794
695.391489,0.098749
695.703205,0.098705
696.014921,0.098661
696.326637,0.098619
696.638353,0.098578
696.950069,0.098537
697.261786,0.098498
697.573502,0.098460
697.885218,0.098422
698.196934,0.098385
698.508650,0.098349
698.820366,0.098314
699.132083,0.098280
699.443799,0.098247
699.755515,0.098214
700.067231,0.098182
700.378947,0.098150
700.690663,0.098119
701.002380,0.098089
701.314096,0.098060
701.625812,0.098031
701.937528,0.098002
702.249244,0.097975
702.560960,0.097948
702.872677,0.097921
703.184393,0.097895
703.496109,0.097869
703.807825,0.097844
704.119541,0.097819
704.431257,0.097795
704.742974,0.097772
705.054690,0.097748
705.366406,0.097726
705.678122,0.097703
705.989838,0.097681
706.301554,0.097660
706.613271,0.097638
706.924987,0.097618
707.236703,0.097597
707.548419,0.097577
707.860135,0.097557
708.171851,0.097538
708.483568,0.097519
708.795284,0.097500
709.107000,0.097482
709.418716,0.097464
709.730432,0.097446
710.042148,0.097428
710.353865,0.097411
710.665581,0.097394
710.977297,0.097378
711.289013,0.097361
711.600729,0.097345
