# rshift,intensity
76.786304,0.100028
77.098422,0.100028
77.410539,0.100029
77.722657,0.100030
78.034774,0.100031
78.346891,0.100032
78.659009,0.100033
78.971126,0.100033
79.283244,0.100034
79.595361,0.100035
79.907478,0.100036
80.219596,0.100037
80.531713,0.100038
80.843831,0.100039
81.155948,0.100039
81.468065,0.100040
81.780183,0.100041
82.092300,0.100042
82.404418,0.100043
82.716535,0.100044
83.028652,0.100045
83.340770,0.100045
83.652887,0.100046
83.965004,0.100047
84.277122,0.100048
84.589239,0.100049
84.901357,0.100050
85.213474,0.100051
85.525591,0.100052
85.837709,0.100052
86.149826,0.100053
86.461944,0.100054
86.774061,0.100055
87.086178,0.100056
87.398296,0.100057
87.710413,0.100058
88.022531,0.100059
88.334648,0.100060
88.646765,0.100061
88.958883,0.100062
89.271000,0.100062
89.583118,0.100063
89.895235,0.100064
90.207352,0.100065
90.519470,0.100066
90.831587,0.100067
91.143705,0.100068
91.455822,0.100069
91.767939,0.100070
92.080057,0.100071
92.392174,0.100072
92.704292,0.100073
93.016409,0.100074
93.328526,0.100075
93.640644,0.100076
93.952761,0.100076
94.264879,0.100077
94.576996,0.100078
94.889113,0.100079
95.201231,0.100080
95.513348,0.100081
95.825466,0.100082
96.137583,0.100083
96.449700,0.100084
96.761818,0.100085
97.073935,0.100086
97.386053,0.100087
97.698170,0.100088
98.010287,0.100089
98.322405,0.100090
98.634522,0.100091
98.946640,0.100092
99.258757,0.100093
99.570874,0.100094
99.882992,0.100095
100.195109,0.100096
100.507227,0.100097
100.819344,0.100098
101.131461,0.100099
101.443579,0.100100
101.755696,0.100101
102.067814,0.100102
102.379931,0.100103
102.692048,0.100104
103.004166,0.100105
103.316283,0.100106
103.628401,0.100107
103.940518,0.100108
104.252635,0.100110
104.564753,0.100111
104.876870,0.100112
105.188988,0.100113
105.501105,0.100114
105.813222,0.100115
106.125340,0.100116
106.437457,0.100117
106.749575,0.100118
107.061692,0.100119
107.373809,0.100120
107.685927,0.100121
107.998044,0.100122
108.310162,0.100123
108.622279,0.100124
108.934396,0.100126
109.246514,0.100127
109.558631,0.100128
109.870749,0.100129
110.182866,0.100130
110.494983,0.100131
110.807101,0.100132
111.119218,0.100133
111.431336,0.100134
111.743453,0.100136
112.055570,0.100137
112.367688,0.100138
112.679805,0.100139
112.991922,0.100140
113.304040,0.100141
113.616157,0.100142
113.928275,0.100143
114.240392,0.100145
114.552509,0.100146
114.864627,0.100147
115.176744,0.100148
115.488862,0.100149
115.800979,0.100150
116.113096,0.100152
116.425214,0.100153
116.737331,0.100154
117.049449,0.100155
117.361566,0.100156
117.673683,0.100157
117.985801,0.100159
118.297918,0.100160
118.610036,0.100161
118.922153,0.100162
119.234270,0.100163
119.546388,0.100165
119.858505,0.100166
120.170623,0.100167
120.482740,0.100168
120.794857,0.100170
121.106975,0.100171
121.419092,0.100172
121.731210,0.100173
122.043327,0.100174
122.355444,0.100176
122.667562,0.100177
122.979679,0.100178
123.291797,0.100179
123.603914,0.100181
123.916031,0.100182
124.228149,0.100183
124.540266,0.100184
124.852384,0.100186
125.164501,0.100187
125.476618,0.100188
125.788736,0.100190
126.100853,0.100191
126.412971,0.100192
126.725088,0.100193
127.037205,0.100195
127.349323,0.100196
127.661440,0.100197
127.973558,0.100199
128.285675,0.100200
128.597792,0.100201
128.909910,0.100203
129.222027,0.100204
129.534145,0.100205
129.846262,0.100207
130.158379,0.100208
130.470497,0.100209
130.782614,0.100211
131.094732,0.100212
131.406849,0.100213
131.718966,0.100215
132.031084,0.100216
132.343201,0.100217
132.655319,0.100219
132.967436,0.100220
133.279553,0.100221
133.591671,0.100223
133.903788,0.100224
134.215906,0.100226
134.528023,0.100227
134.840140,0.100228
135.152258,0.100230
135.464375,0.100231
135.776493,0.100233
136.088610,0.100234
136.400727,0.100235
136.712845,0.100237
137.024962,0.100238
137.337080,0.100240
137.649197,0.100241
137.961314,0.100243
138.273432,0.100244
138.585549,0.100246
138.897667,0.100247
139.209784,0.100248
139.521901,0.100250
139.834019,0.100251
140.146136,0.100253
140.458254,0.100254
140.770371,0.100256
141.082488,0.100257
141.394606,0.100259
141.706723,0.100260
142.018840,0.100262
142.330958,0.100263
142.643075,0.100265
142.955193,0.100266
143.267310,0.100268
143.579427,0.100269
143.891545,0.100271
144.203662,0.100272
144.515780,0.100274
144.827897,0.100276
145.140014,0.100277
145.452132,0.100279
145.764249,0.100280
146.076367,0.100282
146.388484,0.100283
146.700601,0.100285
147.012719,0.100286
147.324836,0.100288
147.636954,0.100290
147.949071,0.100291
148.261188,0.100293
148.573306,0.100294
148.885423,0.100296
149.197541,0.100298
149.509658,0.100299
149.821775,0.100301
150.133893,0.100303
150.446010,0.100304
150.758128,0.100306
151.070245,0.100308
151.382362,0.100309
151.694480,0.100311
152.006597,0.100313
152.318715,0.100314
152.630832,0.100316
152.942949,0.100318
153.255067,0.100319
153.567184,0.100321
153.879302,0.100323
154.191419,0.100324
154.503536,0.100326
154.815654,0.100328
155.127771,0.100329
155.439889,0.100331
155.752006,0.100333
156.064123,0.100335
156.376241,0.100336
156.688358,0.100338
157.000476,0.100340
157.312593,0.100342
157.624710,0.100343
157.936828,0.100345
158.248945,0.100347
158.561063,0.100349
158.873180,0.100351
159.185297,0.100352
159.497415,0.100354
159.809532,0.100356
160.121650,0.100358
160.433767,0.100360
160.745884,0.100362
161.058002,0.100363
161.370119,0.100365
161.682237,0.100367
161.994354,0.100369
162.306471,0.100371
162.618589,0.100373
162.930706,0.100374
163.242824,0.100376
163.554941,0.100378
163.867058,0.100380
164.179176,0.100382
164.491293,0.100384
164.803411,0.100386
165.115528,0.100388
165.427645,0.100390
165.739763,0.100392
166.051880,0.100394
166.363998,0.100396
166.676115,0.100398
166.988232,0.100399
167.300350,0.100401
167.612467,0.100403
167.924585,0.100405
168.236702,0.100407
168.548819,0.100409
168.860937,0.100411
169.173054,0.100413
169.485171,0.100415
169.797289,0.100417
170.109406,0.100419
170.421524,0.100421
170.733641,0.100424
171.045758,0.100426
171.357876,0.100428
171.669993,0.100430
171.982111,0.100432
172.294228,0.100434
172.606345,0.100436
172.918463,0.100438
173.230580,0.100440
173.542698,0.100442
173.854815,0.100444
174.166932,0.100447
174.479050,0.100449
174.791167,0.100451
175.103285,0.100453
175.415402,0.100455
175.727519,0.100457
176.039637,0.100459
176.351754,0.100462
176.663872,0.100464
176.975989,0.100466
177.288106,0.100468
177.600224,0.100470
177.912341,0.100473
178.224459,0.100475
178.536576,0.100477
178.848693,0.100479
179.160811,0.100482
179.472928,0.100484
179.785046,0.100486
180.097163,0.100488
180.409280,0.100491
180.721398,0.100493
181.033515,0.100495
181.345633,0.100498
181.657750,0.100500
181.969867,0.100502
182.281985,0.100505
182.594102,0.100507
182.906220,0.100509
183.218337,0.100512
183.530454,0.100514
183.842572,0.100516
184.154689,0.100519
184.466807,0.100521
184.778924,0.100524
185.091041,0.100526
185.403159,0.100528
185.715276,0.100531
186.027394,0.100533
186.339511,0.100536
186.651628,0.100538
186.963746,0.100541
187.275863,0.100543
187.587981,0.100546
187.900098,0.100548
188.212215,0.100551
188.524333,0.100553
188.836450,0.100556
189.148568,0.100558
189.460685,0.100561
189.772802,0.100563
190.084920,0.100566
190.397037,0.100569
190.709155,0.100571
191.021272,0.100574
191.333389,0.100576
191.645507,0.100579
191.957624,0.100582
192.269742,0.100584
192.581859,0.100587
192.893976,0.100590
193.206094,0.100592
193.518211,0.100595
193.830329,0.100598
194.142446,0.100600
194.454563,0.100603
194.766681,0.100606
195.078798,0.100608
195.390916,0.100611
195.703033,0.100614
196.015150,0.100617
196.327268,0.100619
196.639385,0.100622
196.951503,0.100625
197.263620,0.100628
197.575737,0.100631
197.887855,0.100634
198.199972,0.100636
198.512089,0.100639
198.824207,0.100642
199.136324,0.100645
199.448442,0.100648
199.760559,0.100651
200.072676,0.100654
200.384794,0.100657
200.696911,0.100660
201.009029,0.100662
201.321146,0.100665
201.633263,0.100668
201.945381,0.100671
202.257498,0.100674
202.569616,0.100677
202.881733,0.100680
203.193850,0.100683
203.505968,0.100686
203.818085,0.100689
204.130203,0.100693
204.442320,0.100696
204.754437,0.100699
205.066555,0.100702
205.378672,0.100705
205.690790,0.100708
206.002907,0.100711
206.315024,0.100714
206.627142,0.100718
206.939259,0.100721
207.251377,0.100724
207.563494,0.100727
207.875611,0.100730
208.187729,0.100734
208.499846,0.100737
208.811964,0.100740
209.124081,0.100743
209.436198,0.100747
209.748316,0.100750
210.060433,0.100753
210.372551,0.100757
210.684668,0.100760
210.996785,0.100763
211.308903,0.100767
211.621020,0.100770
211.933138,0.100773
212.245255,0.100777
212.557372,0.100780
212.869490,0.100784
213.181607,0.100787
213.493725,0.100791
213.805842,0.100794
214.117959,0.100798
214.430077,0.100801
214.742194,0.100805
215.054312,0.100808
215.366429,0.100812
215.678546,0.100815
215.990664,0.100819
216.302781,0.100823
216.614899,0.100826
216.927016,0.100830
217.239133,0.100833
217.551251,0.100837
217.863368,0.100841
218.175486,0.100845
218.487603,0.100848
218.799720,0.100852
219.111838,0.100856
219.423955,0.100859
219.736073,0.100863
220.048190,0.100867
220.360307,0.100871
220.672425,0.100875
220.984542,0.100879
221.296660,0.100882
221.608777,0.100886
221.920894,0.100890
222.233012,0.100894
222.545129,0.100898
222.857247,0.100902
223.169364,0.100906
223.481481,0.100910
223.793599,0.100914
224.105716,0.100918
224.417834,0.100922
224.729951,0.100926
225.042068,0.100930
225.354186,0.100934
225.666303,0.100938
225.978421,0.100942
226.290538,0.100947
226.602655,0.100951
226.914773,0.100955
227.226890,0.100959
227.539007,0.100963
227.851125,0.100968
228.163242,0.100972
228.475360,0.100976
228.787477,0.100981
229.099594,0.100985
229.411712,0.100989
229.723829,0.100994
230.035947,0.100998
230.348064,0.101002
230.660181,0.101007
230.972299,0.101011
231.284416,0.101016
231.596534,0.101020
231.908651,0.101025
232.220768,0.101029
232.532886,0.101034
232.845003,0.101038
233.157121,0.101043
233.469238,0.101047
233.781355,0.101052
234.093473,0.101057
234.405590,0.101061
234.717708,0.101066
235.029825,0.101071
235.341942,0.101076
235.654060,0.101080
235.966177,0.101085
236.278295,0.101090
236.590412,0.101095
236.902529,0.101100
237.214647,0.101105
237.526764,0.101109
237.838882,0.101114
238.150999,0.101119
238.463116,0.101124
238.775234,0.101129
239.087351,0.101134
239.399469,0.101139
239.711586,0.101144
240.023703,0.101149
240.335821,0.101155
240.647938,0.101160
240.960056,0.101165
241.272173,0.101170
241.584290,0.101175
241.896408,0.101181
242.208525,0.101186
242.520643,0.101191
242.832760,0.101196
243.144877,0.101202
243.456995,0.101207
243.769112,0.101213
244.081230,0.101218
244.393347,0.101223
244.705464,0.101229
245.017582,0.101234
245.329699,0.101240
245.641817,0.101245
245.953934,0.101251
246.266051,0.101257
246.578169,0.101262
246.890286,0.101268
247.202404,0.101274
247.514521,0.101279
247.826638,0.101285
248.138756,0.101291
248.450873,0.101297
248.762991,0.101303
249.075108,0.101309
249.387225,0.101314
249.699343,0.101320
250.011460,0.101326
250.323578,0.101332
250.635695,0.101338
250.947812,0.101344
251.259930,0.101350
251.572047,0.101357
251.884165,0.101363
252.196282,0.101369
252.508399,0.101375
252.820517,0.101381
253.132634,0.101388
253.444752,0.101394
253.756869,0.101400
254.068986,0.101407
254.381104,0.101413
254.693221,0.101420
255.005338,0.101426
255.317456,0.101433
255.629573,0.101439
255.941691,0.101446
256.253808,0.101452
256.565925,0.101459
256.878043,0.101466
257.190160,0.101472
257.502278,0.101479
257.814395,0.101486
258.126512,0.101493
258.438630,0.101500
258.750747,0.101506
259.062865,0.101513
259.374982,0.101520
259.687099,0.101527
259.999217,0.101534
260.311334,0.101542
260.623452,0.101549
260.935569,0.101556
261.247686,0.101563
261.559804,0.101570
261.871921,0.101578
262.184039,0.101585
262.496156,0.101592
262.808273,0.101600
263.120391,0.101607
263.432508,0.101615
263.744626,0.101622
264.056743,0.101630
264.368860,0.101637
264.680978,0.101645
264.993095,0.101653
265.305213,0.101660
265.617330,0.101668
265.929447,0.101676
266.241565,0.101684
266.553682,0.101692
266.865800,0.101700
267.177917,0.101708
267.490034,0.101716
267.802152,0.101724
268.114269,0.101732
268.426387,0.101740
268.738504,0.101748
269.050621,0.101757
269.362739,0.101765
269.674856,0.101773
269.986974,0.101782
270.299091,0.101790
270.611208,0.101799
270.923326,0.101807
271.235443,0.101816
271.547561,0.101825
271.859678,0.101833
272.171795,0.101842
272.483913,0.101851
272.796030,0.101860
273.108148,0.101869
273.420265,0.101878
273.732382,0.101887
274.044500,0.101896
274.356617,0.101905
274.668735,0.101914
274.980852,0.101923
275.292969,0.101933
275.605087,0.101942
275.917204,0.101951
276.229322,0.101961
276.541439,0.101970
276.853556,0.101980
277.165674,0.101990
277.477791,0.101999
277.789909,0.102009
278.102026,0.102019
278.414143,0.102029
278.726261,0.102039
279.038378,0.102049
279.350496,0.102059
279.662613,0.102069
279.974730,0.102079
280.286848,0.102089
280.598965,0.102099
280.911083,0.102110
281.223200,0.102120
281.535317,0.102131
281.847435,0.102141
282.159552,0.102152
282.471670,0.102162
282.783787,0.102173
283.095904,0.102184
283.408022,0.102195
283.720139,0.102206
284.032256,0.102217
284.344374,0.102228
284.656491,0.102239
284.968609,0.102250
285.280726,0.102262
285.592843,0.102273
285.904961,0.102284
286.217078,0.102296
286.529196,0.102307
286.841313,0.102319
287.153430,0.102331
287.465548,0.102343
287.777665,0.102355
288.089783,0.102367
288.401900,0.102379
288.714017,0.102391
289.026135,0.102403
289.338252,0.102415
289.650370,0.102428
289.962487,0.102440
290.274604,0.102452
290.586722,0.102465
290.898839,0.102478
291.210957,0.102490
291.523074,0.102503
291.835191,0.102516
292.147309,0.102529
292.459426,0.102542
292.771544,0.102556
293.083661,0.102569
293.395778,0.102582
293.707896,0.102596
294.020013,0.102609
294.332131,0.102623
294.644248,0.102637
294.956365,0.102650
295.268483,0.102664
295.580600,0.102678
295.892718,0.102693
296.204835,0.102707
296.516952,0.102721
296.829070,0.102735
297.141187,0.102750
297.453305,0.102765
297.765422,0.102779
298.077539,0.102794
298.389657,0.102809
298.701774,0.102824
299.013892,0.102839
299.326009,0.102854
299.638126,0.102870
299.950244,0.102885
300.262361,0.102901
300.574479,0.102916
300.886596,0.102932
301.198713,0.102948
301.510831,0.102964
301.822948,0.102980
302.135066,0.102996
302.447183,0.103013
302.759300,0.103029
303.071418,0.103046
303.383535,0.103062
303.695653,0.103079
304.007770,0.103096
304.319887,0.103113
304.632005,0.103130
304.944122,0.103147
305.256240,0.103165
305.568357,0.103182
305.880474,0.103200
306.192592,0.103218
306.504709,0.103236
306.816827,0.103254
307.128944,0.103272
307.441061,0.103291
307.753179,0.103309
308.065296,0.103328
308.377414,0.103346
308.689531,0.103365
309.001648,0.103384
309.313766,0.103404
309.625883,0.103423
309.938001,0.103442
310.250118,0.103462
310.562235,0.103482
310.874353,0.103502
311.186470,0.103522
311.498587,0.103542
311.810705,0.103563
312.122822,0.103583
312.434940,0.103604
312.747057,0.103625
313.059174,0.103646
313.371292,0.103667
313.683409,0.103688
313.995527,0.103710
314.307644,0.103732
314.619761,0.103753
314.931879,0.103775
315.243996,0.103798
315.556114,0.103820
315.868231,0.103843
316.180348,0.103865
316.492466,0.103888
316.804583,0.103911
317.116701,0.103935
317.428818,0.103958
317.740935,0.103982
318.053053,0.104006
318.365170,0.104030
318.677288,0.104054
318.989405,0.104079
319.301522,0.104103
319.613640,0.104128
319.925757,0.104153
320.237875,0.104179
320.549992,0.104204
320.862109,0.104230
321.174227,0.104256
321.486344,0.104282
321.798462,0.104308
322.110579,0.104335
322.422696,0.104362
322.734814,0.104389
323.046931,0.104416
323.359049,0.104444
323.671166,0.104471
323.983283,0.104499
324.295401,0.104528
324.607518,0.104556
324.919636,0.104585
325.231753,0.104614
325.543870,0.104643
325.855988,0.104672
326.168105,0.104702
326.480223,0.104732
326.792340,0.104762
327.104457,0.104793
327.416575,0.104824
327.728692,0.104855
328.040810,0.104886
328.352927,0.104918
328.665044,0.104950
328.977162,0.104982
329.289279,0.105014
329.601397,0.105047
329.913514,0.105080
330.225631,0.105113
330.537749,0.105147
330.849866,0.105181
331.161984,0.105215
331.474101,0.105250
331.786218,0.105285
332.098336,0.105320
332.410453,0.105356
332.722571,0.105392
333.034688,0.105428
333.346805,0.105465
333.658923,0.105501
333.971040,0.105539
334.283158,0.105576
334.595275,0.105614
334.907392,0.105653
335.219510,0.105691
335.531627,0.105731
335.843745,0.105770
336.155862,0.105810
336.467979,0.105850
336.780097,0.105891
337.092214,0.105932
337.404332,0.105973
337.716449,0.106015
338.028566,0.106057
338.340684,0.106100
338.652801,0.106143
338.964919,0.106186
339.277036,0.106230
339.589153,0.106275
339.901271,0.106319
340.213388,0.106365
340.525505,0.106410
340.837623,0.106457
341.149740,0.106503
341.461858,0.106550
341.773975,0.106598
342.086092,0.106646
342.398210,0.106695
342.710327,0.106744
343.022445,0.106793
343.334562,0.106844
343.646679,0.106894
343.958797,0.106945
344.270914,0.106997
344.583032,0.107049
344.895149,0.107102
345.207266,0.107156
345.519384,0.107210
345.831501,0.107264
346.143619,0.107319
346.455736,0.107375
346.767853,0.107431
347.079971,0.107488
347.392088,0.107546
347.704206,0.107604
348.016323,0.107663
348.328440,0.107722
348.640558,0.107782
348.952675,0.107843
349.264793,0.107904
349.576910,0.107966
349.889027,0.108029
350.201145,0.108093
350.513262,0.108157
350.825380,0.108222
351.137497,0.108288
351.449614,0.108354
351.761732,0.108421
352.073849,0.108489
352.385967,0.108558
352.698084,0.108628
353.010201,0.108698
353.322319,0.108769
353.634436,0.108841
353.946554,0.108914
354.258671,0.108988
354.570788,0.109063
354.882906,0.109138
355.195023,0.109214
355.507141,0.109292
355.819258,0.109370
356.131375,0.109449
356.443493,0.109529
356.755610,0.109611
357.067728,0.109693
357.379845,0.109776
357.691962,0.109860
358.004080,0.109945
358.316197,0.110031
358.628315,0.110119
358.940432,0.110207
359.252549,0.110297
359.564667,0.110387
359.876784,0.110479
360.188902,0.110572
360.501019,0.110666
360.813136,0.110762
361.125254,0.110858
361.437371,0.110956
361.749489,0.111055
362.061606,0.111156
362.373723,0.111258
362.685841,0.111361
362.997958,0.111465
363.310076,0.111571
363.622193,0.111678
363.934310,0.111787
364.246428,0.111897
364.558545,0.112008
364.870663,0.112122
365.182780,0.112236
365.494897,0.112352
365.807015,0.112470
366.119132,0.112590
366.431250,0.112711
366.743367,0.112834
367.055484,0.112958
367.367602,0.113084
367.679719,0.113212
367.991837,0.113342
368.303954,0.113474
368.616071,0.113607
368.928189,0.113743
369.240306,0.113880
369.552423,0.114020
369.864541,0.114161
370.176658,0.114305
370.488776,0.114450
370.800893,0.114598
371.113010,0.114748
371.425128,0.114900
371.737245,0.115054
372.049363,0.115211
372.361480,0.115370
372.673597,0.115532
372.985715,0.115696
373.297832,0.115862
373.609950,0.116031
373.922067,0.116203
374.234184,0.116377
374.546302,0.116554
374.858419,0.116734
375.170537,0.116917
375.482654,0.117102
375.794771,0.117291
376.106889,0.117482
376.419006,0.117677
376.731124,0.117875
377.043241,0.118075
377.355358,0.118280
377.667476,0.118487
377.979593,0.118698
378.291711,0.118913
378.603828,0.119130
378.915945,0.119352
379.228063,0.119577
379.540180,0.119807
379.852298,0.120040
380.164415,0.120277
380.476532,0.120518
380.788650,0.120763
381.100767,0.121012
381.412885,0.121266
381.725002,0.121524
382.037119,0.121787
382.349237,0.122054
382.661354,0.122326
382.973472,0.122603
383.285589,0.122885
383.597706,0.123172
383.909824,0.123465
384.221941,0.123762
384.534059,0.124065
384.846176,0.124374
385.158293,0.124688
385.470411,0.125008
385.782528,0.125334
386.094646,0.125667
386.406763,0.126005
386.718880,0.126350
387.030998,0.126702
387.343115,0.127060
387.655233,0.127426
387.967350,0.127798
388.279467,0.128178
388.591585,0.128565
388.903702,0.128959
389.215820,0.129362
389.527937,0.129773
389.840054,0.130192
390.152172,0.130619
390.464289,0.131055
390.776407,0.131500
391.088524,0.131954
391.400641,0.132417
391.712759,0.132890
392.024876,0.133373
392.336994,0.133866
392.649111,0.134370
392.961228,0.134884
393.273346,0.135409
393.585463,0.135945
393.897581,0.136493
394.209698,0.137053
394.521815,0.137625
394.833933,0.138209
395.146050,0.138807
395.458168,0.139418
395.770285,0.140042
396.082402,0.140680
396.394520,0.141333
396.706637,0.142000
397.018754,0.142683
397.330872,0.143381
397.642989,0.144095
397.955107,0.144826
398.267224,0.145574
398.579341,0.146339
398.891459,0.147122
399.203576,0.147924
399.515694,0.148745
399.827811,0.149585
400.139928,0.150446
400.452046,0.151327
400.764163,0.152229
401.076281,0.153154
401.388398,0.154101
401.700515,0.155071
402.012633,0.156066
402.324750,0.157085
402.636868,0.158129
402.948985,0.159199
403.261102,0.160296
403.573220,0.161421
403.885337,0.162574
404.197455,0.163757
404.509572,0.164970
404.821689,0.166213
405.133807,0.167489
405.445924,0.168797
405.758042,0.170139
406.070159,0.171516
406.382276,0.172929
406.694394,0.174378
407.006511,0.175865
407.318629,0.177390
407.630746,0.178956
407.942863,0.180563
408.254981,0.182211
408.567098,0.183903
408.879216,0.185639
409.191333,0.187421
409.503450,0.189249
409.815568,0.191125
410.127685,0.193050
410.439803,0.195025
410.751920,0.197051
411.064037,0.199129
411.376155,0.201262
411.688272,0.203449
412.000390,0.205691
412.312507,0.207990
412.624624,0.210348
412.936742,0.212764
413.248859,0.215239
413.560977,0.217775
413.873094,0.220372
414.185211,0.223031
414.497329,0.225753
414.809446,0.228537
415.121564,0.231384
415.433681,0.234294
415.745798,0.237267
416.057916,0.240302
416.370033,0.243400
416.682151,0.246559
416.994268,0.249778
417.306385,0.253056
417.618503,0.256391
417.930620,0.259782
418.242738,0.263225
418.554855,0.266718
418.866972,0.270258
419.179090,0.273840
419.491207,0.277462
419.803325,0.281117
420.115442,0.284801
420.427559,0.288507
420.739677,0.292230
421.051794,0.295962
421.363912,0.299696
421.676029,0.303423
421.988146,0.307135
422.300264,0.310822
422.612381,0.314474
422.924499,0.318080
423.236616,0.321630
423.548733,0.325111
423.860851,0.328512
424.172968,0.331821
424.485086,0.335024
424.797203,0.338109
425.109320,0.341064
425.421438,0.343875
425.733555,0.346531
426.045672,0.349017
426.357790,0.351324
426.669907,0.353439
426.982025,0.355351
427.294142,0.357052
427.606259,0.358531
427.918377,0.359782
428.230494,0.360797
428.542612,0.361571
428.854729,0.362100
429.166846,0.362382
429.478964,0.362414
429.791081,0.362198
430.103199,0.361735
430.415316,0.361028
430.727433,0.360081
431.039551,0.358901
431.351668,0.357494
431.663786,0.355869
431.975903,0.354034
432.288020,0.352001
432.600138,0.349779
432.912255,0.347381
433.224373,0.344819
433.536490,0.342105
433.848607,0.339252
434.160725,0.336274
434.472842,0.333183
434.784960,0.329993
435.097077,0.326715
435.409194,0.323364
435.721312,0.319950
436.033429,0.316487
436.345547,0.312985
436.657664,0.309455
436.969781,0.305908
437.281899,0.302354
437.594016,0.298802
437.906134,0.295260
438.218251,0.291737
438.530368,0.288240
438.842486,0.284777
439.154603,0.281354
439.466721,0.277977
439.778838,0.274652
440.090955,0.271384
440.403073,0.268177
440.715190,0.265037
441.027308,0.261968
441.339425,0.258972
441.651542,0.256055
441.963660,0.253219
442.275777,0.250468
442.587895,0.247805
442.900012,0.245234
443.212129,0.242756
443.524247,0.240377
443.836364,0.238098
444.148482,0.235924
444.460599,0.233858
444.772716,0.231904
445.084834,0.230065
445.396951,0.228346
445.709069,0.226751
446.021186,0.225284
446.333303,0.223949
446.645421,0.222751
446.957538,0.221692
447.269656,0.220776
447.581773,0.220004
447.893890,0.219374
448.206008,0.218885
448.518125,0.218527
448.830243,0.218290
449.142360,0.218155
449.454477,0.218097
449.766595,0.218083
450.078712,0.218072
450.390830,0.218016
450.702947,0.217859
451.015064,0.217545
451.327182,0.217019
451.639299,0.216232
451.951417,0.215150
452.263534,0.213753
452.575651,0.212041
452.887769,0.210035
453.199886,0.207769
453.512004,0.205290
453.824121,0.202654
454.136238,0.199913
454.448356,0.197121
454.760473,0.194323
455.072590,0.191558
455.384708,0.188855
455.696825,0.186237
456.008943,0.183720
456.321060,0.181312
456.633177,0.179019
456.945295,0.176842
457.257412,0.174781
457.569530,0.172830
457.881647,0.170988
458.193764,0.169248
458.505882,0.167605
458.817999,0.166053
459.130117,0.164588
459.442234,0.163203
459.754351,0.161894
460.066469,0.160656
460.378586,0.159485
460.690704,0.158377
461.002821,0.157327
461.314938,0.156333
461.627056,0.155392
461.939173,0.154500
462.251291,0.153655
462.563408,0.152855
462.875525,0.152098
463.187643,0.151382
463.499760,0.150705
463.811878,0.150066
464.123995,0.149463
464.436112,0.148896
464.748230,0.148363
465.060347,0.147864
465.372465,0.147398
465.684582,0.146964
465.996699,0.146563
466.308817,0.146193
466.620934,0.145854
466.933052,0.145547
467.245169,0.145271
467.557286,0.145028
467.869404,0.144816
468.181521,0.144636
468.493639,0.144490
468.805756,0.144377
469.117873,0.144299
469.429991,0.144256
469.742108,0.144250
470.054226,0.144281
470.366343,0.144352
470.678460,0.144464
470.990578,0.144619
471.302695,0.144819
471.614813,0.145067
471.926930,0.145364
472.239047,0.145715
472.551165,0.146121
472.863282,0.146588
473.175400,0.147118
473.487517,0.147716
473.799634,0.148387
474.111752,0.149137
474.423869,0.149971
474.735987,0.150897
475.048104,0.151920
475.360221,0.153051
475.672339,0.154296
475.984456,0.155666
476.296574,0.157173
476.608691,0.158826
476.920808,0.160640
477.232926,0.162629
477.545043,0.164807
477.857161,0.167190
478.169278,0.169796
478.481395,0.172643
478.793513,0.175750
479.105630,0.179135
479.417748,0.182817
479.729865,0.186812
480.041982,0.191135
480.354100,0.195796
480.666217,0.200797
480.978335,0.206132
481.290452,0.211783
481.602569,0.217713
481.914687,0.223866
482.226804,0.230159
482.538921,0.236483
482.851039,0.242697
483.163156,0.248633
483.475274,0.254095
483.787391,0.258878
484.099508,0.262775
484.411626,0.265599
484.723743,0.267201
485.035861,0.267489
485.347978,0.266439
485.660095,0.264098
485.972213,0.260577
486.284330,0.256038
486.596448,0.250678
486.908565,0.244705
487.220682,0.238323
487.532800,0.231717
487.844917,0.225049
488.157035,0.218449
488.469152,0.212018
488.781269,0.205828
489.093387,0.199930
489.405504,0.194354
489.717622,0.189113
490.029739,0.184210
490.341856,0.179641
490.653974,0.175393
490.966091,0.171450
491.278209,0.167797
491.590326,0.164413
491.902443,0.161279
492.214561,0.158378
492.526678,0.155691
492.838796,0.153201
493.150913,0.150892
493.463030,0.148749
493.775148,0.146758
494.087265,0.144907
494.399383,0.143183
494.711500,0.141578
495.023617,0.140080
495.335735,0.138681
495.647852,0.137373
495.959970,0.136148
496.272087,0.135001
496.584204,0.133924
496.896322,0.132914
497.208439,0.131963
497.520557,0.131069
497.832674,0.130226
498.144791,0.129431
498.456909,0.128681
498.769026,0.127972
499.081144,0.127302
499.393261,0.126668
499.705378,0.126068
500.017496,0.125499
500.329613,0.124959
500.641731,0.124446
500.953848,0.123960
501.265965,0.123497
501.578083,0.123058
501.890200,0.122640
502.202318,0.122242
502.514435,0.121863
502.826552,0.121502
503.138670,0.121158
503.450787,0.120831
503.762905,0.120519
504.075022,0.120221
504.387139,0.119938
504.699257,0.119668
505.011374,0.119410
505.323492,0.119165
505.635609,0.118931
505.947726,0.118709
506.259844,0.118497
506.571961,0.118296
506.884079,0.118105
507.196196,0.117923
507.508313,0.117751
507.820431,0.117588
508.132548,0.117433
508.444666,0.117288
508.756783,0.117150
509.068900,0.117021
509.381018,0.116900
509.693135,0.116787
510.005253,0.116681
510.317370,0.116584
510.629487,0.116494
510.941605,0.116411
511.253722,0.116336
511.565839,0.116268
511.877957,0.116208
512.190074,0.116155
512.502192,0.116110
512.814309,0.116072
513.126426,0.116042
513.438544,0.116019
513.750661,0.116004
514.062779,0.115997
514.374896,0.115998
514.687013,0.116007
514.999131,0.116024
515.311248,0.116050
515.623366,0.116084
515.935483,0.116128
516.247600,0.116180
516.559718,0.116242
516.871835,0.116314
517.183953,0.116396
517.496070,0.116489
517.808187,0.116592
518.120305,0.116707
518.432422,0.116834
518.744540,0.116972
519.056657,0.117124
519.368774,0.117288
519.680892,0.117466
519.993009,0.117659
520.305127,0.117866
520.617244,0.118088
520.929361,0.118326
521.241479,0.118581
521.553596,0.118853
521.865714,0.119141
522.177831,0.119448
522.489948,0.119773
522.802066,0.120116
523.114183,0.120477
523.426301,0.120857
523.738418,0.121255
524.050535,0.121670
524.362653,0.122102
524.674770,0.122550
524.986888,0.123011
525.299005,0.123484
525.611122,0.123967
525.923240,0.124456
526.235357,0.124948
526.547475,0.125439
526.859592,0.125924
527.171709,0.126398
527.483827,0.126855
527.795944,0.127291
528.108062,0.127699
528.420179,0.128073
528.732296,0.128408
529.044414,0.128699
529.356531,0.128943
529.668649,0.129137
529.980766,0.129277
530.292883,0.129365
530.605001,0.129401
530.917118,0.129387
531.229236,0.129326
531.541353,0.129222
531.853470,0.129082
532.165588,0.128909
532.477705,0.128712
532.789823,0.128495
533.101940,0.128266
533.414057,0.128031
533.726175,0.127795
534.038292,0.127564
534.350410,0.127342
534.662527,0.127134
534.974644,0.126945
535.286762,0.126776
535.598879,0.126632
535.910997,0.126515
536.223114,0.126427
536.535231,0.126370
536.847349,0.126345
537.159466,0.126354
537.471584,0.126399
537.783701,0.126480
538.095818,0.126598
538.407936,0.126755
538.720053,0.126952
539.032171,0.127189
539.344288,0.127469
539.656405,0.127791
539.968523,0.128159
540.280640,0.128572
540.592757,0.129033
540.904875,0.129543
541.216992,0.130104
541.529110,0.130718
541.841227,0.131388
542.153344,0.132115
542.465462,0.132901
542.777579,0.133750
543.089697,0.134665
543.401814,0.135646
543.713931,0.136698
544.026049,0.137824
544.338166,0.139025
544.650284,0.140305
544.962401,0.141666
545.274518,0.143109
545.586636,0.144637
545.898753,0.146251
546.210871,0.147950
546.522988,0.149733
546.835105,0.151600
547.147223,0.153545
547.459340,0.155563
547.771458,0.157646
548.083575,0.159785
548.395692,0.161964
548.707810,0.164169
549.019927,0.166379
549.332045,0.168571
549.644162,0.170718
549.956279,0.172792
550.268397,0.174758
550.580514,0.176584
550.892632,0.178235
551.204749,0.179677
551.516866,0.180876
551.828984,0.181806
552.141101,0.182442
552.453219,0.182767
552.765336,0.182771
553.077453,0.182454
553.389571,0.181820
553.701688,0.180886
554.013806,0.179671
554.325923,0.178203
554.638040,0.176511
554.950158,0.174631
555.262275,0.172596
555.574393,0.170440
555.886510,0.168197
556.198627,0.165897
556.510745,0.163567
556.822862,0.161233
557.134980,0.158914
557.447097,0.156629
557.759214,0.154392
558.071332,0.152214
558.383449,0.150104
558.695567,0.148067
559.007684,0.146109
559.319801,0.144232
559.631919,0.142436
559.944036,0.140722
560.256154,0.139089
560.568271,0.137535
560.880388,0.136058
561.192506,0.134656
561.504623,0.133325
561.816741,0.132063
562.128858,0.130866
562.440975,0.129731
562.753093,0.128656
563.065210,0.127636
563.377328,0.126670
563.689445,0.125754
564.001562,0.124885
564.313680,0.124061
564.625797,0.123280
564.937915,0.122537
565.250032,0.121833
565.562149,0.121163
565.874267,0.120527
566.186384,0.119923
566.498502,0.119347
566.810619,0.118800
567.122736,0.118279
567.434854,0.117782
567.746971,0.117309
568.059088,0.116858
568.371206,0.116428
568.683323,0.116017
568.995441,0.115625
569.307558,0.115250
569.619675,0.114893
569.931793,0.114550
570.243910,0.114223
570.556028,0.113910
570.868145,0.113610
571.180262,0.113323
571.492380,0.113048
571.804497,0.112785
572.116615,0.112532
572.428732,0.112290
572.740849,0.112057
573.052967,0.111834
573.365084,0.111620
573.677202,0.111415
573.989319,0.111218
574.301436,0.111028
574.613554,0.110846
574.925671,0.110671
575.237789,0.110503
575.549906,0.110341
575.862023,0.110186
576.174141,0.110036
576.486258,0.109893
576.798376,0.109755
577.110493,0.109622
577.422610,0.109494
577.734728,0.109371
578.046845,0.109253
578.358963,0.109140
578.671080,0.109031
578.983197,0.108927
579.295315,0.108826
579.607432,0.108730
579.919550,0.108637
580.231667,0.108548
580.543784,0.108463
580.855902,0.108381
581.168019,0.108303
581.480137,0.108229
581.792254,0.108157
582.104371,0.108089
582.416489,0.108024
582.728606,0.107962
583.040724,0.107903
583.352841,0.107847
583.664958,0.107794
583.977076,0.107744
584.289193,0.107697
584.601311,0.107653
584.913428,0.107611
585.225545,0.107572
585.537663,0.107536
585.849780,0.107503
586.161898,0.107472
586.474015,0.107444
586.786132,0.107418
587.098250,0.107396
587.410367,0.107376
587.722485,0.107359
588.034602,0.107344
588.346719,0.107332
588.658837,0.107324
588.970954,0.107317
589.283072,0.107314
589.595189,0.107314
589.907306,0.107316
590.219424,0.107322
590.531541,0.107330
590.843659,0.107342
591.155776,0.107357
591.467893,0.107375
591.780011,0.107397
592.092128,0.107422
592.404246,0.107451
592.716363,0.107483
593.028480,0.107519
593.340598,0.107559
593.652715,0.107604
593.964833,0.107652
594.276950,0.107705
594.589067,0.107763
594.901185,0.107825
595.213302,0.107893
595.525420,0.107966
595.837537,0.108044
596.149654,0.108129
596.461772,0.108219
596.773889,0.108316
597.086006,0.108420
597.398124,0.108531
597.710241,0.108650
598.022359,0.108777
598.334476,0.108912
598.646593,0.109057
598.958711,0.109211
599.270828,0.109375
599.582946,0.109551
599.895063,0.109738
600.207180,0.109938
600.519298,0.110151
600.831415,0.110378
601.143533,0.110621
601.455650,0.110880
601.767767,0.111156
602.079885,0.111452
602.392002,0.111767
602.704120,0.112105
603.016237,0.112466
603.328354,0.112852
603.640472,0.113265
603.952589,0.113708
604.264707,0.114183
604.576824,0.114691
604.888941,0.115236
605.201059,0.115820
605.513176,0.116447
605.825294,0.117120
606.137411,0.117841
606.449528,0.118614
606.761646,0.119443
607.073763,0.120331
607.385881,0.121282
607.697998,0.122297
608.010115,0.123381
608.322233,0.124534
608.634350,0.125758
608.946468,0.127053
609.258585,0.128416
609.570702,0.129844
609.882820,0.131328
610.194937,0.132860
610.507055,0.134424
610.819172,0.136001
611.131289,0.137570
611.443407,0.139101
611.755524,0.140562
612.067642,0.141917
612.379759,0.143129
612.691876,0.144161
613.003994,0.144977
613.316111,0.145548
613.628229,0.145852
613.940346,0.145878
614.252463,0.145624
614.564581,0.145101
614.876698,0.144328
615.188816,0.143336
615.500933,0.142157
615.813050,0.140829
616.125168,0.139390
616.437285,0.137876
616.749403,0.136319
617.061520,0.134750
617.373637,0.133191
617.685755,0.131662
617.997872,0.130178
618.309990,0.128750
618.622107,0.127385
618.934224,0.126089
619.246342,0.124863
619.558459,0.123709
619.870577,0.122625
620.182694,0.121609
620.494811,0.120660
620.806929,0.119774
621.119046,0.118947
621.431164,0.118178
621.743281,0.117461
622.055398,0.116794
622.367516,0.116174
622.679633,0.115597
622.991751,0.115060
623.303868,0.114561
623.615985,0.114097
623.928103,0.113665
624.240220,0.113264
624.552338,0.112891
624.864455,0.112544
625.176572,0.112222
625.488690,0.111922
625.800807,0.111644
626.112924,0.111386
626.425042,0.111146
626.737159,0.110924
627.049277,0.110718
627.361394,0.110528
627.673511,0.110352
627.985629,0.110190
628.297746,0.110040
628.609864,0.109903
628.921981,0.109778
629.234098,0.109664
629.546216,0.109560
629.858333,0.109466
630.170451,0.109382
630.482568,0.109308
630.794685,0.109242
631.106803,0.109185
631.418920,0.109136
631.731038,0.109095
632.043155,0.109062
632.355272,0.109037
632.667390,0.109019
632.979507,0.109009
633.291625,0.109006
633.603742,0.109010
633.915859,0.109021
634.227977,0.109039
634.540094,0.109065
634.852212,0.109097
635.164329,0.109136
635.476446,0.109183
635.788564,0.109236
636.100681,0.109297
636.412799,0.109365
636.724916,0.109440
637.037033,0.109523
637.349151,0.109614
637.661268,0.109712
637.973386,0.109819
638.285503,0.109934
638.597620,0.110057
638.909738,0.110189
639.221855,0.110330
639.533973,0.110481
639.846090,0.110641
640.158207,0.110812
640.470325,0.110993
640.782442,0.111186
641.094560,0.111390
641.406677,0.111606
641.718794,0.111834
642.030912,0.112076
642.343029,0.112332
642.655147,0.112602
642.967264,0.112888
643.279381,0.113190
643.591499,0.113509
643.903616,0.113846
644.215734,0.114203
644.527851,0.114579
644.839968,0.114978
645.152086,0.115398
645.464203,0.115843
645.776321,0.116314
646.088438,0.116811
646.400555,0.117338
646.712673,0.117895
647.024790,0.118484
647.336908,0.119109
647.649025,0.119771
647.961142,0.120472
648.273260,0.121215
648.585377,0.122003
648.897495,0.122838
649.209612,0.123725
649.521729,0.124665
649.833847,0.125663
650.145964,0.126723
650.458082,0.127847
650.770199,0.129041
651.082316,0.130307
651.394434,0.131651
651.706551,0.133075
652.018669,0.134586
652.330786,0.136185
652.642903,0.137876
652.955021,0.139664
653.267138,0.141549
653.579255,0.143534
653.891373,0.145618
654.203490,0.147801
654.515608,0.150079
654.827725,0.152446
655.139842,0.154893
655.451960,0.157409
655.764077,0.159977
656.076195,0.162577
656.388312,0.165184
656.700429,0.167769
657.012547,0.170295
657.324664,0.172726
657.636782,0.175018
657.948899,0.177125
658.261016,0.179004
658.573134,0.180609
658.885251,0.181900
659.197369,0.182842
659.509486,0.183409
659.821603,0.183585
660.133721,0.183363
660.445838,0.182751
660.757956,0.181764
661.070073,0.180431
661.382190,0.178785
661.694308,0.176868
662.006425,0.174724
662.318543,0.172398
662.630660,0.169936
662.942777,0.167379
663.254895,0.164767
663.567012,0.162133
663.879130,0.159508
664.191247,0.156916
664.503364,0.154377
664.815482,0.151907
665.127599,0.149518
665.439717,0.147218
665.751834,0.145014
666.063951,0.142907
666.376069,0.140900
666.688186,0.138992
667.000304,0.137182
667.312421,0.135467
667.624538,0.133845
667.936656,0.132311
668.248773,0.130862
668.560891,0.129493
668.873008,0.128201
669.185125,0.126982
669.497243,0.125831
669.809360,0.124745
670.121478,0.123719
670.433595,0.122751
670.745712,0.121836
671.057830,0.120971
671.369947,0.120153
671.682065,0.119380
671.994182,0.118648
672.306299,0.117955
672.618417,0.117298
672.930534,0.116676
673.242652,0.116085
673.554769,0.115525
673.866886,0.114993
674.179004,0.114487
674.491121,0.114007
674.803239,0.113549
675.115356,0.113114
675.427473,0.112699
675.739591,0.112303
676.051708,0.111926
676.363826,0.111566
676.675943,0.111223
676.988060,0.110895
677.300178,0.110581
677.612295,0.110281
677.924413,0.109993
678.236530,0.109718
678.548647,0.109455
678.860765,0.109202
679.172882,0.108960
679.485000,0.108727
679.797117,0.108504
680.109234,0.108290
680.421352,0.108083
680.733469,0.107885
681.045587,0.107695
681.357704,0.107511
681.669821,0.107335
681.981939,0.107165
682.294056,0.107001
682.606173,0.106842
682.918291,0.106690
683.230408,0.106543
683.542526,0.106401
683.854643,0.106264
684.166760,0.106131
684.478878,0.106003
684.790995,0.105879
685.103113,0.105759
685.415230,0.105643
685.727347,0.105531
686.039465,0.105423
686.351582,0.105317
686.663700,0.105215
686.975817,0.105116
687.287934,0.105021
687.600052,0.104928
687.912169,0.104837
688.224287,0.104750
688.536404,0.104665
688.848521,0.104582
689.160639,0.104502
689.472756,0.104424
689.784874,0.104348
690.096991,0.104274
690.409108,0.104203
690.721226,0.104133
691.033343,0.104065
691.345461,0.103999
691.657578,0.103935
691.969695,0.103872
692.281813,0.103811
692.593930,0.103752
692.906048,0.103694
693.218165,0.103637
693.530282,0.103582
693.842400,0.103528
694.154517,0.103476
694.466635,0.103425
694.778752,0.103375
695.090869,0.103326
695.402987,0.103278
695.715104,0.103232
696.027222,0.103187
696.339339,0.103142
696.651456,0.103099
696.963574,0.103056
697.275691,0.103015
697.587809,0.102974
697.899926,0.102935
698.212043,0.102896
698.524161,0.102858
698.836278,0.102821
699.148396,0.102784
699.460513,0.102749
699.772630,0.102714
700.084748,0.102680
700.396865,0.102646
700.708983,0.102613
701.021100,0.102581
701.333217,0.102550
701.645335,0.102519
701.957452,0.102489
702.269570,0.102459
702.581687,0.102430
702.893804,0.102402
