# rshift,intensity
66.664755,0.075359
66.978090,0.075360
67.291426,0.075361
67.604761,0.075363
67.918097,0.075364
68.231432,0.075366
68.544768,0.075367
68.858104,0.075368
69.171439,0.075370
69.484775,0.075371
69.798110,0.075373
70.111446,0.075374
70.424781,0.075375
70.738117,0.075377
71.051453,0.075378
71.364788,0.075380
71.678124,0.075381
71.991459,0.075383
72.304795,0.075384
72.618130,0.075386
72.931466,0.075387
73.244802,0.075389
73.558137,0.075390
73.871473,0.075392
74.184808,0.075393
74.498144,0.075394
74.811479,0.075396
75.124815,0.075397
75.438150,0.075399
75.751486,0.075400
76.064822,0.075402
76.378157,0.075403
76.691493,0.075405
77.004828,0.075406
77.318164,0.075408
77.631499,0.075410
77.944835,0.075411
78.258171,0.075413
78.571506,0.075414
78.884842,0.075416
79.198177,0.075417
79.511513,0.075419
79.824848,0.075420
80.138184,0.075422
80.451520,0.075423
80.764855,0.075425
81.078191,0.075426
81.391526,0.075428
81.704862,0.075430
82.018197,0.075431
82.331533,0.075433
82.644869,0.075434
82.958204,0.075436
83.271540,0.075438
83.584875,0.075439
83.898211,0.075441
84.211546,0.075442
84.524882,0.075444
84.838218,0.075446
85.151553,0.075447
85.464889,0.075449
85.778224,0.075450
86.091560,0.075452
86.404895,0.075454
86.718231,0.075455
87.031566,0.075457
87.344902,0.075459
87.658238,0.075460
87.971573,0.075462
88.284909,0.075464
88.598244,0.075465
88.911580,0.075467
89.224915,0.075469
89.538251,0.075470
89.851587,0.075472
90.164922,0.075474
90.478258,0.075475
90.791593,0.075477
91.104929,0.075479
91.418264,0.075480
91.731600,0.075482
92.044936,0.075484
92.358271,0.075486
92.671607,0.075487
92.984942,0.075489
93.298278,0.075491
93.611613,0.075493
93.924949,0.075494
94.238285,0.075496
94.551620,0.075498
94.864956,0.075500
95.178291,0.075501
95.491627,0.075503
95.804962,0.075505
96.118298,0.075507
96.431634,0.075508
96.744969,0.075510
97.058305,0.075512
97.371640,0.075514
97.684976,0.075516
97.998311,0.075517
98.311647,0.075519
98.624982,0.075521
98.938318,0.075523
99.251654,0.075525
99.564989,0.075527
99.878325,0.075528
100.191660,0.075530
100.504996,0.075532
100.818331,0.075534
101.131667,0.075536
101.445003,0.075538
101.758338,0.075540
102.071674,0.075541
102.385009,0.075543
102.698345,0.075545
103.011680,0.075547
103.325016,0.075549
103.638352,0.075551
103.951687,0.075553
104.265023,0.075555
104.578358,0.075557
104.891694,0.075558
105.205029,0.075560
105.518365,0.075562
105.831701,0.075564
106.145036,0.075566
106.458372,0.075568
106.771707,0.075570
107.085043,0.075572
107.398378,0.075574
107.711714,0.075576
108.025050,0.075578
108.338385,0.075580
108.651721,0.075582
108.965056,0.075584
109.278392,0.075586
109.591727,0.075588
109.905063,0.075590
110.218399,0.075592
110.531734,0.075594
110.845070,0.075596
111.158405,0.075598
111.471741,0.075600
111.785076,0.075602
112.098412,0.075604
112.411747,0.075606
112.725083,0.075608
113.038419,0.075610
113.351754,0.075612
113.665090,0.075615
113.978425,0.075617
114.291761,0.075619
114.605096,0.075621
114.918432,0.075623
115.231768,0.075625
115.545103,0.075627
115.858439,0.075629
116.171774,0.075631
116.485110,0.075633
116.798445,0.075636
117.111781,0.075638
117.425117,0.075640
117.738452,0.075642
118.051788,0.075644
118.365123,0.075646
118.678459,0.075649
118.991794,0.075651
119.305130,0.075653
119.618466,0.075655
119.931801,0.075657
120.245137,0.075660
120.558472,0.075662
120.871808,0.075664
121.185143,0.075666
121.498479,0.075668
121.811815,0.075671
122.125150,0.075673
122.438486,0.075675
122.751821,0.075678
123.065157,0.075680
123.378492,0.075682
123.691828,0.075684
124.005163,0.075687
124.318499,0.075689
124.631835,0.075691
124.945170,0.075694
125.258506,0.075696
125.571841,0.075698
125.885177,0.075701
126.198512,0.075703
126.511848,0.075705
126.825184,0.075708
127.138519,0.075710
127.451855,0.075712
127.765190,0.075715
128.078526,0.075717
128.391861,0.075719
128.705197,0.075722
129.018533,0.075724
129.331868,0.075727
129.645204,0.075729
129.958539,0.075731
130.271875,0.075734
130.585210,0.075736
130.898546,0.075739
131.211882,0.075741
131.525217,0.075744
131.838553,0.075746
132.151888,0.075749
132.465224,0.075751
132.778559,0.075754
133.091895,0.075756
133.405231,0.075759
133.718566,0.075761
134.031902,0.075764
134.345237,0.075766
134.658573,0.075769
134.971908,0.075771
135.285244,0.075774
135.598579,0.075776
135.911915,0.075779
136.225251,0.075782
136.538586,0.075784
136.851922,0.075787
137.165257,0.075789
137.478593,0.075792
137.791928,0.075795
138.105264,0.075797
138.418600,0.075800
138.731935,0.075802
139.045271,0.075805
139.358606,0.075808
139.671942,0.075810
139.985277,0.075813
140.298613,0.075816
140.611949,0.075818
140.925284,0.075821
141.238620,0.075824
141.551955,0.075827
141.865291,0.075829
142.178626,0.075832
142.491962,0.075835
142.805298,0.075838
143.118633,0.075840
143.431969,0.075843
143.745304,0.075846
144.058640,0.075849
144.371975,0.075851
144.685311,0.075854
144.998647,0.075857
145.311982,0.075860
145.625318,0.075863
145.938653,0.075866
146.251989,0.075868
146.565324,0.075871
146.878660,0.075874
147.191996,0.075877
147.505331,0.075880
147.818667,0.075883
148.132002,0.075886
148.445338,0.075889
148.758673,0.075892
149.072009,0.075894
149.385344,0.075897
149.698680,0.075900
150.012016,0.075903
150.325351,0.075906
150.638687,0.075909
150.952022,0.075912
151.265358,0.075915
151.578693,0.075918
151.892029,0.075921
152.205365,0.075924
152.518700,0.075927
152.832036,0.075930
153.145371,0.075933
153.458707,0.075937
153.772042,0.075940
154.085378,0.075943
154.398714,0.075946
154.712049,0.075949
155.025385,0.075952
155.338720,0.075955
155.652056,0.075958
155.965391,0.075961
156.278727,0.075965
156.592063,0.075968
156.905398,0.075971
157.218734,0.075974
157.532069,0.075977
157.845405,0.075981
158.158740,0.075984
158.472076,0.075987
158.785412,0.075990
159.098747,0.075994
159.412083,0.075997
159.725418,0.076000
160.038754,0.076003
160.352089,0.076007
160.665425,0.076010
160.978760,0.076013
161.292096,0.076017
161.605432,0.076020
161.918767,0.076023
162.232103,0.076027
162.545438,0.076030
162.858774,0.076034
163.172109,0.076037
163.485445,0.076040
163.798781,0.076044
164.112116,0.076047
164.425452,0.076051
164.738787,0.076054
165.052123,0.076058
165.365458,0.076061
165.678794,0.076065
165.992130,0.076068
166.305465,0.076072
166.618801,0.076075
166.932136,0.076079
167.245472,0.076082
167.558807,0.076086
167.872143,0.076090
168.185479,0.076093
168.498814,0.076097
168.812150,0.076100
169.125485,0.076104
169.438821,0.076108
169.752156,0.076111
170.065492,0.076115
170.378828,0.076119
170.692163,0.076122
171.005499,0.076126
171.318834,0.076130
171.632170,0.076134
171.945505,0.076137
172.258841,0.076141
172.572176,0.076145
172.885512,0.076149
173.198848,0.076152
173.512183,0.076156
173.825519,0.076160
174.138854,0.076164
174.452190,0.076168
174.765525,0.076172
175.078861,0.076176
175.392197,0.076179
175.705532,0.076183
176.018868,0.076187
176.332203,0.076191
176.645539,0.076195
176.958874,0.076199
177.272210,0.076203
177.585546,0.076207
177.898881,0.076211
178.212217,0.076215
178.525552,0.076219
178.838888,0.076223
179.152223,0.076227
179.465559,0.076231
179.778895,0.076236
180.092230,0.076240
180.405566,0.076244
180.718901,0.076248
181.032237,0.076252
181.345572,0.076256
181.658908,0.076261
181.972244,0.076265
182.285579,0.076269
182.598915,0.076273
182.912250,0.076277
183.225586,0.076282
183.538921,0.076286
183.852257,0.076290
184.165593,0.076295
184.478928,0.076299
184.792264,0.076303
185.105599,0.076308
185.418935,0.076312
185.732270,0.076317
186.045606,0.076321
186.358941,0.076325
186.672277,0.076330
186.985613,0.076334
187.298948,0.076339
187.612284,0.076343
187.925619,0.076348
188.238955,0.076352
188.552290,0.076357
188.865626,0.076361
189.178962,0.076366
189.492297,0.076371
189.805633,0.076375
190.118968,0.076380
190.432304,0.076385
190.745639,0.076389
191.058975,0.076394
191.372311,0.076399
191.685646,0.076403
191.998982,0.076408
192.312317,0.076413
192.625653,0.076418
192.938988,0.076422
193.252324,0.076427
193.565660,0.076432
193.878995,0.076437
194.192331,0.076442
194.505666,0.076447
194.819002,0.076452
195.132337,0.076457
195.445673,0.076462
195.759009,0.076467
196.072344,0.076471
196.385680,0.076477
196.699015,0.076482
197.012351,0.076487
197.325686,0.076492
197.639022,0.076497
197.952357,0.076502
198.265693,0.076507
198.579029,0.076512
198.892364,0.076517
199.205700,0.076522
199.519035,0.076528
199.832371,0.076533
200.145706,0.076538
200.459042,0.076543
200.772378,0.076549
201.085713,0.076554
201.399049,0.076559
201.712384,0.076565
202.025720,0.076570
202.339055,0.076576
202.652391,0.076581
202.965727,0.076586
203.279062,0.076592
203.592398,0.076597
203.905733,0.076603
204.219069,0.076608
204.532404,0.076614
204.845740,0.076620
205.159076,0.076625
205.472411,0.076631
205.785747,0.076636
206.099082,0.076642
206.412418,0.076648
206.725753,0.076653
207.039089,0.076659
207.352425,0.076665
207.665760,0.076671
207.979096,0.076677
208.292431,0.076682
208.605767,0.076688
208.919102,0.076694
209.232438,0.076700
209.545773,0.076706
209.859109,0.076712
210.172445,0.076718
210.485780,0.076724
210.799116,0.076730
211.112451,0.076736
211.425787,0.076742
211.739122,0.076748
212.052458,0.076754
212.365794,0.076760
212.679129,0.076767
212.992465,0.076773
213.305800,0.076779
213.619136,0.076785
213.932471,0.076792
214.245807,0.076798
214.559143,0.076804
214.872478,0.076811
215.185814,0.076817
215.499149,0.076823
215.812485,0.076830
216.125820,0.076836
216.439156,0.076843
216.752492,0.076849
217.065827,0.076856
217.379163,0.076862
217.692498,0.076869
218.005834,0.076876
218.319169,0.076882
218.632505,0.076889
218.945841,0.076896
219.259176,0.076903
219.572512,0.076909
219.885847,0.076916
220.199183,0.076923
220.512518,0.076930
220.825854,0.076937
221.139190,0.076944
221.452525,0.076951
221.765861,0.076958
222.079196,0.076965
222.392532,0.076972
222.705867,0.076979
223.019203,0.076986
223.332538,0.076993
223.645874,0.077000
223.959210,0.077007
224.272545,0.077015
224.585881,0.077022
224.899216,0.077029
225.212552,0.077037
225.525887,0.077044
225.839223,0.077051
226.152559,0.077059
226.465894,0.077066
226.779230,0.077074
227.092565,0.077081
227.405901,0.077089
227.719236,0.077097
228.032572,0.077104
228.345908,0.077112
228.659243,0.077120
228.972579,0.077127
229.285914,0.077135
229.599250,0.077143
229.912585,0.077151
230.225921,0.077159
230.539257,0.077167
230.852592,0.077175
231.165928,0.077183
231.479263,0.077191
231.792599,0.077199
232.105934,0.077207
232.419270,0.077215
232.732606,0.077223
233.045941,0.077231
233.359277,0.077240
233.672612,0.077248
233.985948,0.077256
234.299283,0.077265
234.612619,0.077273
234.925954,0.077281
235.239290,0.077290
235.552626,0.077298
235.865961,0.077307
236.179297,0.077316
236.492632,0.077324
236.805968,0.077333
237.119303,0.077342
237.432639,0.077351
237.745975,0.077359
238.059310,0.077368
238.372646,0.077377
238.685981,0.077386
238.999317,0.077395
239.312652,0.077404
239.625988,0.077413
239.939324,0.077422
240.252659,0.077431
240.565995,0.077441
240.879330,0.077450
241.192666,0.077459
241.506001,0.077468
241.819337,0.077478
242.132673,0.077487
242.446008,0.077497
242.759344,0.077506
243.072679,0.077516
243.386015,0.077525
243.699350,0.077535
244.012686,0.077545
244.326022,0.077555
244.639357,0.077564
244.952693,0.077574
245.266028,0.077584
245.579364,0.077594
245.892699,0.077604
246.206035,0.077614
246.519370,0.077624
246.832706,0.077634
247.146042,0.077645
247.459377,0.077655
247.772713,0.077665
248.086048,0.077675
248.399384,0.077686
248.712719,0.077696
249.026055,0.077707
249.339391,0.077717
249.652726,0.077728
249.966062,0.077739
250.279397,0.077749
250.592733,0.077760
250.906068,0.077771
251.219404,0.077782
251.532740,0.077793
251.846075,0.077804
252.159411,0.077815
252.472746,0.077826
252.786082,0.077837
253.099417,0.077848
253.412753,0.077860
253.726089,0.077871
254.039424,0.077882
254.352760,0.077894
254.666095,0.077905
254.979431,0.077917
255.292766,0.077929
255.606102,0.077940
255.919438,0.077952
256.232773,0.077964
256.546109,0.077976
256.859444,0.077988
257.172780,0.078000
257.486115,0.078012
257.799451,0.078024
258.112787,0.078036
258.426122,0.078048
258.739458,0.078061
259.052793,0.078073
259.366129,0.078086
259.679464,0.078098
259.992800,0.078111
260.306135,0.078123
260.619471,0.078136
260.932807,0.078149
261.246142,0.078162
261.559478,0.078175
261.872813,0.078188
262.186149,0.078201
262.499484,0.078214
262.812820,0.078227
263.126156,0.078241
263.439491,0.078254
263.752827,0.078267
264.066162,0.078281
264.379498,0.078295
264.692833,0.078308
265.006169,0.078322
265.319505,0.078336
265.632840,0.078350
265.946176,0.078364
266.259511,0.078378
266.572847,0.078392
266.886182,0.078406
267.199518,0.078420
267.512854,0.078435
267.826189,0.078449
268.139525,0.078464
268.452860,0.078478
268.766196,0.078493
269.079531,0.078508
269.392867,0.078523
269.706203,0.078538
270.019538,0.078553
270.332874,0.078568
270.646209,0.078583
270.959545,0.078598
271.272880,0.078614
271.586216,0.078629
271.899551,0.078645
272.212887,0.078660
272.526223,0.078676
272.839558,0.078692
273.152894,0.078708
273.466229,0.078724
273.779565,0.078740
274.092900,0.078756
274.406236,0.078772
274.719572,0.078789
275.032907,0.078805
275.346243,0.078822
275.659578,0.078838
275.972914,0.078855
276.286249,0.078872
276.599585,0.078889
276.912921,0.078906
277.226256,0.078923
277.539592,0.078941
277.852927,0.078958
278.166263,0.078976
278.479598,0.078993
278.792934,0.079011
279.106270,0.079029
279.419605,0.079047
279.732941,0.079065
280.046276,0.079083
280.359612,0.079101
280.672947,0.079119
280.986283,0.079138
281.299619,0.079156
281.612954,0.079175
281.926290,0.079194
282.239625,0.079213
282.552961,0.079232
282.866296,0.079251
283.179632,0.079270
283.492967,0.079290
283.806303,0.079309
284.119639,0.079329
284.432974,0.079349
284.746310,0.079369
285.059645,0.079389
285.372981,0.079409
285.686316,0.079429
285.999652,0.079449
286.312988,0.079470
286.626323,0.079491
286.939659,0.079511
287.252994,0.079532
287.566330,0.079553
287.879665,0.079575
288.193001,0.079596
288.506337,0.079617
288.819672,0.079639
289.133008,0.079661
289.446343,0.079683
289.759679,0.079705
290.073014,0.079727
290.386350,0.079749
290.699686,0.079772
291.013021,0.079794
291.326357,0.079817
291.639692,0.079840
291.953028,0.079863
292.266363,0.079886
292.579699,0.079909
292.893035,0.079933
293.206370,0.079957
293.519706,0.079980
293.833041,0.080004
294.146377,0.080029
294.459712,0.080053
294.773048,0.080077
295.086384,0.080102
295.399719,0.080127
295.713055,0.080152
296.026390,0.080177
296.339726,0.080202
296.653061,0.080228
296.966397,0.080253
297.279732,0.080279
297.593068,0.080305
297.906404,0.080331
298.219739,0.080358
298.533075,0.080384
298.846410,0.080411
299.159746,0.080438
299.473081,0.080465
299.786417,0.080493
300.099753,0.080520
300.413088,0.080548
300.726424,0.080576
301.039759,0.080604
301.353095,0.080632
301.666430,0.080661
301.979766,0.080689
302.293102,0.080718
302.606437,0.080747
302.919773,0.080776
303.233108,0.080806
303.546444,0.080836
303.859779,0.080866
304.173115,0.080896
304.486451,0.080926
304.799786,0.080957
305.113122,0.080988
305.426457,0.081019
305.739793,0.081050
306.053128,0.081082
306.366464,0.081113
306.679800,0.081145
306.993135,0.081177
307.306471,0.081210
307.619806,0.081243
307.933142,0.081276
308.246477,0.081309
308.559813,0.081342
308.873148,0.081376
309.186484,0.081410
309.499820,0.081444
309.813155,0.081478
310.126491,0.081513
310.439826,0.081548
310.753162,0.081583
311.066497,0.081619
311.379833,0.081655
311.693169,0.081691
312.006504,0.081727
312.319840,0.081764
312.633175,0.081801
312.946511,0.081838
313.259846,0.081875
313.573182,0.081913
313.886518,0.081951
314.199853,0.081989
314.513189,0.082028
314.826524,0.082067
315.139860,0.082106
315.453195,0.082146
315.766531,0.082186
316.079867,0.082226
316.393202,0.082267
316.706538,0.082307
317.019873,0.082349
317.333209,0.082390
317.646544,0.082432
317.959880,0.082474
318.273216,0.082517
318.586551,0.082560
318.899887,0.082603
319.213222,0.082647
319.526558,0.082691
319.839893,0.082735
320.153229,0.082780
320.466564,0.082825
320.779900,0.082870
321.093236,0.082916
321.406571,0.082962
321.719907,0.083009
322.033242,0.083056
322.346578,0.083103
322.659913,0.083151
322.973249,0.083199
323.286585,0.083248
323.599920,0.083297
323.913256,0.083346
324.226591,0.083396
324.539927,0.083446
324.853262,0.083497
325.166598,0.083548
325.479934,0.083600
325.793269,0.083652
326.106605,0.083704
326.419940,0.083757
326.733276,0.083811
327.046611,0.083864
327.359947,0.083919
327.673283,0.083974
327.986618,0.084029
328.299954,0.084085
328.613289,0.084141
328.926625,0.084198
329.239960,0.084255
329.553296,0.084313
329.866632,0.084372
330.179967,0.084431
330.493303,0.084490
330.806638,0.084550
331.119974,0.084611
331.433309,0.084672
331.746645,0.084733
332.059981,0.084796
332.373316,0.084858
332.686652,0.084922
332.999987,0.084986
333.313323,0.085050
333.626658,0.085116
333.939994,0.085181
334.253329,0.085248
334.566665,0.085315
334.880001,0.085383
335.193336,0.085451
335.506672,0.085520
335.820007,0.085590
336.133343,0.085660
336.446678,0.085731
336.760014,0.085803
337.073350,0.085875
337.386685,0.085948
337.700021,0.086022
338.013356,0.086097
338.326692,0.086172
338.640027,0.086248
338.953363,0.086325
339.266699,0.086402
339.580034,0.086481
339.893370,0.086560
340.206705,0.086640
340.520041,0.086721
340.833376,0.086802
341.146712,0.086884
341.460048,0.086968
341.773383,0.087052
342.086719,0.087137
342.400054,0.087222
342.713390,0.087309
343.026725,0.087397
343.340061,0.087485
343.653397,0.087575
343.966732,0.087665
344.280068,0.087756
344.593403,0.087849
344.906739,0.087942
345.220074,0.088036
345.533410,0.088131
345.846745,0.088228
346.160081,0.088325
346.473417,0.088423
346.786752,0.088523
347.100088,0.088623
347.413423,0.088725
347.726759,0.088827
348.040094,0.088931
348.353430,0.089036
348.666766,0.089142
348.980101,0.089250
349.293437,0.089358
349.606772,0.089468
349.920108,0.089579
350.233443,0.089691
350.546779,0.089804
350.860115,0.089919
351.173450,0.090035
351.486786,0.090153
351.800121,0.090271
352.113457,0.090391
352.426792,0.090513
352.740128,0.090636
353.053464,0.090760
353.366799,0.090886
353.680135,0.091013
353.993470,0.091142
354.306806,0.091272
354.620141,0.091404
354.933477,0.091537
355.246813,0.091672
355.560148,0.091809
355.873484,0.091947
356.186819,0.092087
356.500155,0.092229
356.813490,0.092372
357.126826,0.092517
357.440161,0.092664
357.753497,0.092813
358.066833,0.092963
358.380168,0.093116
358.693504,0.093270
359.006839,0.093426
359.320175,0.093584
359.633510,0.093745
359.946846,0.093907
360.260182,0.094071
360.573517,0.094238
360.886853,0.094406
361.200188,0.094577
361.513524,0.094750
361.826859,0.094925
362.140195,0.095103
362.453531,0.095282
362.766866,0.095465
363.080202,0.095649
363.393537,0.095836
363.706873,0.096026
364.020208,0.096218
364.333544,0.096413
364.646880,0.096610
364.960215,0.096810
365.273551,0.097013
365.586886,0.097218
365.900222,0.097427
366.213557,0.097638
366.526893,0.097852
366.840229,0.098069
367.153564,0.098289
367.466900,0.098512
367.780235,0.098739
368.093571,0.098969
368.406906,0.099201
368.720242,0.099438
369.033577,0.099677
369.346913,0.099920
369.660249,0.100167
369.973584,0.100417
370.286920,0.100671
370.600255,0.100929
370.913591,0.101190
371.226926,0.101456
371.540262,0.101725
371.853598,0.101998
372.166933,0.102276
372.480269,0.102557
372.793604,0.102843
373.106940,0.103133
373.420275,0.103428
373.733611,0.103727
374.046947,0.104031
374.360282,0.104340
374.673618,0.104653
374.986953,0.104972
375.300289,0.105295
375.613624,0.105623
375.926960,0.105957
376.240296,0.106296
376.553631,0.106641
376.866967,0.106991
377.180302,0.107347
377.493638,0.107708
377.806973,0.108076
378.120309,0.108449
378.433645,0.108829
378.746980,0.109215
379.060316,0.109608
379.373651,0.110007
379.686987,0.110413
380.000322,0.110826
380.313658,0.111246
380.626994,0.111673
380.940329,0.112107
381.253665,0.112549
381.567000,0.112999
381.880336,0.113456
382.193671,0.113922
382.507007,0.114395
382.820342,0.114878
383.133678,0.115368
383.447014,0.115868
383.760349,0.116377
384.073685,0.116894
384.387020,0.117422
384.700356,0.117959
385.013691,0.118505
385.327027,0.119062
385.640363,0.119630
385.953698,0.120208
386.267034,0.120796
386.580369,0.121396
386.893705,0.122007
387.207040,0.122630
387.520376,0.123265
387.833712,0.123912
388.147047,0.124572
388.460383,0.125245
388.773718,0.125930
389.087054,0.126630
389.400389,0.127343
389.713725,0.128070
390.027061,0.128812
390.340396,0.129568
390.653732,0.130340
390.967067,0.131128
391.280403,0.131931
391.593738,0.132752
391.907074,0.133589
392.220410,0.134443
392.533745,0.135315
392.847081,0.136206
393.160416,0.137115
393.473752,0.138043
393.787087,0.138991
394.100423,0.139960
394.413758,0.140949
394.727094,0.141959
395.040430,0.142992
395.353765,0.144046
395.667101,0.145124
395.980436,0.146226
396.293772,0.147352
396.607107,0.148502
396.920443,0.149679
397.233779,0.150881
397.547114,0.152111
397.860450,0.153369
398.173785,0.154655
398.487121,0.155970
398.800456,0.157315
399.113792,0.158691
399.427128,0.160099
399.740463,0.161540
400.053799,0.163013
400.367134,0.164521
400.680470,0.166065
400.993805,0.167644
401.307141,0.169261
401.620477,0.170916
401.933812,0.172610
402.247148,0.174344
402.560483,0.176120
402.873819,0.177937
403.187154,0.179799
403.500490,0.181704
403.813826,0.183656
404.127161,0.185654
404.440497,0.187701
404.753832,0.189796
405.067168,0.191942
405.380503,0.194140
405.693839,0.196391
406.007174,0.198696
406.320510,0.201057
406.633846,0.203474
406.947181,0.205950
407.260517,0.208484
407.573852,0.211080
407.887188,0.213737
408.200523,0.216457
408.513859,0.219242
408.827195,0.222092
409.140530,0.225009
409.453866,0.227993
409.767201,0.231047
410.080537,0.234170
410.393872,0.237364
410.707208,0.240630
411.020544,0.243969
411.333879,0.247381
411.647215,0.250866
411.960550,0.254426
412.273886,0.258060
412.587221,0.261769
412.900557,0.265553
413.213893,0.269411
413.527228,0.273342
413.840564,0.277347
414.153899,0.281425
414.467235,0.285573
414.780570,0.289791
415.093906,0.294076
415.407242,0.298426
415.720577,0.302839
416.033913,0.307312
416.347248,0.311840
416.660584,0.316421
416.973919,0.321049
417.287255,0.325720
417.600591,0.330428
417.913926,0.335167
418.227262,0.339931
418.540597,0.344712
418.853933,0.349503
419.167268,0.354294
419.480604,0.359077
419.793939,0.363843
420.107275,0.368581
420.420611,0.373280
420.733946,0.377929
421.047282,0.382517
421.360617,0.387030
421.673953,0.391456
421.987288,0.395782
422.300624,0.399994
422.613960,0.404080
422.927295,0.408025
423.240631,0.411815
423.553966,0.415438
423.867302,0.418879
424.180637,0.422126
424.493973,0.425166
424.807309,0.427987
425.120644,0.430577
425.433980,0.432927
425.747315,0.435026
426.060651,0.436867
426.373986,0.438441
426.687322,0.439743
427.000658,0.440767
427.313993,0.441511
427.627329,0.441971
427.940664,0.442148
428.254000,0.442043
428.567335,0.441656
428.880671,0.440993
429.194007,0.440058
429.507342,0.438858
429.820678,0.437400
430.134013,0.435692
430.447349,0.433745
430.760684,0.431570
431.074020,0.429177
431.387355,0.426579
431.700691,0.423790
432.014027,0.420821
432.327362,0.417687
432.640698,0.414403
432.954033,0.410980
433.267369,0.407435
433.580704,0.403779
433.894040,0.400028
434.207376,0.396194
434.520711,0.392291
434.834047,0.388330
435.147382,0.384325
435.460718,0.380286
435.774053,0.376224
436.087389,0.372150
436.400725,0.368074
436.714060,0.364004
437.027396,0.359949
437.340731,0.355918
437.654067,0.351916
437.967402,0.347950
438.280738,0.344027
438.594074,0.340151
438.907409,0.336328
439.220745,0.332561
439.534080,0.328853
439.847416,0.325208
440.160751,0.321628
440.474087,0.318115
440.787423,0.314670
441.100758,0.311295
441.414094,0.307989
441.727429,0.304754
442.040765,0.301589
442.354100,0.298493
442.667436,0.295465
442.980771,0.292505
443.294107,0.289611
443.607443,0.286780
443.920778,0.284012
444.234114,0.281304
444.547449,0.278653
444.860785,0.276058
445.174120,0.273515
445.487456,0.271023
445.800792,0.268577
446.114127,0.266176
446.427463,0.263816
446.740798,0.261495
447.054134,0.259209
447.367469,0.256957
447.680805,0.254736
447.994141,0.252542
448.307476,0.250375
448.620812,0.248230
448.934147,0.246107
449.247483,0.244004
449.560818,0.241918
449.874154,0.239849
450.187490,0.237794
450.500825,0.235754
450.814161,0.233726
451.127496,0.231712
451.440832,0.229709
451.754167,0.227719
452.067503,0.225740
452.380839,0.223773
452.694174,0.221820
453.007510,0.219879
453.320845,0.217951
453.634181,0.216038
453.947516,0.214141
454.260852,0.212260
454.574188,0.210396
454.887523,0.208551
455.200859,0.206725
455.514194,0.204920
455.827530,0.203137
456.140865,0.201377
456.454201,0.199641
456.767536,0.197930
457.080872,0.196246
457.394208,0.194589
457.707543,0.192961
458.020879,0.191363
458.334214,0.189794
458.647550,0.188257
458.960885,0.186752
459.274221,0.185280
459.587557,0.183842
459.900892,0.182437
460.214228,0.181067
460.527563,0.179733
460.840899,0.178434
461.154234,0.177172
461.467570,0.175946
461.780906,0.174758
462.094241,0.173607
462.407577,0.172494
462.720912,0.171419
463.034248,0.170383
463.347583,0.169386
463.660919,0.168428
463.974255,0.167510
464.287590,0.166632
464.600926,0.165795
464.914261,0.164999
465.227597,0.164244
465.540932,0.163531
465.854268,0.162860
466.167604,0.162233
466.480939,0.161649
466.794275,0.161110
467.107610,0.160616
467.420946,0.160168
467.734281,0.159767
468.047617,0.159414
468.360952,0.159111
468.674288,0.158858
468.987624,0.158657
469.300959,0.158509
469.614295,0.158416
469.927630,0.158381
470.240966,0.158404
470.554301,0.158487
470.867637,0.158634
471.180973,0.158847
471.494308,0.159128
471.807644,0.159481
472.120979,0.159908
472.434315,0.160412
472.747650,0.160999
473.060986,0.161670
473.374322,0.162432
473.687657,0.163287
474.000993,0.164241
474.314328,0.165299
474.627664,0.166467
474.940999,0.167749
475.254335,0.169152
475.567671,0.170682
475.881006,0.172345
476.194342,0.174148
476.507677,0.176096
476.821013,0.178198
477.134348,0.180458
477.447684,0.182882
477.761020,0.185476
478.074355,0.188244
478.387691,0.191189
478.701026,0.194313
479.014362,0.197614
479.327697,0.201089
479.641033,0.204733
479.954368,0.208533
480.267704,0.212475
480.581040,0.216538
480.894375,0.220694
481.207711,0.224909
481.521046,0.229143
481.834382,0.233346
482.147717,0.237461
482.461053,0.241424
482.774389,0.245168
483.087724,0.248618
483.401060,0.251700
483.714395,0.254341
484.027731,0.256473
484.341066,0.258036
484.654402,0.258982
484.967738,0.259277
485.281073,0.258907
485.594409,0.257872
485.907744,0.256193
486.221080,0.253905
486.534415,0.251058
486.847751,0.247715
487.161087,0.243945
487.474422,0.239820
487.787758,0.235416
488.101093,0.230805
488.414429,0.226053
488.727764,0.221225
489.041100,0.216373
489.354436,0.211546
489.667771,0.206783
489.981107,0.202116
490.294442,0.197571
490.607778,0.193167
490.921113,0.188919
491.234449,0.184836
491.547785,0.180924
491.861120,0.177185
492.174456,0.173619
492.487791,0.170224
492.801127,0.166996
493.114462,0.163932
493.427798,0.161024
493.741133,0.158267
494.054469,0.155654
494.367805,0.153179
494.681140,0.150835
494.994476,0.148615
495.307811,0.146513
495.621147,0.144522
495.934482,0.142636
496.247818,0.140849
496.561154,0.139156
496.874489,0.137551
497.187825,0.136029
497.501160,0.134585
497.814496,0.133216
498.127831,0.131916
498.441167,0.130682
498.754503,0.129510
499.067838,0.128397
499.381174,0.127339
499.694509,0.126334
500.007845,0.125379
500.321180,0.124470
500.634516,0.123606
500.947852,0.122784
501.261187,0.122002
501.574523,0.121258
501.887858,0.120550
502.201194,0.119877
502.514529,0.119237
502.827865,0.118628
503.141201,0.118049
503.454536,0.117499
503.767872,0.116976
504.081207,0.116480
504.394543,0.116009
504.707878,0.115562
505.021214,0.115139
505.334549,0.114738
505.647885,0.114360
505.961221,0.114002
506.274556,0.113665
506.587892,0.113349
506.901227,0.113051
507.214563,0.112773
507.527898,0.112512
507.841234,0.112270
508.154570,0.112046
508.467905,0.111839
508.781241,0.111650
509.094576,0.111477
509.407912,0.111321
509.721247,0.111182
510.034583,0.111059
510.347919,0.110952
510.661254,0.110862
510.974590,0.110788
511.287925,0.110730
511.601261,0.110689
511.914596,0.110665
512.227932,0.110657
512.541268,0.110666
512.854603,0.110692
513.167939,0.110736
513.481274,0.110797
513.794610,0.110876
514.107945,0.110974
514.421281,0.111091
514.734617,0.111227
515.047952,0.111383
515.361288,0.111560
515.674623,0.111758
515.987959,0.111978
516.301294,0.112221
516.614630,0.112487
516.927965,0.112778
517.241301,0.113094
517.554637,0.113436
517.867972,0.113806
518.181308,0.114204
518.494643,0.114633
518.807979,0.115092
519.121314,0.115583
519.434650,0.116108
519.747986,0.116667
520.061321,0.117263
520.374657,0.117896
520.687992,0.118567
521.001328,0.119278
521.314663,0.120030
521.627999,0.120823
521.941335,0.121658
522.254670,0.122535
522.568006,0.123454
522.881341,0.124414
523.194677,0.125414
523.508012,0.126451
523.821348,0.127524
524.134684,0.128627
524.448019,0.129755
524.761355,0.130903
525.074690,0.132063
525.388026,0.133226
525.701361,0.134383
526.014697,0.135521
526.328033,0.136630
526.641368,0.137697
526.954704,0.138709
527.268039,0.139653
527.581375,0.140519
527.894710,0.141296
528.208046,0.141977
528.521382,0.142555
528.834717,0.143029
529.148053,0.143398
529.461388,0.143665
529.774724,0.143838
530.088059,0.143925
530.401395,0.143937
530.714730,0.143886
531.028066,0.143786
531.341402,0.143651
531.654737,0.143495
531.968073,0.143331
532.281408,0.143173
532.594744,0.143032
532.908079,0.142919
533.221415,0.142842
533.534751,0.142810
533.848086,0.142830
534.161422,0.142907
534.474757,0.143046
534.788093,0.143251
535.101428,0.143525
535.414764,0.143871
535.728100,0.144290
536.041435,0.144784
536.354771,0.145354
536.668106,0.146001
536.981442,0.146724
537.294777,0.147526
537.608113,0.148405
537.921449,0.149362
538.234784,0.150396
538.548120,0.151508
538.861455,0.152696
539.174791,0.153960
539.488126,0.155300
539.801462,0.156714
540.114798,0.158200
540.428133,0.159759
540.741469,0.161386
541.054804,0.163081
541.368140,0.164841
541.681475,0.166661
541.994811,0.168539
542.308146,0.170469
542.621482,0.172447
542.934818,0.174467
543.248153,0.176521
543.561489,0.178604
543.874824,0.180705
544.188160,0.182815
544.501495,0.184925
544.814831,0.187023
545.128167,0.189096
545.441502,0.191133
545.754838,0.193118
546.068173,0.195038
546.381509,0.196878
546.694844,0.198623
547.008180,0.200257
547.321516,0.201765
547.634851,0.203133
547.948187,0.204347
548.261522,0.205394
548.574858,0.206262
548.888193,0.206940
549.201529,0.207420
549.514865,0.207697
549.828200,0.207764
550.141536,0.207621
550.454871,0.207268
550.768207,0.206706
551.081542,0.205941
551.394878,0.204979
551.708214,0.203829
552.021549,0.202501
552.334885,0.201008
552.648220,0.199361
552.961556,0.197576
553.274891,0.195665
553.588227,0.193645
553.901562,0.191530
554.214898,0.189335
554.528234,0.187074
554.841569,0.184760
555.154905,0.182407
555.468240,0.180028
555.781576,0.177633
556.094911,0.175233
556.408247,0.172837
556.721583,0.170455
557.034918,0.168093
557.348254,0.165759
557.661589,0.163458
557.974925,0.161194
558.288260,0.158974
558.601596,0.156799
558.914932,0.154673
559.228267,0.152597
559.541603,0.150574
559.854938,0.148605
560.168274,0.146691
560.481609,0.144831
560.794945,0.143027
561.108281,0.141277
561.421616,0.139582
561.734952,0.137940
562.048287,0.136352
562.361623,0.134816
562.674958,0.133330
562.988294,0.131895
563.301630,0.130508
563.614965,0.129168
563.928301,0.127874
564.241636,0.126625
564.554972,0.125420
564.868307,0.124256
565.181643,0.123133
565.494979,0.122049
565.808314,0.121003
566.121650,0.119994
566.434985,0.119020
566.748321,0.118080
567.061656,0.117173
567.374992,0.116298
567.688327,0.115453
568.001663,0.114638
568.314999,0.113851
568.628334,0.113092
568.941670,0.112359
569.255005,0.111651
569.568341,0.110968
569.881676,0.110309
570.195012,0.109672
570.508348,0.109057
570.821683,0.108464
571.135019,0.107890
571.448354,0.107337
571.761690,0.106802
572.075025,0.106285
572.388361,0.105787
572.701697,0.105305
573.015032,0.104840
573.328368,0.104390
573.641703,0.103956
573.955039,0.103537
574.268374,0.103133
574.581710,0.102742
574.895046,0.102364
575.208381,0.102000
575.521717,0.101649
575.835052,0.101309
576.148388,0.100982
576.461723,0.100666
576.775059,0.100362
577.088395,0.100068
577.401730,0.099785
577.715066,0.099512
578.028401,0.099250
578.341737,0.098997
578.655072,0.098754
578.968408,0.098520
579.281743,0.098295
579.595079,0.098080
579.908415,0.097873
580.221750,0.097675
580.535086,0.097485
580.848421,0.097303
581.161757,0.097130
581.475092,0.096964
581.788428,0.096807
582.101764,0.096657
582.415099,0.096515
582.728435,0.096380
583.041770,0.096253
583.355106,0.096133
583.668441,0.096021
583.981777,0.095916
584.295113,0.095818
584.608448,0.095728
584.921784,0.095645
585.235119,0.095569
585.548455,0.095500
585.861790,0.095438
586.175126,0.095384
586.488462,0.095337
586.801797,0.095297
587.115133,0.095265
587.428468,0.095240
587.741804,0.095223
588.055139,0.095213
588.368475,0.095211
588.681811,0.095217
588.995146,0.095231
589.308482,0.095253
589.621817,0.095283
589.935153,0.095322
590.248488,0.095369
590.561824,0.095425
590.875159,0.095490
591.188495,0.095565
591.501831,0.095649
591.815166,0.095743
592.128502,0.095847
592.441837,0.095961
592.755173,0.096087
593.068508,0.096223
593.381844,0.096372
593.695180,0.096532
594.008515,0.096705
594.321851,0.096891
594.635186,0.097090
594.948522,0.097303
595.261857,0.097532
595.575193,0.097775
595.888529,0.098035
596.201864,0.098311
596.515200,0.098605
596.828535,0.098917
597.141871,0.099249
597.455206,0.099601
597.768542,0.099974
598.081878,0.100369
598.395213,0.100788
598.708549,0.101231
599.021884,0.101700
599.335220,0.102196
599.648555,0.102721
599.961891,0.103276
600.275227,0.103862
600.588562,0.104482
600.901898,0.105137
601.215233,0.105828
601.528569,0.106558
601.841904,0.107328
602.155240,0.108141
602.468575,0.108998
602.781911,0.109901
603.095247,0.110852
603.408582,0.111854
603.721918,0.112908
604.035253,0.114015
604.348589,0.115178
604.661924,0.116398
604.975260,0.117675
605.288596,0.119010
605.601931,0.120404
605.915267,0.121856
606.228602,0.123364
606.541938,0.124926
606.855273,0.126540
607.168609,0.128199
607.481945,0.129900
607.795280,0.131633
608.108616,0.133390
608.421951,0.135159
608.735287,0.136927
609.048622,0.138679
609.361958,0.140399
609.675294,0.142067
609.988629,0.143663
610.301965,0.145165
610.615300,0.146553
610.928636,0.147803
611.241971,0.148894
611.555307,0.149808
611.868643,0.150527
612.181978,0.151037
612.495314,0.151328
612.808649,0.151394
613.121985,0.151235
613.435320,0.150853
613.748656,0.150256
614.061992,0.149457
614.375327,0.148472
614.688663,0.147318
615.001998,0.146017
615.315334,0.144589
615.628669,0.143057
615.942005,0.141443
616.255340,0.139767
616.568676,0.138049
616.882012,0.136308
617.195347,0.134559
617.508683,0.132816
617.822018,0.131092
618.135354,0.129397
618.448689,0.127740
618.762025,0.126126
619.075361,0.124563
619.388696,0.123052
619.702032,0.121598
620.015367,0.120202
620.328703,0.118866
620.642038,0.117588
620.955374,0.116370
621.268710,0.115209
621.582045,0.114106
621.895381,0.113059
622.208716,0.112065
622.522052,0.111124
622.835387,0.110234
623.148723,0.109392
623.462059,0.108597
623.775394,0.107847
624.088730,0.107140
624.402065,0.106474
624.715401,0.105847
625.028736,0.105258
625.342072,0.104704
625.655408,0.104185
625.968743,0.103699
626.282079,0.103245
626.595414,0.102820
626.908750,0.102424
627.222085,0.102056
627.535421,0.101714
627.848756,0.101398
628.162092,0.101106
628.475428,0.100838
628.788763,0.100593
629.102099,0.100369
629.415434,0.100167
629.728770,0.099985
630.042105,0.099823
630.355441,0.099681
630.668777,0.099557
630.982112,0.099452
631.295448,0.099365
631.608783,0.099296
631.922119,0.099243
632.235454,0.099208
632.548790,0.099190
632.862126,0.099188
633.175461,0.099203
633.488797,0.099234
633.802132,0.099282
634.115468,0.099345
634.428803,0.099425
634.742139,0.099521
635.055475,0.099633
635.368810,0.099762
635.682146,0.099907
635.995481,0.100069
636.308817,0.100247
636.622152,0.100443
636.935488,0.100656
637.248824,0.100886
637.562159,0.101135
637.875495,0.101401
638.188830,0.101687
638.502166,0.101991
638.815501,0.102315
639.128837,0.102660
639.442172,0.103025
639.755508,0.103411
640.068844,0.103819
640.382179,0.104249
640.695515,0.104703
641.008850,0.105181
641.322186,0.105683
641.635521,0.106212
641.948857,0.106766
642.262193,0.107348
642.575528,0.107959
642.888864,0.108599
643.202199,0.109270
643.515535,0.109972
643.828870,0.110706
644.142206,0.111475
644.455542,0.112279
644.768877,0.113119
645.082213,0.113997
645.395548,0.114914
645.708884,0.115871
646.022219,0.116870
646.335555,0.117912
646.648891,0.118998
646.962226,0.120129
647.275562,0.121308
647.588897,0.122534
647.902233,0.123810
648.215568,0.125135
648.528904,0.126512
648.842240,0.127940
649.155575,0.129421
649.468911,0.130953
649.782246,0.132538
650.095582,0.134175
650.408917,0.135863
650.722253,0.137601
651.035589,0.139386
651.348924,0.141217
651.662260,0.143090
651.975595,0.145002
652.288931,0.146948
652.602266,0.148921
652.915602,0.150917
653.228937,0.152926
653.542273,0.154942
653.855609,0.156953
654.168944,0.158949
654.482280,0.160918
654.795615,0.162848
655.108951,0.164725
655.422286,0.166535
655.735622,0.168262
656.048958,0.169892
656.362293,0.171408
656.675629,0.172797
656.988964,0.174042
657.302300,0.175131
657.615635,0.176050
657.928971,0.176789
658.242307,0.177338
658.555642,0.177690
658.868978,0.177841
659.182313,0.177789
659.495649,0.177532
659.808984,0.177075
660.122320,0.176422
660.435656,0.175580
660.748991,0.174560
661.062327,0.173373
661.375662,0.172031
661.688998,0.170549
662.002333,0.168940
662.315669,0.167221
662.629005,0.165407
662.942340,0.163513
663.255676,0.161554
663.569011,0.159543
663.882347,0.157496
664.195682,0.155423
664.509018,0.153337
664.822353,0.151248
665.135689,0.149166
665.449025,0.147099
665.762360,0.145054
666.075696,0.143038
666.389031,0.141056
666.702367,0.139113
667.015702,0.137212
667.329038,0.135356
667.642374,0.133547
667.955709,0.131788
668.269045,0.130079
668.582380,0.128422
668.895716,0.126815
669.209051,0.125260
669.522387,0.123757
669.835723,0.122303
670.149058,0.120900
670.462394,0.119545
670.775729,0.118238
671.089065,0.116977
671.402400,0.115762
671.715736,0.114591
672.029072,0.113463
672.342407,0.112376
672.655743,0.111329
672.969078,0.110320
673.282414,0.109348
673.595749,0.108412
673.909085,0.107511
674.222421,0.106643
674.535756,0.105806
674.849092,0.105000
675.162427,0.104223
675.475763,0.103475
675.789098,0.102753
676.102434,0.102058
676.415769,0.101387
676.729105,0.100740
677.042441,0.100116
677.355776,0.099514
677.669112,0.098933
677.982447,0.098372
678.295783,0.097830
678.609118,0.097307
678.922454,0.096801
679.235790,0.096313
679.549125,0.095841
679.862461,0.095384
680.175796,0.094943
680.489132,0.094516
680.802467,0.094103
681.115803,0.093703
681.429139,0.093316
681.742474,0.092941
682.055810,0.092578
682.369145,0.092226
682.682481,0.091885
682.995816,0.091554
683.309152,0.091234
683.622488,0.090923
683.935823,0.090621
684.249159,0.090328
684.562494,0.090044
684.875830,0.089768
685.189165,0.089501
685.502501,0.089240
685.815837,0.088987
686.129172,0.088742
686.442508,0.088503
686.755843,0.088270
687.069179,0.088044
687.382514,0.087824
687.695850,0.087611
688.009186,0.087402
688.322521,0.087200
688.635857,0.087002
688.949192,0.086810
689.262528,0.086623
689.575863,0.086440
689.889199,0.086262
690.202534,0.086089
690.515870,0.085920
690.829206,0.085755
691.142541,0.085594
691.455877,0.085437
691.769212,0.085284
692.082548,0.085135
692.395883,0.084989
692.709219,0.084846
693.022555,0.084707
