# rshift,intensity
58.469934,0.032420
58.772777,0.032425
59.075619,0.032430
59.378462,0.032436
59.681305,0.032441
59.984148,0.032446
60.286991,0.032452
60.589834,0.032457
60.892677,0.032463
61.195520,0.032468
61.498363,0.032474
61.801206,0.032479
62.104049,0.032485
62.406892,0.032490
62.709735,0.032496
63.012577,0.032501
63.315420,0.032507
63.618263,0.032513
63.921106,0.032518
64.223949,0.032524
64.526792,0.032529
64.829635,0.032535
65.132478,0.032541
65.435321,0.032546
65.738164,0.032552
66.041007,0.032558
66.343850,0.032564
66.646693,0.032569
66.949535,0.032575
67.252378,0.032581
67.555221,0.032587
67.858064,0.032592
68.160907,0.032598
68.463750,0.032604
68.766593,0.032610
69.069436,0.032616
69.372279,0.032622
69.675122,0.032628
69.977965,0.032633
70.280808,0.032639
70.583651,0.032645
70.886494,0.032651
71.189336,0.032657
71.492179,0.032663
71.795022,0.032669
72.097865,0.032675
72.400708,0.032681
72.703551,0.032687
73.006394,0.032693
73.309237,0.032700
73.612080,0.032706
73.914923,0.032712
74.217766,0.032718
74.520609,0.032724
74.823452,0.032730
75.126294,0.032736
75.429137,0.032743
75.731980,0.032749
76.034823,0.032755
76.337666,0.032761
76.640509,0.032768
76.943352,0.032774
77.246195,0.032780
77.549038,0.032787
77.851881,0.032793
78.154724,0.032799
78.457567,0.032806
78.760410,0.032812
79.063252,0.032819
79.366095,0.032825
79.668938,0.032832
79.971781,0.032838
80.274624,0.032844
80.577467,0.032851
80.880310,0.032858
81.183153,0.032864
81.485996,0.032871
81.788839,0.032877
82.091682,0.032884
82.394525,0.032890
82.697368,0.032897
83.000210,0.032904
83.303053,0.032910
83.605896,0.032917
83.908739,0.032924
84.211582,0.032931
84.514425,0.032937
84.817268,0.032944
85.120111,0.032951
85.422954,0.032958
85.725797,0.032965
86.028640,0.032971
86.331483,0.032978
86.634326,0.032985
86.937168,0.032992
87.240011,0.032999
87.542854,0.033006
87.845697,0.033013
88.148540,0.033020
88.451383,0.033027
88.754226,0.033034
89.057069,0.033041
89.359912,0.033048
89.662755,0.033055
89.965598,0.033062
90.268441,0.033069
90.571284,0.033077
90.874126,0.033084
91.176969,0.033091
91.479812,0.033098
91.782655,0.033105
92.085498,0.033113
92.388341,0.033120
92.691184,0.033127
92.994027,0.033135
93.296870,0.033142
93.599713,0.033149
93.902556,0.033157
94.205399,0.033164
94.508242,0.033172
94.811085,0.033179
95.113927,0.033186
95.416770,0.033194
95.719613,0.033201
96.022456,0.033209
96.325299,0.033217
96.628142,0.033224
96.930985,0.033232
97.233828,0.033239
97.536671,0.033247
97.839514,0.033255
98.142357,0.033262
98.445200,0.033270
98.748043,0.033278
99.050885,0.033286
99.353728,0.033294
99.656571,0.033301
99.959414,0.033309
100.262257,0.033317
100.565100,0.033325
100.867943,0.033333
101.170786,0.033341
101.473629,0.033349
101.776472,0.033357
102.079315,0.033365
102.382158,0.033373
102.685001,0.033381
102.987843,0.033389
103.290686,0.033397
103.593529,0.033405
103.896372,0.033413
104.199215,0.033421
104.502058,0.033430
104.804901,0.033438
105.107744,0.033446
105.410587,0.033454
105.713430,0.033463
106.016273,0.033471
106.319116,0.033479
106.621959,0.033488
106.924801,0.033496
107.227644,0.033505
107.530487,0.033513
107.833330,0.033522
108.136173,0.033530
108.439016,0.033539
108.741859,0.033547
109.044702,0.033556
109.347545,0.033564
109.650388,0.033573
109.953231,0.033582
110.256074,0.033590
110.558917,0.033599
110.861759,0.033608
111.164602,0.033617
111.467445,0.033626
111.770288,0.033634
112.073131,0.033643
112.375974,0.033652
112.678817,0.033661
112.981660,0.033670
113.284503,0.033679
113.587346,0.033688
113.890189,0.033697
114.193032,0.033706
114.495875,0.033715
114.798717,0.033724
115.101560,0.033733
115.404403,0.033743
115.707246,0.033752
116.010089,0.033761
116.312932,0.033770
116.615775,0.033780
116.918618,0.033789
117.221461,0.033798
117.524304,0.033808
117.827147,0.033817
118.129990,0.033827
118.432833,0.033836
118.735675,0.033846
119.038518,0.033855
119.341361,0.033865
119.644204,0.033874
119.947047,0.033884
120.249890,0.033894
120.552733,0.033903
120.855576,0.033913
121.158419,0.033923
121.461262,0.033932
121.764105,0.033942
122.066948,0.033952
122.369791,0.033962
122.672634,0.033972
122.975476,0.033982
123.278319,0.033992
123.581162,0.034002
123.884005,0.034012
124.186848,0.034022
124.489691,0.034032
124.792534,0.034042
125.095377,0.034052
125.398220,0.034063
125.701063,0.034073
126.003906,0.034083
126.306749,0.034093
126.609592,0.034104
126.912434,0.034114
127.215277,0.034125
127.518120,0.034135
127.820963,0.034146
128.123806,0.034156
128.426649,0.034167
128.729492,0.034177
129.032335,0.034188
129.335178,0.034199
129.638021,0.034209
129.940864,0.034220
130.243707,0.034231
130.546550,0.034242
130.849392,0.034252
131.152235,0.034263
131.455078,0.034274
131.757921,0.034285
132.060764,0.034296
132.363607,0.034307
132.666450,0.034318
132.969293,0.034329
133.272136,0.034341
133.574979,0.034352
133.877822,0.034363
134.180665,0.034374
134.483508,0.034385
134.786350,0.034397
135.089193,0.034408
135.392036,0.034420
135.694879,0.034431
135.997722,0.034443
136.300565,0.034454
136.603408,0.034466
136.906251,0.034477
137.209094,0.034489
137.511937,0.034501
137.814780,0.034512
138.117623,0.034524
138.420466,0.034536
138.723308,0.034548
139.026151,0.034560
139.328994,0.034572
139.631837,0.034584
139.934680,0.034596
140.237523,0.034608
140.540366,0.034620
140.843209,0.034632
141.146052,0.034644
141.448895,0.034656
141.751738,0.034669
142.054581,0.034681
142.357424,0.034693
142.660266,0.034706
142.963109,0.034718
143.265952,0.034731
143.568795,0.034743
143.871638,0.034756
144.174481,0.034769
144.477324,0.034781
144.780167,0.034794
145.083010,0.034807
145.385853,0.034820
145.688696,0.034832
145.991539,0.034845
146.294382,0.034858
146.597224,0.034871
146.900067,0.034884
147.202910,0.034897
147.505753,0.034911
147.808596,0.034924
148.111439,0.034937
148.414282,0.034950
148.717125,0.034964
149.019968,0.034977
149.322811,0.034990
149.625654,0.035004
149.928497,0.035017
150.231340,0.035031
150.534183,0.035045
150.837025,0.035058
151.139868,0.035072
151.442711,0.035086
151.745554,0.035100
152.048397,0.035114
152.351240,0.035128
152.654083,0.035142
152.956926,0.035156
153.259769,0.035170
153.562612,0.035184
153.865455,0.035198
154.168298,0.035212
154.471141,0.035227
154.773983,0.035241
155.076826,0.035255
155.379669,0.035270
155.682512,0.035284
155.985355,0.035299
156.288198,0.035314
156.591041,0.035328
156.893884,0.035343
157.196727,0.035358
157.499570,0.035373
157.802413,0.035388
158.105256,0.035403
158.408099,0.035418
158.710941,0.035433
159.013784,0.035448
159.316627,0.035463
159.619470,0.035478
159.922313,0.035494
160.225156,0.035509
160.527999,0.035524
160.830842,0.035540
161.133685,0.035555
161.436528,0.035571
161.739371,0.035587
162.042214,0.035602
162.345057,0.035618
162.647899,0.035634
162.950742,0.035650
163.253585,0.035666
163.556428,0.035682
163.859271,0.035698
164.162114,0.035714
164.464957,0.035730
164.767800,0.035747
165.070643,0.035763
165.373486,0.035780
165.676329,0.035796
165.979172,0.035813
166.282015,0.035829
166.584857,0.035846
166.887700,0.035863
167.190543,0.035879
167.493386,0.035896
167.796229,0.035913
168.099072,0.035930
168.401915,0.035947
168.704758,0.035965
169.007601,0.035982
169.310444,0.035999
169.613287,0.036016
169.916130,0.036034
170.218973,0.036051
170.521815,0.036069
170.824658,0.036087
171.127501,0.036104
171.430344,0.036122
171.733187,0.036140
172.036030,0.036158
172.338873,0.036176
172.641716,0.036194
172.944559,0.036212
173.247402,0.036230
173.550245,0.036249
173.853088,0.036267
174.155931,0.036286
174.458774,0.036304
174.761616,0.036323
175.064459,0.036341
175.367302,0.036360
175.670145,0.036379
175.972988,0.036398
176.275831,0.036417
176.578674,0.036436
176.881517,0.036455
177.184360,0.036474
177.487203,0.036494
177.790046,0.036513
178.092889,0.036532
178.395732,0.036552
178.698574,0.036572
179.001417,0.036591
179.304260,0.036611
179.607103,0.036631
179.909946,0.036651
180.212789,0.036671
180.515632,0.036691
180.818475,0.036711
181.121318,0.036732
181.424161,0.036752
181.727004,0.036773
182.029847,0.036793
182.332690,0.036814
182.635532,0.036835
182.938375,0.036855
183.241218,0.036876
183.544061,0.036897
183.846904,0.036919
184.149747,0.036940
184.452590,0.036961
184.755433,0.036982
185.058276,0.037004
185.361119,0.037026
185.663962,0.037047
185.966805,0.037069
186.269648,0.037091
186.572490,0.037113
186.875333,0.037135
187.178176,0.037157
187.481019,0.037179
187.783862,0.037202
188.086705,0.037224
188.389548,0.037247
188.692391,0.037269
188.995234,0.037292
189.298077,0.037315
189.600920,0.037338
189.903763,0.037361
190.206606,0.037384
190.509448,0.037407
190.812291,0.037431
191.115134,0.037454
191.417977,0.037478
191.720820,0.037501
192.023663,0.037525
192.326506,0.037549
192.629349,0.037573
192.932192,0.037597
193.235035,0.037621
193.537878,0.037646
193.840721,0.037670
194.143564,0.037695
194.446406,0.037719
194.749249,0.037744
195.052092,0.037769
195.354935,0.037794
195.657778,0.037819
195.960621,0.037844
196.263464,0.037870
196.566307,0.037895
196.869150,0.037921
197.171993,0.037946
197.474836,0.037972
197.777679,0.037998
198.080522,0.038024
198.383364,0.038050
198.686207,0.038077
198.989050,0.038103
199.291893,0.038130
199.594736,0.038156
199.897579,0.038183
200.200422,0.038210
200.503265,0.038237
200.806108,0.038264
201.108951,0.038292
201.411794,0.038319
201.714637,0.038347
202.017480,0.038374
202.320323,0.038402
202.623165,0.038430
202.926008,0.038458
203.228851,0.038487
203.531694,0.038515
203.834537,0.038544
204.137380,0.038572
204.440223,0.038601
204.743066,0.038630
205.045909,0.038659
205.348752,0.038688
205.651595,0.038718
205.954438,0.038747
206.257281,0.038777
206.560123,0.038807
206.862966,0.038837
207.165809,0.038867
207.468652,0.038897
207.771495,0.038927
208.074338,0.038958
208.377181,0.038989
208.680024,0.039019
208.982867,0.039050
209.285710,0.039082
209.588553,0.039113
209.891396,0.039144
210.194239,0.039176
210.497081,0.039208
210.799924,0.039240
211.102767,0.039272
211.405610,0.039304
211.708453,0.039337
212.011296,0.039369
212.314139,0.039402
212.616982,0.039435
212.919825,0.039468
213.222668,0.039501
213.525511,0.039535
213.828354,0.039568
214.131197,0.039602
214.434039,0.039636
214.736882,0.039670
215.039725,0.039705
215.342568,0.039739
215.645411,0.039774
215.948254,0.039809
216.251097,0.039844
216.553940,0.039879
216.856783,0.039914
217.159626,0.039950
217.462469,0.039986
217.765312,0.040021
218.068155,0.040058
218.370997,0.040094
218.673840,0.040131
218.976683,0.040167
219.279526,0.040204
219.582369,0.040241
219.885212,0.040279
220.188055,0.040316
220.490898,0.040354
220.793741,0.040392
221.096584,0.040430
221.399427,0.040468
221.702270,0.040507
222.005113,0.040546
222.307955,0.040584
222.610798,0.040624
222.913641,0.040663
223.216484,0.040703
223.519327,0.040742
223.822170,0.040782
224.125013,0.040823
224.427856,0.040863
224.730699,0.040904
225.033542,0.040945
225.336385,0.040986
225.639228,0.041027
225.942071,0.041069
226.244914,0.041111
226.547756,0.041153
226.850599,0.041195
227.153442,0.041238
227.456285,0.041280
227.759128,0.041324
228.061971,0.041367
228.364814,0.041410
228.667657,0.041454
228.970500,0.041498
229.273343,0.041542
229.576186,0.041587
229.879029,0.041632
230.181872,0.041677
230.484714,0.041722
230.787557,0.041767
231.090400,0.041813
231.393243,0.041859
231.696086,0.041906
231.998929,0.041952
232.301772,0.041999
232.604615,0.042046
232.907458,0.042094
233.210301,0.042141
233.513144,0.042189
233.815987,0.042238
234.118830,0.042286
234.421672,0.042335
234.724515,0.042384
235.027358,0.042433
235.330201,0.042483
235.633044,0.042533
235.935887,0.042583
236.238730,0.042634
236.541573,0.042685
236.844416,0.042736
237.147259,0.042788
237.450102,0.042839
237.752945,0.042892
238.055788,0.042944
238.358630,0.042997
238.661473,0.043050
238.964316,0.043103
239.267159,0.043157
239.570002,0.043211
239.872845,0.043265
240.175688,0.043320
240.478531,0.043375
240.781374,0.043431
241.084217,0.043486
241.387060,0.043542
241.689903,0.043599
241.992746,0.043656
242.295588,0.043713
242.598431,0.043770
242.901274,0.043828
243.204117,0.043886
243.506960,0.043945
243.809803,0.044004
244.112646,0.044063
244.415489,0.044123
244.718332,0.044183
245.021175,0.044244
245.324018,0.044304
245.626861,0.044366
245.929704,0.044427
246.232546,0.044489
246.535389,0.044552
246.838232,0.044615
247.141075,0.044678
247.443918,0.044742
247.746761,0.044806
248.049604,0.044870
248.352447,0.044935
248.655290,0.045000
248.958133,0.045066
249.260976,0.045132
249.563819,0.045199
249.866662,0.045266
250.169504,0.045334
250.472347,0.045402
250.775190,0.045470
251.078033,0.045539
251.380876,0.045608
251.683719,0.045678
251.986562,0.045748
252.289405,0.045819
252.592248,0.045890
252.895091,0.045962
253.197934,0.046034
253.500777,0.046107
253.803620,0.046180
254.106463,0.046254
254.409305,0.046328
254.712148,0.046403
255.014991,0.046478
255.317834,0.046554
255.620677,0.046630
255.923520,0.046707
256.226363,0.046784
256.529206,0.046862
256.832049,0.046940
257.134892,0.047019
257.437735,0.047099
257.740578,0.047179
258.043421,0.047259
258.346263,0.047341
258.649106,0.047422
258.951949,0.047505
259.254792,0.047588
259.557635,0.047671
259.860478,0.047755
260.163321,0.047840
260.466164,0.047926
260.769007,0.048012
261.071850,0.048098
261.374693,0.048185
261.677536,0.048273
261.980379,0.048362
262.283221,0.048451
262.586064,0.048541
262.888907,0.048631
263.191750,0.048722
263.494593,0.048814
263.797436,0.048906
264.100279,0.049000
264.403122,0.049093
264.705965,0.049188
265.008808,0.049283
265.311651,0.049379
265.614494,0.049476
265.917337,0.049573
266.220179,0.049671
266.523022,0.049770
266.825865,0.049870
267.128708,0.049970
267.431551,0.050072
267.734394,0.050173
268.037237,0.050276
268.340080,0.050380
268.642923,0.050484
268.945766,0.050589
269.248609,0.050695
269.551452,0.050802
269.854295,0.050909
270.157137,0.051018
270.459980,0.051127
270.762823,0.051237
271.065666,0.051348
271.368509,0.051460
271.671352,0.051573
271.974195,0.051686
272.277038,0.051801
272.579881,0.051916
272.882724,0.052033
273.185567,0.052150
273.488410,0.052268
273.791253,0.052387
274.094095,0.052508
274.396938,0.052629
274.699781,0.052751
275.002624,0.052874
275.305467,0.052998
275.608310,0.053123
275.911153,0.053249
276.213996,0.053376
276.516839,0.053505
276.819682,0.053634
277.122525,0.053764
277.425368,0.053896
277.728211,0.054028
278.031054,0.054162
278.333896,0.054297
278.636739,0.054432
278.939582,0.054569
279.242425,0.054708
279.545268,0.054847
279.848111,0.054987
280.150954,0.055129
280.453797,0.055272
280.756640,0.055416
281.059483,0.055562
281.362326,0.055708
281.665169,0.055856
281.968012,0.056005
282.270854,0.056156
282.573697,0.056307
282.876540,0.056460
283.179383,0.056615
283.482226,0.056770
283.785069,0.056927
284.087912,0.057086
284.390755,0.057246
284.693598,0.057407
284.996441,0.057570
285.299284,0.057734
285.602127,0.057899
285.904970,0.058066
286.207812,0.058235
286.510655,0.058405
286.813498,0.058576
287.116341,0.058750
287.419184,0.058924
287.722027,0.059100
288.024870,0.059278
288.327713,0.059458
288.630556,0.059639
288.933399,0.059821
289.236242,0.060006
289.539085,0.060192
289.841928,0.060380
290.144770,0.060569
290.447613,0.060760
290.750456,0.060953
291.053299,0.061148
291.356142,0.061345
291.658985,0.061543
291.961828,0.061743
292.264671,0.061945
292.567514,0.062150
292.870357,0.062355
293.173200,0.062563
293.476043,0.062773
293.778886,0.062985
294.081728,0.063199
294.384571,0.063415
294.687414,0.063632
294.990257,0.063852
295.293100,0.064074
295.595943,0.064298
295.898786,0.064525
296.201629,0.064753
296.504472,0.064984
296.807315,0.065217
297.110158,0.065452
297.413001,0.065689
297.715844,0.065929
298.018686,0.066171
298.321529,0.066415
298.624372,0.066662
298.927215,0.066911
299.230058,0.067163
299.532901,0.067417
299.835744,0.067673
300.138587,0.067932
300.441430,0.068194
300.744273,0.068458
301.047116,0.068724
301.349959,0.068994
301.652802,0.069266
301.955644,0.069540
302.258487,0.069818
302.561330,0.070098
302.864173,0.070381
303.167016,0.070667
303.469859,0.070955
303.772702,0.071246
304.075545,0.071541
304.378388,0.071838
304.681231,0.072138
304.984074,0.072441
305.286917,0.072748
305.589760,0.073057
305.892603,0.073369
306.195445,0.073685
306.498288,0.074003
306.801131,0.074325
307.103974,0.074650
307.406817,0.074979
307.709660,0.075310
308.012503,0.075645
308.315346,0.075983
308.618189,0.076325
308.921032,0.076670
309.223875,0.077019
309.526718,0.077371
309.829561,0.077726
310.132403,0.078085
310.435246,0.078448
310.738089,0.078814
311.040932,0.079184
311.343775,0.079558
311.646618,0.079935
311.949461,0.080316
312.252304,0.080701
312.555147,0.081090
312.857990,0.081482
313.160833,0.081879
313.463676,0.082279
313.766519,0.082684
314.069361,0.083092
314.372204,0.083504
314.675047,0.083920
314.977890,0.084341
315.280733,0.084765
315.583576,0.085194
315.886419,0.085626
316.189262,0.086063
316.492105,0.086504
316.794948,0.086950
317.097791,0.087399
317.400634,0.087853
317.703477,0.088311
318.006319,0.088774
318.309162,0.089240
318.612005,0.089711
318.914848,0.090187
319.217691,0.090667
319.520534,0.091151
319.823377,0.091640
320.126220,0.092133
320.429063,0.092630
320.731906,0.093132
321.034749,0.093639
321.337592,0.094150
321.640435,0.094665
321.943277,0.095185
322.246120,0.095709
322.548963,0.096238
322.851806,0.096771
323.154649,0.097308
323.457492,0.097850
323.760335,0.098397
324.063178,0.098948
324.366021,0.099503
324.668864,0.100062
324.971707,0.100626
325.274550,0.101194
325.577393,0.101767
325.880235,0.102344
326.183078,0.102924
326.485921,0.103510
326.788764,0.104099
327.091607,0.104692
327.394450,0.105289
327.697293,0.105890
328.000136,0.106495
328.302979,0.107104
328.605822,0.107717
328.908665,0.108333
329.211508,0.108953
329.514351,0.109576
329.817194,0.110203
330.120036,0.110833
330.422879,0.111467
330.725722,0.112103
331.028565,0.112743
331.331408,0.113385
331.634251,0.114030
331.937094,0.114678
332.239937,0.115328
332.542780,0.115981
332.845623,0.116635
333.148466,0.117292
333.451309,0.117951
333.754152,0.118612
334.056994,0.119274
334.359837,0.119937
334.662680,0.120602
334.965523,0.121268
335.268366,0.121935
335.571209,0.122602
335.874052,0.123269
336.176895,0.123937
336.479738,0.124605
336.782581,0.125273
337.085424,0.125940
337.388267,0.126607
337.691110,0.127273
337.993952,0.127937
338.296795,0.128600
338.599638,0.129262
338.902481,0.129921
339.205324,0.130579
339.508167,0.131234
339.811010,0.131886
340.113853,0.132535
340.416696,0.133181
340.719539,0.133824
341.022382,0.134462
341.325225,0.135097
341.628068,0.135727
341.930910,0.136352
342.233753,0.136973
342.536596,0.137588
342.839439,0.138197
343.142282,0.138801
343.445125,0.139399
343.747968,0.139990
344.050811,0.140575
344.353654,0.141152
344.656497,0.141723
344.959340,0.142285
345.262183,0.142840
345.565026,0.143387
345.867868,0.143926
346.170711,0.144456
346.473554,0.144977
346.776397,0.145489
347.079240,0.145992
347.382083,0.146486
347.684926,0.146969
347.987769,0.147443
348.290612,0.147907
348.593455,0.148360
348.896298,0.148803
349.199141,0.149235
349.501984,0.149656
349.804826,0.150067
350.107669,0.150466
350.410512,0.150854
350.713355,0.151231
351.016198,0.151597
351.319041,0.151951
351.621884,0.152294
351.924727,0.152625
352.227570,0.152945
352.530413,0.153253
352.833256,0.153549
353.136099,0.153834
353.438942,0.154108
353.741784,0.154370
354.044627,0.154621
354.347470,0.154860
354.650313,0.155089
354.953156,0.155306
355.255999,0.155512
355.558842,0.155708
355.861685,0.155893
356.164528,0.156067
356.467371,0.156232
356.770214,0.156386
357.073057,0.156530
357.375900,0.156665
357.678743,0.156790
357.981585,0.156906
358.284428,0.157014
358.587271,0.157112
358.890114,0.157203
359.192957,0.157285
359.495800,0.157360
359.798643,0.157427
360.101486,0.157488
360.404329,0.157541
360.707172,0.157589
361.010015,0.157630
361.312858,0.157665
361.615701,0.157695
361.918543,0.157721
362.221386,0.157741
362.524229,0.157758
362.827072,0.157770
363.129915,0.157780
363.432758,0.157786
363.735601,0.157789
364.038444,0.157791
364.341287,0.157790
364.644130,0.157788
364.946973,0.157785
365.249816,0.157781
365.552659,0.157777
365.855501,0.157773
366.158344,0.157769
366.461187,0.157766
366.764030,0.157765
367.066873,0.157765
367.369716,0.157768
367.672559,0.157772
367.975402,0.157780
368.278245,0.157791
368.581088,0.157805
368.883931,0.157823
369.186774,0.157846
369.489617,0.157873
369.792459,0.157905
370.095302,0.157943
370.398145,0.157987
370.700988,0.158036
371.003831,0.158092
371.306674,0.158155
371.609517,0.158225
371.912360,0.158303
372.215203,0.158388
372.518046,0.158482
372.820889,0.158584
373.123732,0.158695
373.426575,0.158815
373.729417,0.158944
374.032260,0.159083
374.335103,0.159233
374.637946,0.159392
374.940789,0.159563
375.243632,0.159744
375.546475,0.159937
375.849318,0.160141
376.152161,0.160357
376.455004,0.160586
376.757847,0.160826
377.060690,0.161080
377.363533,0.161347
377.666375,0.161627
377.969218,0.161921
378.272061,0.162228
378.574904,0.162550
378.877747,0.162887
379.180590,0.163238
379.483433,0.163604
379.786276,0.163986
380.089119,0.164383
380.391962,0.164797
380.694805,0.165226
380.997648,0.165673
381.300491,0.166136
381.603333,0.166616
381.906176,0.167113
382.209019,0.167629
382.511862,0.168162
382.814705,0.168714
383.117548,0.169284
383.420391,0.169873
383.723234,0.170482
384.026077,0.171110
384.328920,0.171758
384.631763,0.172426
384.934606,0.173115
385.237449,0.173825
385.540292,0.174556
385.843134,0.175309
386.145977,0.176084
386.448820,0.176881
386.751663,0.177700
387.054506,0.178543
387.357349,0.179409
387.660192,0.180299
387.963035,0.181213
388.265878,0.182151
388.568721,0.183115
388.871564,0.184104
389.174407,0.185119
389.477250,0.186160
389.780092,0.187227
390.082935,0.188322
390.385778,0.189444
390.688621,0.190594
390.991464,0.191773
391.294307,0.192981
391.597150,0.194218
391.899993,0.195485
392.202836,0.196782
392.505679,0.198110
392.808522,0.199470
393.111365,0.200861
393.414208,0.202286
393.717050,0.203743
394.019893,0.205233
394.322736,0.206758
394.625579,0.208318
394.928422,0.209913
395.231265,0.211543
395.534108,0.213211
395.836951,0.214915
396.139794,0.216657
396.442637,0.218438
396.745480,0.220257
397.048323,0.222116
397.351166,0.224016
397.654008,0.225956
397.956851,0.227938
398.259694,0.229962
398.562537,0.232030
398.865380,0.234141
399.168223,0.236296
399.471066,0.238497
399.773909,0.240743
400.076752,0.243036
400.379595,0.245376
400.682438,0.247764
400.985281,0.250201
401.288124,0.252687
401.590966,0.255224
401.893809,0.257811
402.196652,0.260449
402.499495,0.263140
402.802338,0.265884
403.105181,0.268681
403.408024,0.271533
403.710867,0.274439
404.013710,0.277401
404.316553,0.280420
404.619396,0.283495
404.922239,0.286628
405.225082,0.289819
405.527924,0.293068
405.830767,0.296376
406.133610,0.299744
406.436453,0.303171
406.739296,0.306659
407.042139,0.310208
407.344982,0.313817
407.647825,0.317488
407.950668,0.321219
408.253511,0.325013
408.556354,0.328867
408.859197,0.332783
409.162040,0.336760
409.464883,0.340798
409.767725,0.344897
410.070568,0.349055
410.373411,0.353274
410.676254,0.357551
410.979097,0.361886
411.281940,0.366279
411.584783,0.370728
411.887626,0.375232
412.190469,0.379789
412.493312,0.384398
412.796155,0.389058
413.098998,0.393766
413.401841,0.398520
413.704683,0.403318
414.007526,0.408158
414.310369,0.413037
414.613212,0.417951
414.916055,0.422898
415.218898,0.427874
415.521741,0.432876
415.824584,0.437899
416.127427,0.442940
416.430270,0.447994
416.733113,0.453056
417.035956,0.458122
417.338799,0.463186
417.641641,0.468243
417.944484,0.473287
418.247327,0.478312
418.550170,0.483312
418.853013,0.488280
419.155856,0.493209
419.458699,0.498093
419.761542,0.502925
420.064385,0.507696
420.367228,0.512400
420.670071,0.517029
420.972914,0.521574
421.275757,0.526029
421.578599,0.530384
421.881442,0.534631
422.184285,0.538764
422.487128,0.542772
422.789971,0.546648
423.092814,0.550385
423.395657,0.553973
423.698500,0.557406
424.001343,0.560675
424.304186,0.563773
424.607029,0.566692
424.909872,0.569427
425.212715,0.571970
425.515557,0.574315
425.818400,0.576457
426.121243,0.578390
426.424086,0.580108
426.726929,0.581609
427.029772,0.582888
427.332615,0.583941
427.635458,0.584766
427.938301,0.585362
428.241144,0.585726
428.543987,0.585858
428.846830,0.585757
429.149673,0.585424
429.452515,0.584860
429.755358,0.584067
430.058201,0.583046
430.361044,0.581801
430.663887,0.580336
430.966730,0.578654
431.269573,0.576759
431.572416,0.574657
431.875259,0.572353
432.178102,0.569854
432.480945,0.567165
432.783788,0.564294
433.086631,0.561246
433.389473,0.558031
433.692316,0.554654
433.995159,0.551124
434.298002,0.547449
434.600845,0.543638
434.903688,0.539697
435.206531,0.535635
435.509374,0.531461
435.812217,0.527183
436.115060,0.522809
436.417903,0.518347
436.720746,0.513805
437.023589,0.509192
437.326432,0.504514
437.629274,0.499779
437.932117,0.494996
438.234960,0.490170
438.537803,0.485309
438.840646,0.480420
439.143489,0.475509
439.446332,0.470583
439.749175,0.465647
440.052018,0.460708
440.354861,0.455770
440.657704,0.450839
440.960547,0.445920
441.263390,0.441018
441.566232,0.436136
441.869075,0.431280
442.171918,0.426454
442.474761,0.421660
442.777604,0.416902
443.080447,0.412184
443.383290,0.407508
443.686133,0.402878
443.988976,0.398295
444.291819,0.393763
444.594662,0.389283
444.897505,0.384857
445.200348,0.380488
445.503190,0.376176
445.806033,0.371923
446.108876,0.367731
446.411719,0.363600
446.714562,0.359532
447.017405,0.355528
447.320248,0.351588
447.623091,0.347713
447.925934,0.343904
448.228777,0.340161
448.531620,0.336484
448.834463,0.332874
449.137306,0.329331
449.440148,0.325854
449.742991,0.322445
450.045834,0.319103
450.348677,0.315829
450.651520,0.312621
450.954363,0.309480
451.257206,0.306405
451.560049,0.303397
451.862892,0.300455
452.165735,0.297579
452.468578,0.294769
452.771421,0.292024
453.074264,0.289344
453.377106,0.286728
453.679949,0.284176
453.982792,0.281688
454.285635,0.279264
454.588478,0.276902
454.891321,0.274603
455.194164,0.272367
455.497007,0.270191
455.799850,0.268078
456.102693,0.266025
456.405536,0.264033
456.708379,0.262101
457.011222,0.260229
457.314064,0.258416
457.616907,0.256663
457.919750,0.254968
458.222593,0.253332
458.525436,0.251754
458.828279,0.250234
459.131122,0.248772
459.433965,0.247367
459.736808,0.246019
460.039651,0.244729
460.342494,0.243494
460.645337,0.242317
460.948180,0.241196
461.251023,0.240131
461.553865,0.239122
461.856708,0.238169
462.159551,0.237272
462.462394,0.236431
462.765237,0.235645
463.068080,0.234916
463.370923,0.234242
463.673766,0.233623
463.976609,0.233061
464.279452,0.232554
464.582295,0.232103
464.885138,0.231707
465.187981,0.231368
465.490823,0.231084
465.793666,0.230856
466.096509,0.230684
466.399352,0.230568
466.702195,0.230508
467.005038,0.230504
467.307881,0.230556
467.610724,0.230664
467.913567,0.230828
468.216410,0.231048
468.519253,0.231325
468.822096,0.231657
469.124939,0.232044
469.427781,0.232487
469.730624,0.232985
470.033467,0.233539
470.336310,0.234146
470.639153,0.234808
470.941996,0.235523
471.244839,0.236292
471.547682,0.237112
471.850525,0.237983
472.153368,0.238905
472.456211,0.239876
472.759054,0.240895
473.061897,0.241960
473.364739,0.243070
473.667582,0.244223
473.970425,0.245417
474.273268,0.246650
474.576111,0.247919
474.878954,0.249222
475.181797,0.250556
475.484640,0.251918
475.787483,0.253305
476.090326,0.254712
476.393169,0.256136
476.696012,0.257573
476.998855,0.259019
477.301697,0.260468
477.604540,0.261916
477.907383,0.263358
478.210226,0.264787
478.513069,0.266199
478.815912,0.267588
479.118755,0.268948
479.421598,0.270271
479.724441,0.271553
480.027284,0.272787
480.330127,0.273965
480.632970,0.275082
480.935813,0.276132
481.238655,0.277107
481.541498,0.278002
481.844341,0.278810
482.147184,0.279526
482.450027,0.280145
482.752870,0.280660
483.055713,0.281068
483.358556,0.281364
483.661399,0.281544
483.964242,0.281604
484.267085,0.281543
484.569928,0.281358
484.872771,0.281047
485.175613,0.280610
485.478456,0.280046
485.781299,0.279356
486.084142,0.278540
486.386985,0.277601
486.689828,0.276541
486.992671,0.275363
487.295514,0.274070
487.598357,0.272665
487.901200,0.271155
488.204043,0.269542
488.506886,0.267833
488.809729,0.266033
489.112572,0.264147
489.415414,0.262182
489.718257,0.260144
490.021100,0.258039
490.323943,0.255873
490.626786,0.253653
490.929629,0.251384
491.232472,0.249074
491.535315,0.246727
491.838158,0.244351
492.141001,0.241950
492.443844,0.239530
492.746687,0.237097
493.049530,0.234656
493.352372,0.232211
493.655215,0.229767
493.958058,0.227329
494.260901,0.224899
494.563744,0.222484
494.866587,0.220084
495.169430,0.217705
495.472273,0.215349
495.775116,0.213018
496.077959,0.210716
496.380802,0.208444
496.683645,0.206205
496.986488,0.204000
497.289330,0.201831
497.592173,0.199699
497.895016,0.197606
498.197859,0.195554
498.500702,0.193541
498.803545,0.191571
499.106388,0.189643
499.409231,0.187757
499.712074,0.185915
500.014917,0.184116
500.317760,0.182362
500.620603,0.180651
500.923446,0.178985
501.226288,0.177363
501.529131,0.175785
501.831974,0.174251
502.134817,0.172761
502.437660,0.171315
502.740503,0.169912
503.043346,0.168553
503.346189,0.167237
503.649032,0.165964
503.951875,0.164734
504.254718,0.163546
504.557561,0.162400
504.860404,0.161296
505.163246,0.160233
505.466089,0.159212
505.768932,0.158231
506.071775,0.157292
506.374618,0.156393
506.677461,0.155534
506.980304,0.154715
507.283147,0.153936
507.585990,0.153197
507.888833,0.152497
508.191676,0.151836
508.494519,0.151215
508.797362,0.150633
509.100204,0.150091
509.403047,0.149587
509.705890,0.149123
510.008733,0.148698
510.311576,0.148312
510.614419,0.147966
510.917262,0.147659
511.220105,0.147392
511.522948,0.147166
511.825791,0.146979
512.128634,0.146833
512.431477,0.146728
512.734320,0.146664
513.037163,0.146642
513.340005,0.146662
513.642848,0.146725
513.945691,0.146831
514.248534,0.146981
514.551377,0.147175
514.854220,0.147414
515.157063,0.147700
515.459906,0.148031
515.762749,0.148410
516.065592,0.148837
516.368435,0.149313
516.671278,0.149839
516.974121,0.150416
517.276963,0.151044
517.579806,0.151724
517.882649,0.152458
518.185492,0.153245
518.488335,0.154088
518.791178,0.154987
519.094021,0.155942
519.396864,0.156955
519.699707,0.158025
520.002550,0.159154
520.305393,0.160342
520.608236,0.161589
520.911079,0.162895
521.213921,0.164260
521.516764,0.165683
521.819607,0.167164
522.122450,0.168702
522.425293,0.170296
522.728136,0.171943
523.030979,0.173641
523.333822,0.175388
523.636665,0.177181
523.939508,0.179015
524.242351,0.180887
524.545194,0.182791
524.848037,0.184721
525.150879,0.186672
525.453722,0.188636
525.756565,0.190606
526.059408,0.192574
526.362251,0.194531
526.665094,0.196469
526.967937,0.198378
527.270780,0.200250
527.573623,0.202074
527.876466,0.203842
528.179309,0.205544
528.482152,0.207174
528.784995,0.208722
529.087837,0.210184
529.390680,0.211554
529.693523,0.212827
529.996366,0.214001
530.299209,0.215074
530.602052,0.216049
530.904895,0.216925
531.207738,0.217708
531.510581,0.218401
531.813424,0.219012
532.116267,0.219548
532.419110,0.220017
532.721953,0.220429
533.024795,0.220795
533.327638,0.221124
533.630481,0.221428
533.933324,0.221717
534.236167,0.222002
534.539010,0.222294
534.841853,0.222604
535.144696,0.222939
535.447539,0.223311
535.750382,0.223726
536.053225,0.224193
536.356068,0.224718
536.658911,0.225308
536.961753,0.225967
537.264596,0.226701
537.567439,0.227513
537.870282,0.228405
538.173125,0.229380
538.475968,0.230440
538.778811,0.231584
539.081654,0.232814
539.384497,0.234127
539.687340,0.235524
539.990183,0.237000
540.293026,0.238554
540.595869,0.240183
540.898712,0.241881
541.201554,0.243645
541.504397,0.245468
541.807240,0.247345
542.110083,0.249269
542.412926,0.251232
542.715769,0.253226
543.018612,0.255242
543.321455,0.257272
543.624298,0.259305
543.927141,0.261330
544.229984,0.263338
544.532827,0.265315
544.835670,0.267252
545.138512,0.269134
545.441355,0.270951
545.744198,0.272689
546.047041,0.274337
546.349884,0.275881
546.652727,0.277309
546.955570,0.278609
547.258413,0.279771
547.561256,0.280782
547.864099,0.281633
548.166942,0.282315
548.469785,0.282819
548.772628,0.283137
549.075470,0.283265
549.378313,0.283196
549.681156,0.282928
549.983999,0.282459
550.286842,0.281787
550.589685,0.280914
550.892528,0.279841
551.195371,0.278571
551.498214,0.277111
551.801057,0.275464
552.103900,0.273639
552.406743,0.271644
552.709586,0.269486
553.012428,0.267176
553.315271,0.264724
553.618114,0.262141
553.920957,0.259438
554.223800,0.256626
554.526643,0.253716
554.829486,0.250719
555.132329,0.247648
555.435172,0.244513
555.738015,0.241324
556.040858,0.238093
556.343701,0.234829
556.646544,0.231541
556.949386,0.228239
557.252229,0.224931
557.555072,0.221624
557.857915,0.218326
558.160758,0.215045
558.463601,0.211785
558.766444,0.208552
559.069287,0.205352
559.372130,0.202189
559.674973,0.199067
559.977816,0.195989
560.280659,0.192959
560.583502,0.189979
560.886344,0.187052
561.189187,0.184178
561.492030,0.181361
561.794873,0.178601
562.097716,0.175899
562.400559,0.173255
562.703402,0.170671
563.006245,0.168146
563.309088,0.165681
563.611931,0.163275
563.914774,0.160928
564.217617,0.158640
564.520460,0.156409
564.823303,0.154236
565.126145,0.152120
565.428988,0.150060
565.731831,0.148055
566.034674,0.146104
566.337517,0.144206
566.640360,0.142360
566.943203,0.140566
567.246046,0.138821
567.548889,0.137126
567.851732,0.135479
568.154575,0.133879
568.457418,0.132324
568.760261,0.130815
569.063103,0.129349
569.365946,0.127926
569.668789,0.126544
569.971632,0.125204
570.274475,0.123903
570.577318,0.122641
570.880161,0.121416
571.183004,0.120229
571.485847,0.119077
571.788690,0.117961
572.091533,0.116878
572.394376,0.115829
572.697219,0.114813
573.000061,0.113828
573.302904,0.112875
573.605747,0.111951
573.908590,0.111058
574.211433,0.110193
574.514276,0.109356
574.817119,0.108547
575.119962,0.107764
575.422805,0.107008
575.725648,0.106278
576.028491,0.105573
576.331334,0.104893
576.634177,0.104237
576.937019,0.103605
577.239862,0.102995
577.542705,0.102409
577.845548,0.101845
578.148391,0.101303
578.451234,0.100783
578.754077,0.100284
579.056920,0.099805
579.359763,0.099348
579.662606,0.098910
579.965449,0.098493
580.268292,0.098095
580.571135,0.097717
580.873977,0.097358
581.176820,0.097018
581.479663,0.096697
581.782506,0.096394
582.085349,0.096110
582.388192,0.095845
582.691035,0.095597
582.993878,0.095368
583.296721,0.095157
583.599564,0.094963
583.902407,0.094787
584.205250,0.094629
584.508093,0.094489
584.810935,0.094367
585.113778,0.094262
585.416621,0.094175
585.719464,0.094106
586.022307,0.094054
586.325150,0.094021
586.627993,0.094005
586.930836,0.094007
587.233679,0.094028
587.536522,0.094066
587.839365,0.094123
588.142208,0.094198
588.445051,0.094292
588.747893,0.094405
589.050736,0.094537
589.353579,0.094688
589.656422,0.094859
589.959265,0.095049
590.262108,0.095259
590.564951,0.095489
590.867794,0.095740
591.170637,0.096012
591.473480,0.096305
591.776323,0.096619
592.079166,0.096955
592.382009,0.097313
592.684852,0.097693
592.987694,0.098097
593.290537,0.098523
593.593380,0.098974
593.896223,0.099448
594.199066,0.099947
594.501909,0.100471
594.804752,0.101020
595.107595,0.101595
595.410438,0.102197
595.713281,0.102825
596.016124,0.103480
596.318967,0.104163
596.621810,0.104874
596.924652,0.105614
597.227495,0.106382
597.530338,0.107180
597.833181,0.108007
598.136024,0.108865
598.438867,0.109753
598.741710,0.110671
599.044553,0.111621
599.347396,0.112602
599.650239,0.113614
599.953082,0.114657
600.255925,0.115732
600.558768,0.116837
600.861610,0.117975
601.164453,0.119143
601.467296,0.120341
601.770139,0.121569
602.072982,0.122827
602.375825,0.124113
602.678668,0.125426
602.981511,0.126766
603.284354,0.128131
603.587197,0.129519
603.890040,0.130929
604.192883,0.132359
604.495726,0.133806
604.798568,0.135268
605.101411,0.136742
605.404254,0.138225
605.707097,0.139713
606.009940,0.141204
606.312783,0.142692
606.615626,0.144175
606.918469,0.145647
607.221312,0.147104
607.524155,0.148540
607.826998,0.149951
608.129841,0.151330
608.432684,0.152674
608.735526,0.153974
609.038369,0.155227
609.341212,0.156426
609.644055,0.157564
609.946898,0.158637
610.249741,0.159639
610.552584,0.160564
610.855427,0.161407
611.158270,0.162164
611.461113,0.162828
611.763956,0.163398
612.066799,0.163869
612.369642,0.164238
612.672484,0.164503
612.975327,0.164662
613.278170,0.164714
613.581013,0.164659
613.883856,0.164497
614.186699,0.164228
614.489542,0.163856
614.792385,0.163381
615.095228,0.162807
615.398071,0.162138
615.700914,0.161377
616.003757,0.160529
616.306600,0.159598
616.609442,0.158590
616.912285,0.157511
617.215128,0.156365
617.517971,0.155159
617.820814,0.153899
618.123657,0.152591
618.426500,0.151240
618.729343,0.149852
619.032186,0.148434
619.335029,0.146990
619.637872,0.145526
619.940715,0.144047
620.243558,0.142557
620.546401,0.141062
620.849243,0.139566
621.152086,0.138073
621.454929,0.136587
621.757772,0.135110
622.060615,0.133647
622.363458,0.132200
622.666301,0.130772
622.969144,0.129365
623.271987,0.127981
623.574830,0.126623
623.877673,0.125291
624.180516,0.123989
624.483359,0.122715
624.786201,0.121473
625.089044,0.120263
625.391887,0.119085
625.694730,0.117941
625.997573,0.116830
626.300416,0.115753
626.603259,0.114712
626.906102,0.113704
627.208945,0.112732
627.511788,0.111795
627.814631,0.110893
628.117474,0.110026
628.420317,0.109194
628.723159,0.108397
629.026002,0.107634
629.328845,0.106906
629.631688,0.106212
629.934531,0.105553
630.237374,0.104927
630.540217,0.104335
630.843060,0.103777
631.145903,0.103252
631.448746,0.102760
631.751589,0.102300
632.054432,0.101874
632.357275,0.101480
632.660117,0.101118
632.962960,0.100789
633.265803,0.100492
633.568646,0.100226
633.871489,0.099993
634.174332,0.099792
634.477175,0.099622
634.780018,0.099484
635.082861,0.099379
635.385704,0.099305
635.688547,0.099263
635.991390,0.099253
636.294233,0.099276
636.597075,0.099331
636.899918,0.099419
637.202761,0.099540
637.505604,0.099694
637.808447,0.099882
638.111290,0.100104
638.414133,0.100360
638.716976,0.100650
639.019819,0.100976
639.322662,0.101338
639.625505,0.101735
639.928348,0.102170
640.231191,0.102641
640.534033,0.103151
640.836876,0.103699
641.139719,0.104286
641.442562,0.104914
641.745405,0.105582
642.048248,0.106292
642.351091,0.107043
642.653934,0.107838
642.956777,0.108677
643.259620,0.109561
643.562463,0.110490
643.865306,0.111465
644.168149,0.112488
644.470992,0.113559
644.773834,0.114679
645.076677,0.115848
645.379520,0.117068
645.682363,0.118340
645.985206,0.119663
646.288049,0.121038
646.590892,0.122466
646.893735,0.123948
647.196578,0.125483
647.499421,0.127072
647.802264,0.128714
648.105107,0.130410
648.407950,0.132158
648.710792,0.133958
649.013635,0.135810
649.316478,0.137711
649.619321,0.139660
649.922164,0.141655
650.225007,0.143693
650.527850,0.145772
650.830693,0.147889
651.133536,0.150038
651.436379,0.152216
651.739222,0.154418
652.042065,0.156637
652.344908,0.158868
652.647750,0.161104
652.950593,0.163336
653.253436,0.165557
653.556279,0.167758
653.859122,0.169929
654.161965,0.172059
654.464808,0.174140
654.767651,0.176158
655.070494,0.178103
655.373337,0.179964
655.676180,0.181728
655.979023,0.183384
656.281866,0.184920
656.584708,0.186325
656.887551,0.187587
657.190394,0.188698
657.493237,0.189648
657.796080,0.190428
658.098923,0.191031
658.401766,0.191452
658.704609,0.191686
659.007452,0.191729
659.310295,0.191581
659.613138,0.191241
659.915981,0.190711
660.218824,0.189994
660.521666,0.189095
660.824509,0.188020
661.127352,0.186776
661.430195,0.185370
661.733038,0.183814
662.035881,0.182116
662.338724,0.180287
662.641567,0.178339
662.944410,0.176283
663.247253,0.174130
663.550096,0.171893
663.852939,0.169583
664.155782,0.167212
664.458624,0.164789
664.761467,0.162327
665.064310,0.159833
665.367153,0.157319
665.669996,0.154792
665.972839,0.152262
666.275682,0.149734
666.578525,0.147217
666.881368,0.144716
667.184211,0.142237
667.487054,0.139784
667.789897,0.137363
668.092740,0.134976
668.395582,0.132627
668.698425,0.130319
669.001268,0.128054
669.304111,0.125834
669.606954,0.123661
669.909797,0.121535
670.212640,0.119458
670.515483,0.117430
670.818326,0.115451
671.121169,0.113521
671.424012,0.111641
671.726855,0.109810
672.029698,0.108027
672.332541,0.106293
672.635383,0.104606
672.938226,0.102965
673.241069,0.101371
673.543912,0.099821
673.846755,0.098315
674.149598,0.096853
674.452441,0.095432
674.755284,0.094052
675.058127,0.092712
675.360970,0.091411
675.663813,0.090147
675.966656,0.088921
676.269499,0.087729
676.572341,0.086573
676.875184,0.085450
677.178027,0.084359
677.480870,0.083300
677.783713,0.082271
678.086556,0.081272
678.389399,0.080301
678.692242,0.079358
678.995085,0.078442
679.297928,0.077552
679.600771,0.076687
679.903614,0.075846
680.206457,0.075028
680.509299,0.074234
680.812142,0.073461
681.114985,0.072709
681.417828,0.071978
681.720671,0.071267
682.023514,0.070575
682.326357,0.069901
682.629200,0.069246
682.932043,0.068607
683.234886,0.067986
683.537729,0.067381
683.840572,0.066791
684.143415,0.066217
684.446257,0.065657
684.749100,0.065112
685.051943,0.064581
685.354786,0.064062
685.657629,0.063557
685.960472,0.063064
686.263315,0.062583
686.566158,0.062114
686.869001,0.061657
687.171844,0.061210
687.474687,0.060774
687.777530,0.060348
688.080373,0.059932
688.383215,0.059526
688.686058,0.059130
688.988901,0.058742
689.291744,0.058364
689.594587,0.057994
689.897430,0.057632
690.200273,0.057278
690.503116,0.056932
690.805959,0.056594
691.108802,0.056263
691.411645,0.055939
691.714488,0.055623
692.017331,0.055313
692.320173,0.055009
692.623016,0.054712
692.925859,0.054421
693.228702,0.054136
693.531545,0.053857
693.834388,0.053584
694.137231,0.053316
694.440074,0.053054
694.742917,0.052797
695.045760,0.052544
695.348603,0.052297
695.651446,0.052055
695.954289,0.051817
696.257132,0.051584
696.559974,0.051356
696.862817,0.051132
697.165660,0.050911
697.468503,0.050696
697.771346,0.050484
698.074189,0.050276
698.377032,0.050071
698.679875,0.049871
698.982718,0.049674
699.285561,0.049481
699.588404,0.049291
699.891247,0.049104
700.194090,0.048921
700.496932,0.048741
700.799775,0.048563
701.102618,0.048389
701.405461,0.048218
701.708304,0.048050
702.011147,0.047885
702.313990,0.047722
702.616833,0.047563
702.919676,0.047405
703.222519,0.047251
703.525362,0.047098
703.828205,0.046949
704.131048,0.046801
704.433890,0.046656
704.736733,0.046514
705.039576,0.046373
705.342419,0.046235
705.645262,0.046099
705.948105,0.045965
706.250948,0.045833
706.553791,0.045703
706.856634,0.045575
707.159477,0.045449
707.462320,0.045324
707.765163,0.045202
708.068006,0.045081
708.370848,0.044962
708.673691,0.044845
708.976534,0.044730
709.279377,0.044616
709.582220,0.044504
709.885063,0.044393
710.187906,0.044284
710.490749,0.044177
710.793592,0.044071
711.096435,0.043966
711.399278,0.043863
711.702121,0.043761
712.004964,0.043661
712.307806,0.043562
712.610649,0.043464
712.913492,0.043368
713.216335,0.043273
713.519178,0.043179
713.822021,0.043086
714.124864,0.042995
714.427707,0.042905
714.730550,0.042815
715.033393,0.042727
715.336236,0.042641
715.639079,0.042555
715.941922,0.042470
716.244764,0.042386
716.547607,0.042304
716.850450,0.042222
717.153293,0.042142
717.456136,0.042062
717.758979,0.041983
718.061822,0.041906
718.364665,0.041829
718.667508,0.041753
718.970351,0.041678
719.273194,0.041604
719.576037,0.041530
719.878880,0.041458
720.181722,0.041386
720.484565,0.041316
720.787408,0.041246
721.090251,0.041177
721.393094,0.041108
721.695937,0.041041
721.998780,0.040974
722.301623,0.040908
722.604466,0.040842
722.907309,0.040778
723.210152,0.040714
723.512995,0.040650
723.815838,0.040588
724.118681,0.040526
724.421523,0.040465
724.724366,0.040404
725.027209,0.040344
725.330052,0.040285
725.632895,0.040226
725.935738,0.040168
726.238581,0.040111
726.541424,0.040054
726.844267,0.039997
727.147110,0.039942
727.449953,0.039887
727.752796,0.039832
728.055639,0.039778
728.358481,0.039724
728.661324,0.039671
728.964167,0.039619
729.267010,0.039567
729.569853,0.039515
729.872696,0.039465
730.175539,0.039414
730.478382,0.039364
730.781225,0.039315
731.084068,0.039266
731.386911,0.039217
731.689754,0.039169
731.992597,0.039121
732.295439,0.039074
732.598282,0.039027
732.901125,0.038981
733.203968,0.038935
733.506811,0.038890
733.809654,0.038845
734.112497,0.038800
734.415340,0.038756
734.718183,0.038712
735.021026,0.038669
735.323869,0.038626
735.626712,0.038583
735.929555,0.038541
736.232397,0.038499
736.535240,0.038457
736.838083,0.038416
737.140926,0.038375
737.443769,0.038335
737.746612,0.038294
738.049455,0.038255
738.352298,0.038215
738.655141,0.038176
738.957984,0.038137
739.260827,0.038099
739.563670,0.038061
739.866513,0.038023
740.169355,0.037985
740.472198,0.037948
740.775041,0.037911
741.077884,0.037875
741.380727,0.037839
741.683570,0.037803
741.986413,0.037767
742.289256,0.037731
742.592099,0.037696
742.894942,0.037662
743.197785,0.037627
743.500628,0.037593
743.803471,0.037559
744.106313,0.037525
744.409156,0.037491
744.711999,0.037458
745.014842,0.037425
745.317685,0.037393
745.620528,0.037360
745.923371,0.037328
746.226214,0.037296
746.529057,0.037264
746.831900,0.037233
747.134743,0.037201
747.437586,0.037170
747.740429,0.037140
748.043272,0.037109
748.346114,0.037079
748.648957,0.037049
748.951800,0.037019
749.254643,0.036989
749.557486,0.036960
749.860329,0.036931
750.163172,0.036902
750.466015,0.036873
750.768858,0.036844
751.071701,0.036816
751.374544,0.036788
751.677387,0.036760
751.980230,0.036732
752.283072,0.036704
752.585915,0.036677
752.888758,0.036650
753.191601,0.036623
753.494444,0.036596
753.797287,0.036569
754.100130,0.036543
754.402973,0.036516
754.705816,0.036490
755.008659,0.036464
755.311502,0.036439
755.614345,0.036413
755.917188,0.036388
756.220030,0.036363
756.522873,0.036337
756.825716,0.036313
757.128559,0.036288
757.431402,0.036263
757.734245,0.036239
758.037088,0.036215
758.339931,0.036191
758.642774,0.036167
758.945617,0.036143
759.248460,0.036119
759.551303,0.036096
759.854146,0.036073
760.156988,0.036049
760.459831,0.036026
760.762674,0.036004
761.065517,0.035981
761.368360,0.035958
761.671203,0.035936
761.974046,0.035914
762.276889,0.035891
762.579732,0.035869
762.882575,0.035848
763.185418,0.035826
763.488261,0.035804
763.791104,0.035783
764.093946,0.035761
764.396789,0.035740
764.699632,0.035719
765.002475,0.035698
765.305318,0.035677
765.608161,0.035657
765.911004,0.035636
766.213847,0.035616
766.516690,0.035595
766.819533,0.035575
767.122376,0.035555
767.425219,0.035535
767.728062,0.035515
768.030904,0.035496
768.333747,0.035476
768.636590,0.035456
768.939433,0.035437
769.242276,0.035418
769.545119,0.035399
769.847962,0.035380
770.150805,0.035361
770.453648,0.035342
770.756491,0.035323
771.059334,0.035305
771.362177,0.035286
771.665020,0.035268
771.967862,0.035249
772.270705,0.035231
772.573548,0.035213
772.876391,0.035195
773.179234,0.035177
773.482077,0.035159
773.784920,0.035142
774.087763,0.035124
774.390606,0.035107
774.693449,0.035089
774.996292,0.035072
775.299135,0.035055
775.601978,0.035038
775.904821,0.035020
776.207663,0.035004
776.510506,0.034987
776.813349,0.034970
777.116192,0.034953
777.419035,0.034937
777.721878,0.034920
778.024721,0.034904
778.327564,0.034888
778.630407,0.034871
778.933250,0.034855
779.236093,0.034839
779.538936,0.034823
779.841779,0.034807
780.144621,0.034792
780.447464,0.034776
780.750307,0.034760
781.053150,0.034745
781.355993,0.034729
781.658836,0.034714
781.961679,0.034698
782.264522,0.034683
782.567365,0.034668
782.870208,0.034653
783.173051,0.034638
783.475894,0.034623
783.778737,0.034608
784.081579,0.034593
784.384422,0.034579
784.687265,0.034564
784.990108,0.034550
785.292951,0.034535
785.595794,0.034521
785.898637,0.034506
786.201480,0.034492
786.504323,0.034478
786.807166,0.034464
787.110009,0.034450
787.412852,0.034436
787.715695,0.034422
788.018537,0.034408
788.321380,0.034394
788.624223,0.034380
788.927066,0.034367
789.229909,0.034353
789.532752,0.034340
789.835595,0.034326
790.138438,0.034313
790.441281,0.034299
790.744124,0.034286
791.046967,0.034273
791.349810,0.034260
791.652653,0.034247
791.955495,0.034234
792.258338,0.034221
792.561181,0.034208
792.864024,0.034195
793.166867,0.034182
793.469710,0.034170
793.772553,0.034157
794.075396,0.034144
794.378239,0.034132
794.681082,0.034119
794.983925,0.034107
795.286768,0.034094
795.589611,0.034082
795.892453,0.034070
796.195296,0.034058
796.498139,0.034046
796.800982,0.034033
797.103825,0.034021
797.406668,0.034009
797.709511,0.033998
798.012354,0.033986
798.315197,0.033974
798.618040,0.033962
798.920883,0.033950
799.223726,0.033939
799.526569,0.033927
799.829412,0.033915
800.132254,0.033904
800.435097,0.033893
800.737940,0.033881
801.040783,0.033870
801.343626,0.033858
801.646469,0.033847
801.949312,0.033836
802.252155,0.033825
802.554998,0.033814
802.857841,0.033803
803.160684,0.033792
803.463527,0.033781
803.766370,0.033770
804.069212,0.033759
804.372055,0.033748
804.674898,0.033737
804.977741,0.033727
805.280584,0.033716
805.583427,0.033705
805.886270,0.033695
806.189113,0.033684
806.491956,0.033673
806.794799,0.033663
807.097642,0.033653
807.400485,0.033642
807.703328,0.033632
808.006170,0.033622
808.309013,0.033611
808.611856,0.033601
808.914699,0.033591
809.217542,0.033581
809.520385,0.033571
809.823228,0.033561
810.126071,0.033551
810.428914,0.033541
810.731757,0.033531
811.034600,0.033521
811.337443,0.033511
811.640286,0.033501
811.943128,0.033492
812.245971,0.033482
812.548814,0.033472
812.851657,0.033463
813.154500,0.033453
813.457343,0.033443
813.760186,0.033434
814.063029,0.033424
814.365872,0.033415
814.668715,0.033405
814.971558,0.033396
815.274401,0.033387
815.577244,0.033377
815.880086,0.033368
816.182929,0.033359
816.485772,0.033350
816.788615,0.033341
817.091458,0.033331
817.394301,0.033322
817.697144,0.033313
817.999987,0.033304
818.302830,0.033295
818.605673,0.033286
818.908516,0.033277
819.211359,0.033269
819.514202,0.033260
819.817044,0.033251
820.119887,0.033242
820.422730,0.033233
820.725573,0.033225
821.028416,0.033216
821.331259,0.033207
821.634102,0.033199
821.936945,0.033190
822.239788,0.033182
822.542631,0.033173
822.845474,0.033165
823.148317,0.033156
823.451160,0.033148
823.754002,0.033139
824.056845,0.033131
824.359688,0.033123
824.662531,0.033115
824.965374,0.033106
825.268217,0.033098
825.571060,0.033090
825.873903,0.033082
826.176746,0.033074
826.479589,0.033065
826.782432,0.033057
827.085275,0.033049
827.388118,0.033041
827.690961,0.033033
827.993803,0.033025
828.296646,0.033017
828.599489,0.033009
828.902332,0.033002
829.205175,0.032994
829.508018,0.032986
829.810861,0.032978
830.113704,0.032970
830.416547,0.032963
830.719390,0.032955
831.022233,0.032947
831.325076,0.032940
831.627919,0.032932
831.930761,0.032924
832.233604,0.032917
832.536447,0.032909
832.839290,0.032902
833.142133,0.032894
833.444976,0.032887
833.747819,0.032879
834.050662,0.032872
834.353505,0.032865
834.656348,0.032857
834.959191,0.032850
835.262034,0.032843
835.564877,0.032835
835.867719,0.032828
836.170562,0.032821
836.473405,0.032814
836.776248,0.032806
837.079091,0.032799
837.381934,0.032792
837.684777,0.032785
837.987620,0.032778
838.290463,0.032771
838.593306,0.032764
838.896149,0.032757
839.198992,0.032750
839.501835,0.032743
839.804677,0.032736
840.107520,0.032729
840.410363,0.032722
840.713206,0.032715
841.016049,0.032708
841.318892,0.032702
841.621735,0.032695
841.924578,0.032688
842.227421,0.032681
842.530264,0.032675
842.833107,0.032668
843.135950,0.032661
843.438793,0.032655
843.741635,0.032648
844.044478,0.032641
844.347321,0.032635
844.650164,0.032628
844.953007,0.032622
845.255850,0.032615
845.558693,0.032608
845.861536,0.032602
846.164379,0.032596
846.467222,0.032589
846.770065,0.032583
847.072908,0.032576
847.375751,0.032570
847.678593,0.032564
847.981436,0.032557
848.284279,0.032551
848.587122,0.032545
848.889965,0.032538
849.192808,0.032532
849.495651,0.032526
849.798494,0.032520
850.101337,0.032513
850.404180,0.032507
850.707023,0.032501
851.009866,0.032495
851.312709,0.032489
851.615552,0.032483
851.918394,0.032477
852.221237,0.032471
852.524080,0.032464
852.826923,0.032458
853.129766,0.032452
853.432609,0.032446
853.735452,0.032440
854.038295,0.032435
854.341138,0.032429
854.643981,0.032423
854.946824,0.032417
855.249667,0.032411
855.552510,0.032405
855.855352,0.032399
856.158195,0.032393
856.461038,0.032388
856.763881,0.032382
857.066724,0.032376
857.369567,0.032370
857.672410,0.032365
857.975253,0.032359
858.278096,0.032353
858.580939,0.032348
858.883782,0.032342
859.186625,0.032336
859.489468,0.032331
859.792310,0.032325
860.095153,0.032319
860.397996,0.032314
860.700839,0.032308
861.003682,0.032303
861.306525,0.032297
861.609368,0.032292
861.912211,0.032286
862.215054,0.032281
862.517897,0.032275
862.820740,0.032270
863.123583,0.032264
863.426426,0.032259
863.729268,0.032254
864.032111,0.032248
864.334954,0.032243
864.637797,0.032238
864.940640,0.032232
865.243483,0.032227
865.546326,0.032222
865.849169,0.032216
866.152012,0.032211
866.454855,0.032206
866.757698,0.032201
867.060541,0.032195
867.363384,0.032190
867.666226,0.032185
867.969069,0.032180
868.271912,0.032175
868.574755,0.032170
868.877598,0.032165
869.180441,0.032159
869.483284,0.032154
869.786127,0.032149
870.088970,0.032144
870.391813,0.032139
870.694656,0.032134
870.997499,0.032129
871.300342,0.032124
871.603184,0.032119
871.906027,0.032114
872.208870,0.032109
872.511713,0.032104
872.814556,0.032099
873.117399,0.032094
873.420242,0.032089
873.723085,0.032085
874.025928,0.032080
874.328771,0.032075
874.631614,0.032070
874.934457,0.032065
875.237300,0.032060
875.540142,0.032056
875.842985,0.032051
876.145828,0.032046
876.448671,0.032041
876.751514,0.032036
877.054357,0.032032
877.357200,0.032027
877.660043,0.032022
877.962886,0.032018
878.265729,0.032013
878.568572,0.032008
878.871415,0.032004
879.174258,0.031999
879.477101,0.031994
879.779943,0.031990
880.082786,0.031985
880.385629,0.031980
880.688472,0.031976
880.991315,0.031971
881.294158,0.031967
881.597001,0.031962
881.899844,0.031958
882.202687,0.031953
882.505530,0.031949
882.808373,0.031944
883.111216,0.031940
883.414059,0.031935
883.716901,0.031931
884.019744,0.031926
884.322587,0.031922
884.625430,0.031918
884.928273,0.031913
885.231116,0.031909
885.533959,0.031904
885.836802,0.031900
886.139645,0.031896
886.442488,0.031891
886.745331,0.031887
887.048174,0.031883
887.351017,0.031878
887.653859,0.031874
887.956702,0.031870
888.259545,0.031865
888.562388,0.031861
888.865231,0.031857
889.168074,0.031853
889.470917,0.031848
889.773760,0.031844
890.076603,0.031840
890.379446,0.031836
890.682289,0.031832
890.985132,0.031827
891.287975,0.031823
891.590817,0.031819
891.893660,0.031815
892.196503,0.031811
892.499346,0.031807
892.802189,0.031803
893.105032,0.031799
893.407875,0.031794
893.710718,0.031790
894.013561,0.031786
894.316404,0.031782
894.619247,0.031778
894.922090,0.031774
895.224933,0.031770
895.527775,0.031766
895.830618,0.031762
896.133461,0.031758
896.436304,0.031754
896.739147,0.031750
897.041990,0.031746
897.344833,0.031742
897.647676,0.031738
897.950519,0.031734
898.253362,0.031731
898.556205,0.031727
898.859048,0.031723
899.161891,0.031719
899.464733,0.031715
899.767576,0.031711
900.070419,0.031707
900.373262,0.031703
900.676105,0.031700
900.978948,0.031696
901.281791,0.031692
901.584634,0.031688
901.887477,0.031684
902.190320,0.031681
902.493163,0.031677
902.796006,0.031673
903.098849,0.031669
903.401691,0.031665
903.704534,0.031662
904.007377,0.031658
904.310220,0.031654
904.613063,0.031651
904.915906,0.031647
905.218749,0.031643
905.521592,0.031640
905.824435,0.031636
906.127278,0.031632
906.430121,0.031629
906.732964,0.031625
907.035807,0.031621
907.338650,0.031618
907.641492,0.031614
907.944335,0.031610
908.247178,0.031607
908.550021,0.031603
908.852864,0.031600
909.155707,0.031596
909.458550,0.031592
909.761393,0.031589
910.064236,0.031585
910.367079,0.031582
910.669922,0.031578
910.972765,0.031575
911.275608,0.031571
911.578450,0.031568
911.881293,0.031564
912.184136,0.031561
912.486979,0.031557
912.789822,0.031554
913.092665,0.031550
913.395508,0.031547
913.698351,0.031543
914.001194,0.031540
914.304037,0.031537
914.606880,0.031533
914.909723,0.031530
915.212566,0.031526
915.515408,0.031523
915.818251,0.031520
916.121094,0.031516
916.423937,0.031513
916.726780,0.031510
917.029623,0.031506
917.332466,0.031503
917.635309,0.031499
917.938152,0.031496
918.240995,0.031493
918.543838,0.031490
918.846681,0.031486
919.149524,0.031483
919.452366,0.031480
919.755209,0.031476
920.058052,0.031473
920.360895,0.031470
920.663738,0.031467
920.966581,0.031463
921.269424,0.031460
921.572267,0.031457
921.875110,0.031454
922.177953,0.031450
922.480796,0.031447
922.783639,0.031444
923.086482,0.031441
923.389324,0.031438
923.692167,0.031434
923.995010,0.031431
924.297853,0.031428
924.600696,0.031425
924.903539,0.031422
925.206382,0.031419
925.509225,0.031415
925.812068,0.031412
926.114911,0.031409
926.417754,0.031406
926.720597,0.031403
927.023440,0.031400
927.326282,0.031397
927.629125,0.031394
927.931968,0.031391
928.234811,0.031388
928.537654,0.031385
928.840497,0.031381
929.143340,0.031378
929.446183,0.031375
929.749026,0.031372
930.051869,0.031369
930.354712,0.031366
930.657555,0.031363
930.960398,0.031360
931.263241,0.031357
931.566083,0.031354
931.868926,0.031351
932.171769,0.031348
932.474612,0.031345
932.777455,0.031342
933.080298,0.031339
933.383141,0.031337
933.685984,0.031334
933.988827,0.031331
934.291670,0.031328
934.594513,0.031325
934.897356,0.031322
935.200199,0.031319
935.503041,0.031316
935.805884,0.031313
936.108727,0.031310
936.411570,0.031307
936.714413,0.031304
937.017256,0.031302
937.320099,0.031299
937.622942,0.031296
937.925785,0.031293
938.228628,0.031290
938.531471,0.031287
938.834314,0.031285
939.137157,0.031282
939.439999,0.031279
939.742842,0.031276
940.045685,0.031273
940.348528,0.031270
940.651371,0.031268
940.954214,0.031265
941.257057,0.031262
941.559900,0.031259
941.862743,0.031257
942.165586,0.031254
942.468429,0.031251
942.771272,0.031248
943.074115,0.031246
943.376957,0.031243
943.679800,0.031240
943.982643,0.031237
944.285486,0.031235
944.588329,0.031232
944.891172,0.031229
945.194015,0.031227
945.496858,0.031224
945.799701,0.031221
946.102544,0.031218
946.405387,0.031216
946.708230,0.031213
947.011073,0.031210
947.313915,0.031208
947.616758,0.031205
947.919601,0.031202
948.222444,0.031200
948.525287,0.031197
948.828130,0.031195
949.130973,0.031192
949.433816,0.031189
949.736659,0.031187
950.039502,0.031184
950.342345,0.031181
950.645188,0.031179
950.948031,0.031176
951.250873,0.031174
951.553716,0.031171
951.856559,0.031169
952.159402,0.031166
952.462245,0.031163
952.765088,0.031161
953.067931,0.031158
953.370774,0.031156
953.673617,0.031153
953.976460,0.031151
954.279303,0.031148
954.582146,0.031146
954.884989,0.031143
955.187831,0.031141
955.490674,0.031138
955.793517,0.031136
956.096360,0.031133
956.399203,0.031131
956.702046,0.031128
957.004889,0.031126
957.307732,0.031123
957.610575,0.031121
957.913418,0.031118
958.216261,0.031116
958.519104,0.031113
958.821947,0.031111
959.124790,0.031108
959.427632,0.031106
959.730475,0.031103
960.033318,0.031101
960.336161,0.031099
960.639004,0.031096
960.941847,0.031094
961.244690,0.031091
961.547533,0.031089
961.850376,0.031087
962.153219,0.031084
962.456062,0.031082
962.758905,0.031079
963.061748,0.031077
963.364590,0.031075
963.667433,0.031072
963.970276,0.031070
964.273119,0.031068
964.575962,0.031065
964.878805,0.031063
965.181648,0.031061
965.484491,0.031058
965.787334,0.031056
966.090177,0.031054
966.393020,0.031051
966.695863,0.031049
966.998706,0.031047
967.301548,0.031044
967.604391,0.031042
967.907234,0.031040
968.210077,0.031037
968.512920,0.031035
968.815763,0.031033
969.118606,0.031030
969.421449,0.031028
969.724292,0.031026
970.027135,0.031024
970.329978,0.031021
970.632821,0.031019
970.935664,0.031017
971.238506,0.031015
971.541349,0.031012
971.844192,0.031010
972.147035,0.031008
972.449878,0.031006
972.752721,0.031003
973.055564,0.031001
973.358407,0.030999
973.661250,0.030997
973.964093,0.030995
974.266936,0.030992
974.569779,0.030990
974.872622,0.030988
975.175464,0.030986
975.478307,0.030984
975.781150,0.030981
976.083993,0.030979
976.386836,0.030977
976.689679,0.030975
976.992522,0.030973
977.295365,0.030971
977.598208,0.030968
977.901051,0.030966
978.203894,0.030964
978.506737,0.030962
978.809580,0.030960
979.112422,0.030958
979.415265,0.030956
979.718108,0.030953
980.020951,0.030951
980.323794,0.030949
980.626637,0.030947
980.929480,0.030945
981.232323,0.030943
981.535166,0.030941
981.838009,0.030939
982.140852,0.030937
982.443695,0.030935
982.746538,0.030932
983.049381,0.030930
983.352223,0.030928
983.655066,0.030926
983.957909,0.030924
984.260752,0.030922
984.563595,0.030920
984.866438,0.030918
985.169281,0.030916
985.472124,0.030914
985.774967,0.030912
986.077810,0.030910
986.380653,0.030908
986.683496,0.030906
986.986339,0.030904
987.289181,0.030902
987.592024,0.030900
987.894867,0.030898
988.197710,0.030896
988.500553,0.030894
988.803396,0.030892
989.106239,0.030890
989.409082,0.030888
989.711925,0.030886
990.014768,0.030884
990.317611,0.030882
990.620454,0.030880
990.923297,0.030878
991.226139,0.030876
991.528982,0.030874
991.831825,0.030872
992.134668,0.030870
992.437511,0.030868
992.740354,0.030866
993.043197,0.030864
993.346040,0.030862
993.648883,0.030860
993.951726,0.030858
994.254569,0.030856
994.557412,0.030854
994.860255,0.030852
995.163097,0.030850
995.465940,0.030849
995.768783,0.030847
996.071626,0.030845
996.374469,0.030843
996.677312,0.030841
996.980155,0.030839
997.282998,0.030837
997.585841,0.030835
997.888684,0.030833
998.191527,0.030831
998.494370,0.030830
998.797213,0.030828
999.100055,0.030826
999.402898,0.030824
999.705741,0.030822
1000.008584,0.030820
1000.311427,0.030818
1000.614270,0.030816
1000.917113,0.030815
1001.219956,0.030813
1001.522799,0.030811
1001.825642,0.030809
1002.128485,0.030807
1002.431328,0.030805
1002.734171,0.030804
1003.037013,0.030802
1003.339856,0.030800
1003.642699,0.030798
1003.945542,0.030796
1004.248385,0.030794
1004.551228,0.030793
1004.854071,0.030791
1005.156914,0.030789
1005.459757,0.030787
1005.762600,0.030785
1006.065443,0.030784
1006.368286,0.030782
1006.671129,0.030780
1006.973971,0.030778
1007.276814,0.030776
1007.579657,0.030775
1007.882500,0.030773
1008.185343,0.030771
1008.488186,0.030769
1008.791029,0.030768
1009.093872,0.030766
1009.396715,0.030764
1009.699558,0.030762
1010.002401,0.030761
1010.305244,0.030759
1010.608087,0.030757
1010.910930,0.030755
1011.213772,0.030754
1011.516615,0.030752
1011.819458,0.030750
1012.122301,0.030748
1012.425144,0.030747
1012.727987,0.030745
1013.030830,0.030743
1013.333673,0.030741
1013.636516,0.030740
1013.939359,0.030738
1014.242202,0.030736
1014.545045,0.030735
1014.847888,0.030733
1015.150730,0.030731
1015.453573,0.030730
1015.756416,0.030728
1016.059259,0.030726
1016.362102,0.030724
1016.664945,0.030723
1016.967788,0.030721
1017.270631,0.030719
1017.573474,0.030718
1017.876317,0.030716
1018.179160,0.030714
1018.482003,0.030713
1018.784846,0.030711
1019.087688,0.030709
1019.390531,0.030708
1019.693374,0.030706
1019.996217,0.030704
1020.299060,0.030703
1020.601903,0.030701
1020.904746,0.030700
1021.207589,0.030698
1021.510432,0.030696
1021.813275,0.030695
1022.116118,0.030693
1022.418961,0.030691
1022.721804,0.030690
1023.024646,0.030688
1023.327489,0.030686
1023.630332,0.030685
1023.933175,0.030683
1024.236018,0.030682
1024.538861,0.030680
1024.841704,0.030678
1025.144547,0.030677
1025.447390,0.030675
1025.750233,0.030674
1026.053076,0.030672
1026.355919,0.030670
1026.658762,0.030669
1026.961604,0.030667
1027.264447,0.030666
1027.567290,0.030664
1027.870133,0.030663
1028.172976,0.030661
1028.475819,0.030659
1028.778662,0.030658
1029.081505,0.030656
1029.384348,0.030655
1029.687191,0.030653
1029.990034,0.030652
1030.292877,0.030650
1030.595720,0.030649
1030.898562,0.030647
1031.201405,0.030645
1031.504248,0.030644
1031.807091,0.030642
1032.109934,0.030641
1032.412777,0.030639
1032.715620,0.030638
1033.018463,0.030636
1033.321306,0.030635
1033.624149,0.030633
1033.926992,0.030632
1034.229835,0.030630
1034.532678,0.030629
1034.835521,0.030627
1035.138363,0.030626
1035.441206,0.030624
1035.744049,0.030623
1036.046892,0.030621
1036.349735,0.030620
1036.652578,0.030618
1036.955421,0.030617
1037.258264,0.030615
1037.561107,0.030614
1037.863950,0.030612
1038.166793,0.030611
1038.469636,0.030609
1038.772479,0.030608
1039.075321,0.030606
1039.378164,0.030605
1039.681007,0.030603
1039.983850,0.030602
1040.286693,0.030600
1040.589536,0.030599
1040.892379,0.030597
1041.195222,0.030596
1041.498065,0.030594
1041.800908,0.030593
1042.103751,0.030592
1042.406594,0.030590
1042.709437,0.030589
1043.012279,0.030587
1043.315122,0.030586
1043.617965,0.030584
1043.920808,0.030583
1044.223651,0.030581
1044.526494,0.030580
1044.829337,0.030579
1045.132180,0.030577
1045.435023,0.030576
1045.737866,0.030574
1046.040709,0.030573
1046.343552,0.030572
1046.646395,0.030570
1046.949237,0.030569
1047.252080,0.030567
1047.554923,0.030566
1047.857766,0.030564
1048.160609,0.030563
1048.463452,0.030562
1048.766295,0.030560
1049.069138,0.030559
1049.371981,0.030557
1049.674824,0.030556
1049.977667,0.030555
1050.280510,0.030553
1050.583353,0.030552
1050.886195,0.030551
1051.189038,0.030549
1051.491881,0.030548
1051.794724,0.030546
1052.097567,0.030545
1052.400410,0.030544
1052.703253,0.030542
1053.006096,0.030541
1053.308939,0.030540
1053.611782,0.030538
1053.914625,0.030537
1054.217468,0.030536
1054.520311,0.030534
1054.823153,0.030533
1055.125996,0.030531
1055.428839,0.030530
1055.731682,0.030529
1056.034525,0.030527
1056.337368,0.030526
1056.640211,0.030525
1056.943054,0.030523
1057.245897,0.030522
1057.548740,0.030521
1057.851583,0.030519
1058.154426,0.030518
1058.457269,0.030517
1058.760111,0.030515
1059.062954,0.030514
1059.365797,0.030513
1059.668640,0.030511
1059.971483,0.030510
1060.274326,0.030509
1060.577169,0.030508
1060.880012,0.030506
1061.182855,0.030505
1061.485698,0.030504
1061.788541,0.030502
1062.091384,0.030501
1062.394227,0.030500
1062.697070,0.030498
1062.999912,0.030497
1063.302755,0.030496
1063.605598,0.030495
1063.908441,0.030493
1064.211284,0.030492
1064.514127,0.030491
1064.816970,0.030489
1065.119813,0.030488
1065.422656,0.030487
1065.725499,0.030486
1066.028342,0.030484
1066.331185,0.030483
1066.634028,0.030482
1066.936870,0.030481
1067.239713,0.030479
1067.542556,0.030478
1067.845399,0.030477
1068.148242,0.030476
1068.451085,0.030474
1068.753928,0.030473
1069.056771,0.030472
1069.359614,0.030471
1069.662457,0.030469
1069.965300,0.030468
1070.268143,0.030467
1070.570986,0.030466
1070.873828,0.030464
1071.176671,0.030463
1071.479514,0.030462
1071.782357,0.030461
1072.085200,0.030459
1072.388043,0.030458
1072.690886,0.030457
1072.993729,0.030456
1073.296572,0.030454
1073.599415,0.030453
1073.902258,0.030452
1074.205101,0.030451
1074.507944,0.030450
1074.810786,0.030448
1075.113629,0.030447
1075.416472,0.030446
1075.719315,0.030445
1076.022158,0.030444
1076.325001,0.030442
1076.627844,0.030441
1076.930687,0.030440
1077.233530,0.030439
1077.536373,0.030438
1077.839216,0.030436
1078.142059,0.030435
1078.444902,0.030434
1078.747744,0.030433
1079.050587,0.030432
1079.353430,0.030430
1079.656273,0.030429
1079.959116,0.030428
1080.261959,0.030427
1080.564802,0.030426
1080.867645,0.030425
1081.170488,0.030423
1081.473331,0.030422
1081.776174,0.030421
1082.079017,0.030420
1082.381860,0.030419
1082.684702,0.030418
1082.987545,0.030416
1083.290388,0.030415
1083.593231,0.030414
1083.896074,0.030413
1084.198917,0.030412
1084.501760,0.030411
1084.804603,0.030409
1085.107446,0.030408
1085.410289,0.030407
1085.713132,0.030406
1086.015975,0.030405
1086.318818,0.030404
1086.621661,0.030403
1086.924503,0.030401
1087.227346,0.030400
1087.530189,0.030399
1087.833032,0.030398
1088.135875,0.030397
1088.438718,0.030396
1088.741561,0.030395
1089.044404,0.030394
1089.347247,0.030392
1089.650090,0.030391
1089.952933,0.030390
1090.255776,0.030389
1090.558619,0.030388
1090.861461,0.030387
1091.164304,0.030386
1091.467147,0.030385
1091.769990,0.030383
1092.072833,0.030382
1092.375676,0.030381
1092.678519,0.030380
1092.981362,0.030379
1093.284205,0.030378
1093.587048,0.030377
1093.889891,0.030376
1094.192734,0.030375
