# rshift,intensity
61.749172,0.099599
62.062759,0.099603
62.376345,0.099606
62.689932,0.099609
63.003519,0.099613
63.317105,0.099616
63.630692,0.099619
63.944279,0.099623
64.257865,0.099626
64.571452,0.099630
64.885039,0.099633
65.198625,0.099636
65.512212,0.099640
65.825799,0.099643
66.139385,0.099647
66.452972,0.099650
66.766559,0.099654
67.080145,0.099657
67.393732,0.099661
67.707319,0.099664
68.020905,0.099668
68.334492,0.099671
68.648079,0.099675
68.961665,0.099678
69.275252,0.099682
69.588839,0.099686
69.902425,0.099689
70.216012,0.099693
70.529599,0.099696
70.843185,0.099700
71.156772,0.099704
71.470359,0.099707
71.783945,0.099711
72.097532,0.099714
72.411119,0.099718
72.724705,0.099722
73.038292,0.099725
73.351879,0.099729
73.665465,0.099733
73.979052,0.099736
74.292639,0.099740
74.606225,0.099744
74.919812,0.099748
75.233399,0.099751
75.546985,0.099755
75.860572,0.099759
76.174159,0.099763
76.487745,0.099766
76.801332,0.099770
77.114919,0.099774
77.428505,0.099778
77.742092,0.099782
78.055679,0.099785
78.369265,0.099789
78.682852,0.099793
78.996439,0.099797
79.310025,0.099801
79.623612,0.099805
79.937199,0.099809
80.250785,0.099812
80.564372,0.099816
80.877959,0.099820
81.191545,0.099824
81.505132,0.099828
81.818719,0.099832
82.132305,0.099836
82.445892,0.099840
82.759479,0.099844
83.073065,0.099848
83.386652,0.099852
83.700239,0.099856
84.013825,0.099860
84.327412,0.099864
84.640999,0.099868
84.954585,0.099872
85.268172,0.099876
85.581759,0.099880
85.895345,0.099885
86.208932,0.099889
86.522519,0.099893
86.836105,0.099897
87.149692,0.099901
87.463279,0.099905
87.776865,0.099909
88.090452,0.099914
88.404039,0.099918
88.717625,0.099922
89.031212,0.099926
89.344799,0.099930
89.658385,0.099935
89.971972,0.099939
90.285559,0.099943
90.599145,0.099947
90.912732,0.099952
91.226319,0.099956
91.539905,0.099960
91.853492,0.099965
92.167079,0.099969
92.480665,0.099973
92.794252,0.099978
93.107839,0.099982
93.421425,0.099986
93.735012,0.099991
94.048599,0.099995
94.362185,0.100000
94.675772,0.100004
94.989359,0.100008
95.302945,0.100013
95.616532,0.100017
95.930119,0.100022
96.243705,0.100026
96.557292,0.100031
96.870879,0.100035
97.184465,0.100040
97.498052,0.100044
97.811639,0.100049
98.125225,0.100054
98.438812,0.100058
98.752399,0.100063
99.065985,0.100067
99.379572,0.100072
99.693159,0.100077
100.006745,0.100081
100.320332,0.100086
100.633919,0.100091
100.947505,0.100095
101.261092,0.100100
101.574679,0.100105
101.888265,0.100110
102.201852,0.100114
102.515439,0.100119
102.829025,0.100124
103.142612,0.100129
103.456199,0.100133
103.769785,0.100138
104.083372,0.100143
104.396959,0.100148
104.710545,0.100153
105.024132,0.100158
105.337719,0.100163
105.651305,0.100167
105.964892,0.100172
106.278479,0.100177
106.592065,0.100182
106.905652,0.100187
107.219239,0.100192
107.532825,0.100197
107.846412,0.100202
108.159999,0.100207
108.473585,0.100212
108.787172,0.100217
109.100759,0.100222
109.414345,0.100227
109.727932,0.100233
110.041519,0.100238
110.355105,0.100243
110.668692,0.100248
110.982279,0.100253
111.295865,0.100258
111.609452,0.100263
111.923039,0.100269
112.236625,0.100274
112.550212,0.100279
112.863799,0.100284
113.177385,0.100290
113.490972,0.100295
113.804559,0.100300
114.118145,0.100306
114.431732,0.100311
114.745319,0.100316
115.058905,0.100322
115.372492,0.100327
115.686079,0.100332
115.999665,0.100338
116.313252,0.100343
116.626839,0.100349
116.940425,0.100354
117.254012,0.100360
117.567599,0.100365
117.881185,0.100371
118.194772,0.100376
118.508359,0.100382
118.821945,0.100387
119.135532,0.100393
119.449119,0.100398
119.762705,0.100404
120.076292,0.100410
120.389879,0.100415
120.703465,0.100421
121.017052,0.100427
121.330639,0.100432
121.644225,0.100438
121.957812,0.100444
122.271399,0.100450
122.584985,0.100455
122.898572,0.100461
123.212159,0.100467
123.525745,0.100473
123.839332,0.100479
124.152919,0.100485
124.466505,0.100490
124.780092,0.100496
125.093679,0.100502
125.407265,0.100508
125.720852,0.100514
126.034439,0.100520
126.348025,0.100526
126.661612,0.100532
126.975199,0.100538
127.288785,0.100544
127.602372,0.100550
127.915959,0.100556
128.229545,0.100563
128.543132,0.100569
128.856719,0.100575
129.170305,0.100581
129.483892,0.100587
129.797479,0.100593
130.111065,0.100600
130.424652,0.100606
130.738239,0.100612
131.051825,0.100618
131.365412,0.100625
131.678999,0.100631
131.992585,0.100637
132.306172,0.100644
132.619759,0.100650
132.933345,0.100657
133.246932,0.100663
133.560519,0.100670
133.874105,0.100676
134.187692,0.100683
134.501279,0.100689
134.814865,0.100696
135.128452,0.100702
135.442039,0.100709
135.755625,0.100715
136.069212,0.100722
136.382799,0.100729
136.696385,0.100735
137.009972,0.100742
137.323559,0.100749
137.637145,0.100756
137.950732,0.100762
138.264319,0.100769
138.577905,0.100776
138.891492,0.100783
139.205079,0.100790
139.518665,0.100796
139.832252,0.100803
140.145839,0.100810
140.459425,0.100817
140.773012,0.100824
141.086599,0.100831
141.400185,0.100838
141.713772,0.100845
142.027359,0.100852
142.340945,0.100859
142.654532,0.100867
142.968119,0.100874
143.281705,0.100881
143.595292,0.100888
143.908879,0.100895
144.222465,0.100902
144.536052,0.100910
144.849639,0.100917
145.163225,0.100924
145.476812,0.100932
145.790399,0.100939
146.103985,0.100946
146.417572,0.100954
146.731159,0.100961
147.044745,0.100969
147.358332,0.100976
147.671919,0.100984
147.985505,0.100991
148.299092,0.100999
148.612679,0.101006
148.926265,0.101014
149.239852,0.101022
149.553439,0.101029
149.867025,0.101037
150.180612,0.101045
150.494199,0.101053
150.807785,0.101060
151.121372,0.101068
151.434959,0.101076
151.748545,0.101084
152.062132,0.101092
152.375719,0.101100
152.689305,0.101108
153.002892,0.101116
153.316479,0.101124
153.630065,0.101132
153.943652,0.101140
154.257239,0.101148
154.570825,0.101156
154.884412,0.101164
155.197999,0.101172
155.511585,0.101180
155.825172,0.101189
156.138759,0.101197
156.452345,0.101205
156.765932,0.101213
157.079519,0.101222
157.393105,0.101230
157.706692,0.101239
158.020279,0.101247
158.333865,0.101256
158.647452,0.101264
158.961039,0.101273
159.274625,0.101281
159.588212,0.101290
159.901799,0.101298
160.215385,0.101307
160.528972,0.101316
160.842559,0.101324
161.156145,0.101333
161.469732,0.101342
161.783319,0.101351
162.096905,0.101360
162.410492,0.101369
162.724079,0.101377
163.037665,0.101386
163.351252,0.101395
163.664839,0.101404
163.978425,0.101413
164.292012,0.101423
164.605599,0.101432
164.919185,0.101441
165.232772,0.101450
165.546359,0.101459
165.859945,0.101468
166.173532,0.101478
166.487119,0.101487
166.800705,0.101496
167.114292,0.101506
167.427879,0.101515
167.741465,0.101525
168.055052,0.101534
168.368639,0.101544
168.682225,0.101553
168.995812,0.101563
169.309399,0.101573
169.622985,0.101582
169.936572,0.101592
170.250159,0.101602
170.563745,0.101612
170.877332,0.101621
171.190919,0.101631
171.504505,0.101641
171.818092,0.101651
172.131679,0.101661
172.445265,0.101671
172.758852,0.101681
173.072439,0.101691
173.386025,0.101701
173.699612,0.101712
174.013199,0.101722
174.326785,0.101732
174.640372,0.101742
174.953959,0.101753
175.267545,0.101763
175.581132,0.101773
175.894719,0.101784
176.208305,0.101794
176.521892,0.101805
176.835479,0.101816
177.149065,0.101826
177.462652,0.101837
177.776239,0.101848
178.089825,0.101858
178.403412,0.101869
178.716999,0.101880
179.030585,0.101891
179.344172,0.101902
179.657759,0.101913
179.971345,0.101924
180.284932,0.101935
180.598519,0.101946
180.912105,0.101957
181.225692,0.101968
181.539279,0.101979
181.852865,0.101991
182.166452,0.102002
182.480039,0.102013
182.793625,0.102025
183.107212,0.102036
183.420799,0.102048
183.734385,0.102059
184.047972,0.102071
184.361559,0.102083
184.675145,0.102094
184.988732,0.102106
185.302319,0.102118
185.615905,0.102130
185.929492,0.102142
186.243079,0.102154
186.556665,0.102166
186.870252,0.102178
187.183839,0.102190
187.497425,0.102202
187.811012,0.102214
188.124599,0.102226
188.438185,0.102239
188.751772,0.102251
189.065359,0.102263
189.378945,0.102276
189.692532,0.102288
190.006119,0.102301
190.319705,0.102313
190.633292,0.102326
190.946879,0.102339
191.260465,0.102351
191.574052,0.102364
191.887639,0.102377
192.201225,0.102390
192.514812,0.102403
192.828399,0.102416
193.141985,0.102429
193.455572,0.102442
193.769159,0.102456
194.082745,0.102469
194.396332,0.102482
194.709919,0.102496
195.023505,0.102509
195.337092,0.102522
195.650679,0.102536
195.964265,0.102550
196.277852,0.102563
196.591439,0.102577
196.905025,0.102591
197.218612,0.102605
197.532199,0.102619
197.845785,0.102633
198.159372,0.102647
198.472959,0.102661
198.786545,0.102675
199.100132,0.102689
199.413719,0.102703
199.727305,0.102718
200.040892,0.102732
200.354479,0.102747
200.668065,0.102761
200.981652,0.102776
201.295239,0.102790
201.608825,0.102805
201.922412,0.102820
202.235999,0.102835
202.549585,0.102850
202.863172,0.102865
203.176759,0.102880
203.490345,0.102895
203.803932,0.102910
204.117519,0.102925
204.431105,0.102941
204.744692,0.102956
205.058279,0.102972
205.371865,0.102987
205.685452,0.103003
205.999039,0.103018
206.312625,0.103034
206.626212,0.103050
206.939799,0.103066
207.253385,0.103082
207.566972,0.103098
207.880559,0.103114
208.194145,0.103130
208.507732,0.103147
208.821319,0.103163
209.134905,0.103179
209.448492,0.103196
209.762079,0.103213
210.075665,0.103229
210.389252,0.103246
210.702839,0.103263
211.016425,0.103280
211.330012,0.103297
211.643599,0.103314
211.957185,0.103331
212.270772,0.103348
212.584359,0.103365
212.897945,0.103383
213.211532,0.103400
213.525119,0.103418
213.838705,0.103435
214.152292,0.103453
214.465879,0.103471
214.779465,0.103489
215.093052,0.103507
215.406639,0.103525
215.720225,0.103543
216.033812,0.103561
216.347399,0.103580
216.660985,0.103598
216.974572,0.103617
217.288159,0.103635
217.601745,0.103654
217.915332,0.103673
218.228919,0.103692
218.542505,0.103711
218.856092,0.103730
219.169679,0.103749
219.483265,0.103768
219.796852,0.103787
220.110439,0.103807
220.424025,0.103827
220.737612,0.103846
221.051199,0.103866
221.364785,0.103886
221.678372,0.103906
221.991959,0.103926
222.305545,0.103946
222.619132,0.103966
222.932719,0.103986
223.246305,0.104007
223.559892,0.104028
223.873479,0.104048
224.187065,0.104069
224.500652,0.104090
224.814239,0.104111
225.127825,0.104132
225.441412,0.104153
225.754999,0.104174
226.068585,0.104196
226.382172,0.104217
226.695759,0.104239
227.009345,0.104261
227.322932,0.104283
227.636519,0.104305
227.950105,0.104327
228.263692,0.104349
228.577279,0.104371
228.890865,0.104394
229.204452,0.104416
229.518039,0.104439
229.831625,0.104462
230.145212,0.104485
230.458799,0.104508
230.772385,0.104531
231.085972,0.104554
231.399559,0.104578
231.713145,0.104601
232.026732,0.104625
232.340319,0.104649
232.653905,0.104673
232.967492,0.104697
233.281079,0.104721
233.594665,0.104745
233.908252,0.104770
234.221839,0.104794
234.535425,0.104819
234.849012,0.104844
235.162599,0.104869
235.476185,0.104894
235.789772,0.104919
236.103359,0.104945
236.416945,0.104970
236.730532,0.104996
237.044119,0.105022
237.357705,0.105048
237.671292,0.105074
237.984879,0.105100
238.298465,0.105127
238.612052,0.105153
238.925639,0.105180
239.239225,0.105207
239.552812,0.105234
239.866399,0.105261
240.179985,0.105288
240.493572,0.105316
240.807159,0.105344
241.120745,0.105371
241.434332,0.105399
241.747919,0.105428
242.061505,0.105456
242.375092,0.105484
242.688679,0.105513
243.002265,0.105542
243.315852,0.105571
243.629439,0.105600
243.943025,0.105629
244.256612,0.105659
244.570199,0.105688
244.883785,0.105718
245.197372,0.105748
245.510959,0.105778
245.824545,0.105809
246.138132,0.105839
246.451719,0.105870
246.765305,0.105901
247.078892,0.105932
247.392479,0.105963
247.706065,0.105995
248.019652,0.106026
248.333239,0.106058
248.646825,0.106090
248.960412,0.106122
249.273999,0.106155
249.587585,0.106187
249.901172,0.106220
250.214759,0.106253
250.528345,0.106286
250.841932,0.106320
251.155519,0.106354
251.469105,0.106387
251.782692,0.106422
252.096279,0.106456
252.409865,0.106490
252.723452,0.106525
253.037039,0.106560
253.350625,0.106595
253.664212,0.106630
253.977799,0.106666
254.291385,0.106702
254.604972,0.106738
254.918559,0.106774
255.232145,0.106811
255.545732,0.106847
255.859319,0.106884
256.172905,0.106922
256.486492,0.106959
256.800079,0.106997
257.113665,0.107035
257.427252,0.107073
257.740839,0.107111
258.054425,0.107150
258.368012,0.107189
258.681599,0.107228
258.995185,0.107268
259.308772,0.107307
259.622359,0.107347
259.935945,0.107388
260.249532,0.107428
260.563119,0.107469
260.876705,0.107510
261.190292,0.107551
261.503879,0.107593
261.817465,0.107635
262.131052,0.107677
262.444639,0.107719
262.758225,0.107762
263.071812,0.107805
263.385399,0.107849
263.698985,0.107892
264.012572,0.107936
264.326159,0.107980
264.639745,0.108025
264.953332,0.108070
265.266919,0.108115
265.580505,0.108161
265.894092,0.108206
266.207679,0.108252
266.521265,0.108299
266.834852,0.108346
267.148439,0.108393
267.462025,0.108440
267.775612,0.108488
268.089199,0.108536
268.402785,0.108585
268.716372,0.108633
269.029959,0.108683
269.343545,0.108732
269.657132,0.108782
269.970719,0.108832
270.284305,0.108883
270.597892,0.108934
270.911479,0.108985
271.225065,0.109037
271.538652,0.109089
271.852239,0.109141
272.165825,0.109194
272.479412,0.109247
272.792999,0.109301
273.106585,0.109355
273.420172,0.109410
273.733759,0.109465
274.047345,0.109520
274.360932,0.109576
274.674519,0.109632
274.988105,0.109688
275.301692,0.109745
275.615279,0.109803
275.928865,0.109860
276.242452,0.109919
276.556039,0.109977
276.869625,0.110037
277.183212,0.110096
277.496799,0.110156
277.810385,0.110217
278.123972,0.110278
278.437559,0.110340
278.751145,0.110402
279.064732,0.110464
279.378319,0.110527
279.691905,0.110591
280.005492,0.110655
280.319079,0.110719
280.632665,0.110784
280.946252,0.110850
281.259839,0.110916
281.573425,0.110983
281.887012,0.111050
282.200599,0.111117
282.514185,0.111186
282.827772,0.111254
283.141359,0.111324
283.454945,0.111394
283.768532,0.111464
284.082119,0.111535
284.395705,0.111607
284.709292,0.111679
285.022879,0.111752
285.336465,0.111826
285.650052,0.111900
285.963639,0.111975
286.277225,0.112050
286.590812,0.112126
286.904399,0.112203
287.217985,0.112280
287.531572,0.112358
287.845159,0.112437
288.158745,0.112516
288.472332,0.112596
288.785919,0.112677
289.099505,0.112758
289.413092,0.112840
289.726679,0.112923
290.040265,0.113007
290.353852,0.113091
290.667439,0.113176
290.981025,0.113262
291.294612,0.113349
291.608199,0.113436
291.921785,0.113524
292.235372,0.113613
292.548959,0.113703
292.862545,0.113793
293.176132,0.113884
293.489719,0.113977
293.803305,0.114070
294.116892,0.114163
294.430479,0.114258
294.744065,0.114354
295.057652,0.114450
295.371239,0.114548
295.684825,0.114646
295.998412,0.114745
296.311999,0.114845
296.625585,0.114946
296.939172,0.115048
297.252759,0.115151
297.566345,0.115255
297.879932,0.115360
298.193519,0.115466
298.507105,0.115573
298.820692,0.115681
299.134279,0.115790
299.447865,0.115900
299.761452,0.116011
300.075039,0.116123
300.388625,0.116236
300.702212,0.116351
301.015799,0.116466
301.329385,0.116583
301.642972,0.116700
301.956559,0.116819
302.270145,0.116939
302.583732,0.117061
302.897319,0.117183
303.210905,0.117307
303.524492,0.117432
303.838079,0.117558
304.151665,0.117685
304.465252,0.117814
304.778839,0.117944
305.092425,0.118076
305.406012,0.118208
305.719599,0.118342
306.033185,0.118478
306.346772,0.118615
306.660359,0.118753
306.973945,0.118893
307.287532,0.119034
307.601119,0.119176
307.914705,0.119320
308.228292,0.119466
308.541879,0.119613
308.855465,0.119762
309.169052,0.119912
309.482639,0.120064
309.796225,0.120217
310.109812,0.120372
310.423399,0.120529
310.736985,0.120687
311.050572,0.120847
311.364159,0.121009
311.677745,0.121172
311.991332,0.121337
312.304919,0.121504
312.618505,0.121673
312.932092,0.121843
313.245679,0.122016
313.559265,0.122190
313.872852,0.122366
314.186439,0.122544
314.500025,0.122725
314.813612,0.122907
315.127199,0.123091
315.440785,0.123277
315.754372,0.123465
316.067959,0.123655
316.381545,0.123847
316.695132,0.124041
317.008719,0.124238
317.322305,0.124436
317.635892,0.124637
317.949479,0.124840
318.263065,0.125046
318.576652,0.125253
318.890239,0.125463
319.203825,0.125675
319.517412,0.125890
319.830999,0.126107
320.144585,0.126326
320.458172,0.126548
320.771759,0.126772
321.085345,0.126999
321.398932,0.127229
321.712519,0.127460
322.026105,0.127695
322.339692,0.127932
322.653279,0.128172
322.966865,0.128414
323.280452,0.128659
323.594039,0.128907
323.907625,0.129157
324.221212,0.129410
324.534799,0.129667
324.848385,0.129925
325.161972,0.130187
325.475559,0.130452
325.789145,0.130719
326.102732,0.130990
326.416319,0.131263
326.729905,0.131539
327.043492,0.131818
327.357079,0.132101
327.670665,0.132386
327.984252,0.132674
328.297839,0.132966
328.611425,0.133260
328.925012,0.133558
329.238599,0.133859
329.552185,0.134163
329.865772,0.134470
330.179359,0.134780
330.492945,0.135093
330.806532,0.135410
331.120119,0.135730
331.433705,0.136053
331.747292,0.136379
332.060879,0.136708
332.374465,0.137041
332.688052,0.137377
333.001639,0.137716
333.315225,0.138058
333.628812,0.138403
333.942399,0.138752
334.255985,0.139104
334.569572,0.139459
334.883159,0.139817
335.196745,0.140178
335.510332,0.140542
335.823919,0.140909
336.137505,0.141280
336.451092,0.141653
336.764679,0.142029
337.078265,0.142409
337.391852,0.142791
337.705439,0.143176
338.019025,0.143563
338.332612,0.143954
338.646199,0.144347
338.959785,0.144743
339.273372,0.145141
339.586959,0.145542
339.900545,0.145945
340.214132,0.146350
340.527719,0.146758
340.841305,0.147167
341.154892,0.147579
341.468479,0.147992
341.782065,0.148408
342.095652,0.148825
342.409239,0.149244
342.722825,0.149664
343.036412,0.150085
343.349999,0.150508
343.663585,0.150931
343.977172,0.151356
344.290759,0.151781
344.604345,0.152207
344.917932,0.152633
345.231519,0.153060
345.545105,0.153486
345.858692,0.153913
346.172279,0.154339
346.485865,0.154765
346.799452,0.155191
347.113039,0.155615
347.426625,0.156039
347.740212,0.156461
348.053799,0.156882
348.367385,0.157302
348.680972,0.157719
348.994559,0.158135
349.308145,0.158548
349.621732,0.158959
349.935319,0.159368
350.248905,0.159774
350.562492,0.160176
350.876079,0.160576
351.189665,0.160972
351.503252,0.161364
351.816839,0.161753
352.130425,0.162137
352.444012,0.162518
352.757599,0.162894
353.071185,0.163265
353.384772,0.163632
353.698359,0.163994
354.011945,0.164351
354.325532,0.164703
354.639119,0.165049
354.952705,0.165390
355.266292,0.165725
355.579879,0.166055
355.893465,0.166379
356.207052,0.166696
356.520639,0.167008
356.834225,0.167314
357.147812,0.167614
357.461399,0.167908
357.774985,0.168195
358.088572,0.168476
358.402159,0.168751
358.715745,0.169020
359.029332,0.169283
359.342919,0.169539
359.656505,0.169790
359.970092,0.170034
360.283679,0.170272
360.597265,0.170505
360.910852,0.170732
361.224439,0.170953
361.538025,0.171169
361.851612,0.171379
362.165199,0.171584
362.478785,0.171784
362.792372,0.171979
363.105959,0.172170
363.419545,0.172356
363.733132,0.172538
364.046719,0.172716
364.360305,0.172890
364.673892,0.173060
364.987479,0.173227
365.301065,0.173392
365.614652,0.173553
365.928239,0.173712
366.241825,0.173869
366.555412,0.174024
366.868999,0.174177
367.182585,0.174329
367.496172,0.174480
367.809759,0.174630
368.123345,0.174780
368.436932,0.174929
368.750519,0.175079
369.064105,0.175230
369.377692,0.175381
369.691279,0.175534
370.004865,0.175688
370.318452,0.175844
370.632039,0.176002
370.945625,0.176162
371.259212,0.176326
371.572799,0.176492
371.886385,0.176662
372.199972,0.176835
372.513559,0.177013
372.827145,0.177195
373.140732,0.177381
373.454319,0.177573
373.767905,0.177770
374.081492,0.177972
374.395079,0.178180
374.708665,0.178395
375.022252,0.178616
375.335839,0.178843
375.649425,0.179078
375.963012,0.179320
376.276599,0.179569
376.590185,0.179827
376.903772,0.180092
377.217359,0.180366
377.530945,0.180649
377.844532,0.180941
378.158119,0.181242
378.471705,0.181552
378.785292,0.181872
379.098879,0.182202
379.412465,0.182543
379.726052,0.182893
380.039639,0.183255
380.353225,0.183628
380.666812,0.184012
380.980399,0.184407
381.293985,0.184815
381.607572,0.185234
381.921159,0.185666
382.234745,0.186110
382.548332,0.186567
382.861919,0.187038
383.175505,0.187521
383.489092,0.188018
383.802679,0.188529
384.116265,0.189054
384.429852,0.189593
384.743439,0.190147
385.057025,0.190716
385.370612,0.191300
385.684199,0.191899
385.997785,0.192514
386.311372,0.193145
386.624959,0.193792
386.938545,0.194456
387.252132,0.195136
387.565719,0.195833
387.879305,0.196548
388.192892,0.197280
388.506479,0.198030
388.820065,0.198799
389.133652,0.199585
389.447239,0.200391
389.760825,0.201216
390.074412,0.202060
390.387999,0.202924
390.701585,0.203807
391.015172,0.204712
391.328759,0.205636
391.642345,0.206582
391.955932,0.207549
392.269519,0.208538
392.583105,0.209549
392.896692,0.210582
393.210279,0.211638
393.523865,0.212717
393.837452,0.213819
394.151039,0.214945
394.464625,0.216096
394.778212,0.217270
395.091799,0.218470
395.405385,0.219694
395.718972,0.220945
396.032559,0.222221
396.346145,0.223523
396.659732,0.224852
396.973319,0.226209
397.286905,0.227592
397.600492,0.229003
397.914079,0.230443
398.227665,0.231911
398.541252,0.233408
398.854839,0.234934
399.168425,0.236489
399.482012,0.238075
399.795599,0.239691
400.109185,0.241337
400.422772,0.243014
400.736359,0.244723
401.049945,0.246462
401.363532,0.248234
401.677119,0.250038
401.990705,0.251874
402.304292,0.253742
402.617879,0.255643
402.931465,0.257577
403.245052,0.259544
403.558639,0.261544
403.872225,0.263578
404.185812,0.265645
404.499399,0.267745
404.812985,0.269879
405.126572,0.272046
405.440159,0.274246
405.753745,0.276480
406.067332,0.278746
406.380919,0.281045
406.694505,0.283377
407.008092,0.285740
407.321679,0.288135
407.635265,0.290562
407.948852,0.293019
408.262439,0.295506
408.576025,0.298023
408.889612,0.300568
409.203199,0.303140
409.516785,0.305739
409.830372,0.308364
410.143959,0.311014
410.457545,0.313686
410.771132,0.316381
411.084719,0.319095
411.398305,0.321829
411.711892,0.324579
412.025479,0.327344
412.339065,0.330123
412.652652,0.332913
412.966239,0.335712
413.279825,0.338517
413.593412,0.341326
413.906999,0.344137
414.220585,0.346947
414.534172,0.349752
414.847759,0.352550
415.161345,0.355337
415.474932,0.358111
415.788519,0.360868
416.102105,0.363604
416.415692,0.366316
416.729279,0.369000
417.042865,0.371653
417.356452,0.374269
417.670039,0.376846
417.983625,0.379379
418.297212,0.381864
418.610799,0.384297
418.924385,0.386674
419.237972,0.388990
419.551559,0.391241
419.865145,0.393423
420.178732,0.395532
420.492319,0.397563
420.805905,0.399513
421.119492,0.401377
421.433079,0.403151
421.746665,0.404833
422.060252,0.406418
422.373839,0.407902
422.687425,0.409283
423.001012,0.410558
423.314599,0.411723
423.628185,0.412775
423.941772,0.413714
424.255359,0.414535
424.568945,0.415239
424.882532,0.415822
425.196119,0.416284
425.509705,0.416624
425.823292,0.416841
426.136879,0.416935
426.450465,0.416906
426.764052,0.416755
427.077639,0.416481
427.391225,0.416086
427.704812,0.415571
428.018399,0.414937
428.331985,0.414187
428.645572,0.413323
428.959159,0.412347
429.272745,0.411261
429.586332,0.410069
429.899919,0.408774
430.213505,0.407378
430.527092,0.405886
430.840679,0.404301
431.154265,0.402627
431.467852,0.400868
431.781439,0.399027
432.095025,0.397110
432.408612,0.395119
432.722199,0.393060
433.035785,0.390937
433.349372,0.388754
433.662959,0.386515
433.976545,0.384224
434.290132,0.381887
434.603719,0.379506
434.917305,0.377087
435.230892,0.374632
435.544479,0.372148
435.858065,0.369636
436.171652,0.367101
436.485239,0.364547
436.798825,0.361977
437.112412,0.359395
437.425999,0.356804
437.739585,0.354208
438.053172,0.351609
438.366759,0.349010
438.680345,0.346415
438.993932,0.343825
439.307519,0.341245
439.621105,0.338675
439.934692,0.336118
440.248279,0.333577
440.561865,0.331054
440.875452,0.328550
441.189039,0.326067
441.502625,0.323607
441.816212,0.321172
442.129799,0.318763
442.443385,0.316382
442.756972,0.314029
443.070559,0.311706
443.384145,0.309414
443.697732,0.307154
444.011319,0.304927
444.324905,0.302733
444.638492,0.300574
444.952079,0.298449
445.265665,0.296361
445.579252,0.294309
445.892839,0.292293
446.206425,0.290314
446.520012,0.288373
446.833599,0.286469
447.147185,0.284604
447.460772,0.282777
447.774359,0.280988
448.087945,0.279237
448.401532,0.277526
448.715119,0.275853
449.028705,0.274218
449.342292,0.272623
449.655879,0.271066
449.969465,0.269548
450.283052,0.268068
450.596639,0.266627
450.910225,0.265225
451.223812,0.263861
451.537399,0.262535
451.850985,0.261248
452.164572,0.259998
452.478159,0.258787
452.791745,0.257613
453.105332,0.256477
453.418919,0.255378
453.732505,0.254317
454.046092,0.253292
454.359679,0.252305
454.673265,0.251354
454.986852,0.250440
455.300439,0.249563
455.614025,0.248721
455.927612,0.247916
456.241199,0.247147
456.554785,0.246414
456.868372,0.245716
457.181959,0.245054
457.495545,0.244427
457.809132,0.243835
458.122719,0.243278
458.436305,0.242757
458.749892,0.242270
459.063479,0.241817
459.377065,0.241399
459.690652,0.241016
460.004239,0.240666
460.317825,0.240351
460.631412,0.240069
460.944999,0.239822
461.258585,0.239607
461.572172,0.239427
461.885759,0.239279
462.199345,0.239165
462.512932,0.239084
462.826519,0.239036
463.140105,0.239020
463.453692,0.239036
463.767279,0.239085
464.080865,0.239166
464.394452,0.239278
464.708039,0.239422
465.021625,0.239597
465.335212,0.239803
465.648799,0.240040
465.962385,0.240307
466.275972,0.240603
466.589559,0.240929
466.903145,0.241284
467.216732,0.241667
467.530319,0.242078
467.843905,0.242516
468.157492,0.242981
468.471079,0.243472
468.784665,0.243988
469.098252,0.244529
469.411839,0.245093
469.725425,0.245680
470.039012,0.246288
470.352599,0.246917
470.666185,0.247565
470.979772,0.248232
471.293359,0.248915
471.606945,0.249615
471.920532,0.250328
472.234119,0.251054
472.547705,0.251791
472.861292,0.252537
473.174879,0.253291
473.488465,0.254051
473.802052,0.254814
474.115639,0.255579
474.429225,0.256344
474.742812,0.257106
475.056399,0.257863
475.369985,0.258614
475.683572,0.259354
475.997159,0.260083
476.310745,0.260798
476.624332,0.261495
476.937919,0.262174
477.251505,0.262830
477.565092,0.263462
477.878679,0.264066
478.192265,0.264641
478.505852,0.265184
478.819439,0.265692
479.133025,0.266164
479.446612,0.266596
479.760199,0.266987
480.073785,0.267334
480.387372,0.267635
480.700959,0.267889
481.014545,0.268093
481.328132,0.268247
481.641719,0.268348
481.955305,0.268396
482.268892,0.268389
482.582479,0.268327
482.896065,0.268209
483.209652,0.268034
483.523239,0.267802
483.836825,0.267514
484.150412,0.267169
484.463999,0.266767
484.777585,0.266310
485.091172,0.265798
485.404759,0.265232
485.718345,0.264614
486.031932,0.263944
486.345519,0.263224
486.659105,0.262456
486.972692,0.261642
487.286279,0.260783
487.599865,0.259882
487.913452,0.258941
488.227039,0.257961
488.540625,0.256946
488.854212,0.255898
489.167799,0.254819
489.481385,0.253711
489.794972,0.252577
490.108559,0.251419
490.422145,0.250241
490.735732,0.249044
491.049319,0.247830
491.362905,0.246603
491.676492,0.245364
491.990079,0.244115
492.303665,0.242860
492.617252,0.241599
492.930839,0.240335
493.244425,0.239071
493.558012,0.237807
493.871599,0.236546
494.185185,0.235290
494.498772,0.234040
494.812359,0.232797
495.125945,0.231564
495.439532,0.230341
495.753119,0.229131
496.066705,0.227933
496.380292,0.226750
496.693879,0.225583
497.007465,0.224431
497.321052,0.223298
497.634639,0.222182
497.948225,0.221086
498.261812,0.220009
498.575399,0.218953
498.888985,0.217918
499.202572,0.216905
499.516159,0.215914
499.829745,0.214946
500.143332,0.214001
500.456919,0.213079
500.770505,0.212181
501.084092,0.211308
501.397679,0.210459
501.711265,0.209635
502.024852,0.208835
502.338439,0.208061
502.652025,0.207313
502.965612,0.206590
503.279199,0.205893
503.592785,0.205221
503.906372,0.204576
504.219959,0.203957
504.533545,0.203364
504.847132,0.202797
505.160719,0.202257
505.474305,0.201743
505.787892,0.201257
506.101479,0.200796
506.415065,0.200363
506.728652,0.199957
507.042239,0.199578
507.355825,0.199227
507.669412,0.198902
507.982999,0.198606
508.296585,0.198337
508.610172,0.198096
508.923759,0.197883
509.237345,0.197698
509.550932,0.197542
509.864519,0.197414
510.178105,0.197316
510.491692,0.197247
510.805279,0.197207
511.118865,0.197197
511.432452,0.197218
511.746039,0.197269
512.059625,0.197351
512.373212,0.197464
512.686799,0.197608
513.000385,0.197785
513.313972,0.197995
513.627559,0.198237
513.941145,0.198513
514.254732,0.198823
514.568319,0.199168
514.881905,0.199548
515.195492,0.199963
515.509079,0.200414
515.822665,0.200902
516.136252,0.201427
516.449839,0.201990
516.763425,0.202591
517.077012,0.203231
517.390599,0.203910
517.704185,0.204628
518.017772,0.205386
518.331359,0.206185
518.644945,0.207024
518.958532,0.207904
519.272119,0.208824
519.585705,0.209784
519.899292,0.210785
520.212879,0.211825
520.526465,0.212904
520.840052,0.214020
521.153639,0.215174
521.467225,0.216363
521.780812,0.217585
522.094399,0.218839
522.407985,0.220122
522.721572,0.221432
523.035159,0.222764
523.348745,0.224116
523.662332,0.225483
523.975919,0.226862
524.289505,0.228248
524.603092,0.229636
524.916679,0.231021
525.230265,0.232397
525.543852,0.233760
525.857439,0.235104
526.171025,0.236424
526.484612,0.237714
526.798199,0.238971
527.111785,0.240189
527.425372,0.241366
527.738959,0.242498
528.052545,0.243583
528.366132,0.244620
528.679719,0.245607
528.993305,0.246545
529.306892,0.247435
529.620479,0.248279
529.934065,0.249078
530.247652,0.249837
530.561239,0.250559
530.874825,0.251248
531.188412,0.251909
531.501999,0.252545
531.815585,0.253163
532.129172,0.253765
532.442759,0.254358
532.756345,0.254946
533.069932,0.255531
533.383519,0.256119
533.697105,0.256712
534.010692,0.257314
534.324279,0.257926
534.637865,0.258550
534.951452,0.259188
535.265039,0.259841
535.578625,0.260509
535.892212,0.261192
536.205799,0.261889
536.519385,0.262600
536.832972,0.263324
537.146559,0.264058
537.460145,0.264801
537.773732,0.265550
538.087319,0.266303
538.400905,0.267058
538.714492,0.267810
539.028079,0.268557
539.341665,0.269296
539.655252,0.270022
539.968839,0.270733
540.282425,0.271424
540.596012,0.272091
540.909599,0.272732
541.223185,0.273341
541.536772,0.273916
541.850359,0.274452
542.163945,0.274946
542.477532,0.275394
542.791119,0.275793
543.104705,0.276139
543.418292,0.276429
543.731879,0.276660
544.045465,0.276831
544.359052,0.276937
544.672639,0.276977
544.986225,0.276949
545.299812,0.276851
545.613399,0.276682
545.926985,0.276441
546.240572,0.276126
546.554159,0.275738
546.867745,0.275277
547.181332,0.274742
547.494919,0.274134
547.808505,0.273454
548.122092,0.272702
548.435679,0.271880
548.749265,0.270991
549.062852,0.270034
549.376439,0.269014
549.690025,0.267931
550.003612,0.266789
550.317199,0.265589
550.630785,0.264336
550.944372,0.263031
551.257959,0.261678
551.571545,0.260279
551.885132,0.258839
552.198719,0.257359
552.512305,0.255844
552.825892,0.254297
553.139479,0.252720
553.453065,0.251118
553.766652,0.249492
554.080239,0.247847
554.393825,0.246184
554.707412,0.244508
555.020999,0.242821
555.334585,0.241125
555.648172,0.239424
555.961759,0.237719
556.275345,0.236013
556.588932,0.234309
556.902519,0.232609
557.216105,0.230913
557.529692,0.229226
557.843279,0.227548
558.156865,0.225880
558.470452,0.224225
558.784039,0.222584
559.097625,0.220958
559.411212,0.219349
559.724799,0.217757
560.038385,0.216184
560.351972,0.214630
560.665559,0.213097
560.979145,0.211584
561.292732,0.210093
561.606319,0.208625
561.919905,0.207179
562.233492,0.205756
562.547079,0.204357
562.860665,0.202982
563.174252,0.201631
563.487839,0.200304
563.801425,0.199001
564.115012,0.197723
564.428599,0.196469
564.742185,0.195240
565.055772,0.194035
565.369359,0.192855
565.682945,0.191699
565.996532,0.190568
566.310119,0.189460
566.623705,0.188377
566.937292,0.187317
567.250879,0.186281
567.564465,0.185269
567.878052,0.184279
568.191639,0.183313
568.505225,0.182369
568.818812,0.181448
569.132399,0.180549
569.445985,0.179672
569.759572,0.178816
570.073159,0.177982
570.386745,0.177170
570.700332,0.176378
571.013919,0.175607
571.327505,0.174856
571.641092,0.174125
571.954679,0.173414
572.268265,0.172723
572.581852,0.172051
572.895439,0.171398
573.209025,0.170764
573.522612,0.170149
573.836199,0.169552
574.149785,0.168973
574.463372,0.168412
574.776959,0.167869
575.090545,0.167343
575.404132,0.166834
575.717719,0.166343
576.031305,0.165868
576.344892,0.165410
576.658479,0.164969
576.972065,0.164544
577.285652,0.164135
577.599239,0.163742
577.912825,0.163366
578.226412,0.163005
578.539999,0.162659
578.853585,0.162329
579.167172,0.162015
579.480759,0.161715
579.794345,0.161432
580.107932,0.161163
580.421519,0.160909
580.735105,0.160670
581.048692,0.160446
581.362279,0.160237
581.675865,0.160043
581.989452,0.159863
582.303039,0.159699
582.616625,0.159549
582.930212,0.159414
583.243799,0.159293
583.557385,0.159188
583.870972,0.159097
584.184559,0.159021
584.498145,0.158960
584.811732,0.158913
585.125319,0.158882
585.438905,0.158866
585.752492,0.158864
586.066079,0.158878
586.379665,0.158908
586.693252,0.158952
587.006839,0.159012
587.320425,0.159087
587.634012,0.159179
587.947599,0.159286
588.261185,0.159409
588.574772,0.159548
588.888359,0.159703
589.201945,0.159875
589.515532,0.160064
589.829119,0.160269
590.142705,0.160491
590.456292,0.160730
590.769879,0.160987
591.083465,0.161261
591.397052,0.161553
591.710639,0.161863
592.024225,0.162191
592.337812,0.162538
592.651399,0.162903
592.964985,0.163286
593.278572,0.163689
593.592159,0.164111
593.905745,0.164553
594.219332,0.165013
594.532919,0.165494
594.846505,0.165995
595.160092,0.166516
595.473679,0.167057
595.787265,0.167618
596.100852,0.168200
596.414439,0.168803
596.728025,0.169426
597.041612,0.170070
597.355199,0.170734
597.668785,0.171420
597.982372,0.172125
598.295959,0.172851
598.609545,0.173598
598.923132,0.174364
599.236719,0.175150
599.550305,0.175956
599.863892,0.176780
600.177479,0.177623
600.491065,0.178484
600.804652,0.179361
601.118239,0.180255
601.431825,0.181165
601.745412,0.182089
602.058999,0.183026
602.372585,0.183975
602.686172,0.184935
602.999759,0.185905
603.313345,0.186881
603.626932,0.187864
603.940519,0.188851
604.254105,0.189840
604.567692,0.190828
604.881279,0.191814
605.194865,0.192795
605.508452,0.193768
605.822039,0.194732
606.135625,0.195682
606.449212,0.196616
606.762799,0.197531
607.076385,0.198425
607.389972,0.199293
607.703559,0.200133
608.017145,0.200942
608.330732,0.201716
608.644319,0.202452
608.957905,0.203148
609.271492,0.203800
609.585079,0.204406
609.898665,0.204962
610.212252,0.205467
610.525839,0.205918
610.839425,0.206312
611.153012,0.206649
611.466599,0.206926
611.780185,0.207143
612.093772,0.207298
612.407359,0.207390
612.720945,0.207420
613.034532,0.207387
613.348119,0.207292
613.661705,0.207136
613.975292,0.206919
614.288879,0.206643
614.602465,0.206309
614.916052,0.205920
615.229639,0.205477
615.543225,0.204983
615.856812,0.204441
616.170399,0.203852
616.483985,0.203221
616.797572,0.202550
617.111159,0.201842
617.424745,0.201100
617.738332,0.200328
618.051919,0.199529
618.365505,0.198706
618.679092,0.197862
618.992679,0.197000
619.306265,0.196124
619.619852,0.195236
619.933439,0.194340
620.247025,0.193437
620.560612,0.192531
620.874199,0.191625
621.187785,0.190719
621.501372,0.189818
621.814959,0.188922
622.128545,0.188035
622.442132,0.187157
622.755719,0.186290
623.069305,0.185436
623.382892,0.184597
623.696479,0.183774
624.010065,0.182967
624.323652,0.182178
624.637239,0.181409
624.950825,0.180659
625.264412,0.179930
625.577999,0.179222
625.891585,0.178536
626.205172,0.177872
626.518759,0.177232
626.832345,0.176615
627.145932,0.176021
627.459519,0.175452
627.773105,0.174906
628.086692,0.174385
628.400279,0.173889
628.713865,0.173417
629.027452,0.172970
629.341039,0.172548
629.654625,0.172150
629.968212,0.171777
630.281799,0.171430
630.595385,0.171106
630.908972,0.170808
631.222559,0.170534
631.536145,0.170285
631.849732,0.170061
632.163319,0.169861
632.476905,0.169685
632.790492,0.169533
633.104079,0.169406
633.417665,0.169303
633.731252,0.169224
634.044839,0.169169
634.358425,0.169138
634.672012,0.169130
634.985599,0.169146
635.299185,0.169186
635.612772,0.169249
635.926359,0.169336
636.239945,0.169446
636.553532,0.169580
636.867119,0.169736
637.180705,0.169916
637.494292,0.170119
637.807879,0.170345
638.121465,0.170594
638.435052,0.170865
638.748639,0.171159
639.062225,0.171476
639.375812,0.171816
639.689399,0.172178
640.002985,0.172562
640.316572,0.172968
640.630159,0.173397
640.943745,0.173847
641.257332,0.174319
641.570919,0.174813
641.884505,0.175328
642.198092,0.175864
642.511679,0.176420
642.825265,0.176998
643.138852,0.177596
643.452439,0.178213
643.766025,0.178850
644.079612,0.179506
644.393199,0.180181
644.706785,0.180873
645.020372,0.181584
645.333959,0.182311
645.647545,0.183054
645.961132,0.183813
646.274719,0.184586
646.588305,0.185374
646.901892,0.186174
647.215479,0.186986
647.529065,0.187810
647.842652,0.188643
648.156239,0.189484
648.469825,0.190333
648.783412,0.191187
649.096999,0.192046
649.410585,0.192908
649.724172,0.193771
650.037759,0.194634
650.351345,0.195494
650.664932,0.196350
650.978519,0.197201
651.292105,0.198043
651.605692,0.198875
651.919279,0.199695
652.232865,0.200501
652.546452,0.201290
652.860039,0.202060
653.173625,0.202809
653.487212,0.203534
653.800799,0.204234
654.114385,0.204905
654.427972,0.205546
654.741559,0.206154
655.055145,0.206727
655.368732,0.207262
655.682319,0.207759
655.995905,0.208213
656.309492,0.208625
656.623079,0.208991
656.936665,0.209310
657.250252,0.209581
657.563839,0.209801
657.877425,0.209971
658.191012,0.210088
658.504599,0.210152
658.818185,0.210162
659.131772,0.210118
659.445359,0.210018
659.758945,0.209864
660.072532,0.209655
660.386119,0.209391
660.699705,0.209073
661.013292,0.208702
661.326879,0.208278
661.640465,0.207802
661.954052,0.207276
662.267639,0.206701
662.581225,0.206078
662.894812,0.205409
663.208399,0.204696
663.521985,0.203941
663.835572,0.203145
664.149159,0.202311
664.462745,0.201441
664.776332,0.200537
665.089919,0.199601
665.403505,0.198635
665.717092,0.197642
666.030679,0.196624
666.344265,0.195583
666.657852,0.194522
666.971439,0.193442
667.285025,0.192346
667.598612,0.191235
667.912199,0.190113
668.225785,0.188980
668.539372,0.187839
668.852959,0.186691
669.166545,0.185539
669.480132,0.184383
669.793719,0.183226
670.107305,0.182069
670.420892,0.180914
670.734479,0.179761
671.048065,0.178612
671.361652,0.177469
671.675239,0.176331
671.988825,0.175201
672.302412,0.174080
672.615999,0.172967
672.929585,0.171864
673.243172,0.170772
673.556759,0.169691
673.870345,0.168621
674.183932,0.167564
674.497519,0.166520
674.811105,0.165489
675.124692,0.164472
675.438279,0.163468
675.751865,0.162478
676.065452,0.161503
676.379039,0.160542
676.692625,0.159596
677.006212,0.158665
677.319799,0.157748
677.633385,0.156847
677.946972,0.155960
678.260559,0.155088
678.574145,0.154230
678.887732,0.153388
679.201319,0.152560
679.514905,0.151747
679.828492,0.150948
680.142079,0.150163
680.455665,0.149393
680.769252,0.148637
681.082839,0.147894
681.396425,0.147165
681.710012,0.146450
682.023599,0.145748
682.337185,0.145059
682.650772,0.144384
682.964359,0.143720
683.277945,0.143070
683.591532,0.142432
683.905119,0.141806
684.218705,0.141192
684.532292,0.140589
684.845879,0.139998
685.159465,0.139419
685.473052,0.138850
685.786639,0.138292
686.100225,0.137745
686.413812,0.137209
686.727399,0.136682
687.040985,0.136166
687.354572,0.135659
