# rshift,intensity
97.066278,0.039246
97.376603,0.039249
97.686927,0.039252
97.997252,0.039255
98.307577,0.039258
98.617901,0.039261
98.928226,0.039264
99.238550,0.039267
99.548875,0.039270
99.859199,0.039273
100.169524,0.039277
100.479849,0.039280
100.790173,0.039283
101.100498,0.039286
101.410822,0.039289
101.721147,0.039292
102.031471,0.039295
102.341796,0.039298
102.652121,0.039301
102.962445,0.039305
103.272770,0.039308
103.583094,0.039311
103.893419,0.039314
104.203743,0.039317
104.514068,0.039320
104.824392,0.039324
105.134717,0.039327
105.445042,0.039330
105.755366,0.039333
106.065691,0.039336
106.376015,0.039340
106.686340,0.039343
106.996664,0.039346
107.306989,0.039350
107.617314,0.039353
107.927638,0.039356
108.237963,0.039359
108.548287,0.039363
108.858612,0.039366
109.168936,0.039369
109.479261,0.039373
109.789586,0.039376
110.099910,0.039379
110.410235,0.039383
110.720559,0.039386
111.030884,0.039390
111.341208,0.039393
111.651533,0.039396
111.961858,0.039400
112.272182,0.039403
112.582507,0.039407
112.892831,0.039410
113.203156,0.039414
113.513480,0.039417
113.823805,0.039421
114.134130,0.039424
114.444454,0.039428
114.754779,0.039431
115.065103,0.039435
115.375428,0.039438
115.685752,0.039442
115.996077,0.039445
116.306402,0.039449
116.616726,0.039452
116.927051,0.039456
117.237375,0.039460
117.547700,0.039463
117.858024,0.039467
118.168349,0.039471
118.478674,0.039474
118.788998,0.039478
119.099323,0.039482
119.409647,0.039485
119.719972,0.039489
120.030296,0.039493
120.340621,0.039496
120.650946,0.039500
120.961270,0.039504
121.271595,0.039508
121.581919,0.039511
121.892244,0.039515
122.202568,0.039519
122.512893,0.039523
122.823218,0.039526
123.133542,0.039530
123.443867,0.039534
123.754191,0.039538
124.064516,0.039542
124.374840,0.039546
124.685165,0.039550
124.995489,0.039553
125.305814,0.039557
125.616139,0.039561
125.926463,0.039565
126.236788,0.039569
126.547112,0.039573
126.857437,0.039577
127.167761,0.039581
127.478086,0.039585
127.788411,0.039589
128.098735,0.039593
128.409060,0.039597
128.719384,0.039601
129.029709,0.039605
129.340033,0.039609
129.650358,0.039613
129.960683,0.039617
130.271007,0.039622
130.581332,0.039626
130.891656,0.039630
131.201981,0.039634
131.512305,0.039638
131.822630,0.039642
132.132955,0.039646
132.443279,0.039651
132.753604,0.039655
133.063928,0.039659
133.374253,0.039663
133.684577,0.039668
133.994902,0.039672
134.305227,0.039676
134.615551,0.039680
134.925876,0.039685
135.236200,0.039689
135.546525,0.039693
135.856849,0.039698
136.167174,0.039702
136.477499,0.039706
136.787823,0.039711
137.098148,0.039715
137.408472,0.039720
137.718797,0.039724
138.029121,0.039729
138.339446,0.039733
138.649771,0.039737
138.960095,0.039742
139.270420,0.039746
139.580744,0.039751
139.891069,0.039756
140.201393,0.039760
140.511718,0.039765
140.822043,0.039769
141.132367,0.039774
141.442692,0.039778
141.753016,0.039783
142.063341,0.039788
142.373665,0.039792
142.683990,0.039797
142.994314,0.039802
143.304639,0.039806
143.614964,0.039811
143.925288,0.039816
144.235613,0.039821
144.545937,0.039825
144.856262,0.039830
145.166586,0.039835
145.476911,0.039840
145.787236,0.039845
146.097560,0.039850
146.407885,0.039854
146.718209,0.039859
147.028534,0.039864
147.338858,0.039869
147.649183,0.039874
147.959508,0.039879
148.269832,0.039884
148.580157,0.039889
148.890481,0.039894
149.200806,0.039899
149.511130,0.039904
149.821455,0.039909
150.131780,0.039914
150.442104,0.039919
150.752429,0.039924
151.062753,0.039929
151.373078,0.039935
151.683402,0.039940
151.993727,0.039945
152.304052,0.039950
152.614376,0.039955
152.924701,0.039961
153.235025,0.039966
153.545350,0.039971
153.855674,0.039976
154.165999,0.039982
154.476324,0.039987
154.786648,0.039992
155.096973,0.039998
155.407297,0.040003
155.717622,0.040008
156.027946,0.040014
156.338271,0.040019
156.648596,0.040025
156.958920,0.040030
157.269245,0.040036
157.579569,0.040041
157.889894,0.040047
158.200218,0.040052
158.510543,0.040058
158.820868,0.040063
159.131192,0.040069
159.441517,0.040075
159.751841,0.040080
160.062166,0.040086
160.372490,0.040092
160.682815,0.040097
160.993140,0.040103
161.303464,0.040109
161.613789,0.040115
161.924113,0.040120
162.234438,0.040126
162.544762,0.040132
162.855087,0.040138
163.165411,0.040144
163.475736,0.040150
163.786061,0.040156
164.096385,0.040161
164.406710,0.040167
164.717034,0.040173
165.027359,0.040179
165.337683,0.040185
165.648008,0.040192
165.958333,0.040198
166.268657,0.040204
166.578982,0.040210
166.889306,0.040216
167.199631,0.040222
167.509955,0.040228
167.820280,0.040234
168.130605,0.040241
168.440929,0.040247
168.751254,0.040253
169.061578,0.040260
169.371903,0.040266
169.682227,0.040272
169.992552,0.040279
170.302877,0.040285
170.613201,0.040291
170.923526,0.040298
171.233850,0.040304
171.544175,0.040311
171.854499,0.040317
172.164824,0.040324
172.475149,0.040330
172.785473,0.040337
173.095798,0.040344
173.406122,0.040350
173.716447,0.040357
174.026771,0.040364
174.337096,0.040370
174.647421,0.040377
174.957745,0.040384
175.268070,0.040391
175.578394,0.040397
175.888719,0.040404
176.199043,0.040411
176.509368,0.040418
176.819693,0.040425
177.130017,0.040432
177.440342,0.040439
177.750666,0.040446
178.060991,0.040453
178.371315,0.040460
178.681640,0.040467
178.991965,0.040474
179.302289,0.040481
179.612614,0.040488
179.922938,0.040496
180.233263,0.040503
180.543587,0.040510
180.853912,0.040517
181.164237,0.040525
181.474561,0.040532
181.784886,0.040539
182.095210,0.040547
182.405535,0.040554
182.715859,0.040562
183.026184,0.040569
183.336508,0.040576
183.646833,0.040584
183.957158,0.040592
184.267482,0.040599
184.577807,0.040607
184.888131,0.040614
185.198456,0.040622
185.508780,0.040630
185.819105,0.040638
186.129430,0.040645
186.439754,0.040653
186.750079,0.040661
187.060403,0.040669
187.370728,0.040677
187.681052,0.040685
187.991377,0.040693
188.301702,0.040701
188.612026,0.040709
188.922351,0.040717
189.232675,0.040725
189.543000,0.040733
189.853324,0.040741
190.163649,0.040749
190.473974,0.040758
190.784298,0.040766
191.094623,0.040774
191.404947,0.040783
191.715272,0.040791
192.025596,0.040799
192.335921,0.040808
192.646246,0.040816
192.956570,0.040825
193.266895,0.040833
193.577219,0.040842
193.887544,0.040851
194.197868,0.040859
194.508193,0.040868
194.818518,0.040877
195.128842,0.040885
195.439167,0.040894
195.749491,0.040903
196.059816,0.040912
196.370140,0.040921
196.680465,0.040930
196.990790,0.040939
197.301114,0.040948
197.611439,0.040957
197.921763,0.040966
198.232088,0.040975
198.542412,0.040984
198.852737,0.040993
199.163062,0.041003
199.473386,0.041012
199.783711,0.041021
200.094035,0.041031
200.404360,0.041040
200.714684,0.041050
201.025009,0.041059
201.335334,0.041069
201.645658,0.041078
201.955983,0.041088
202.266307,0.041097
202.576632,0.041107
202.886956,0.041117
203.197281,0.041127
203.507605,0.041136
203.817930,0.041146
204.128255,0.041156
204.438579,0.041166
204.748904,0.041176
205.059228,0.041186
205.369553,0.041196
205.679877,0.041206
205.990202,0.041217
206.300527,0.041227
206.610851,0.041237
206.921176,0.041247
207.231500,0.041258
207.541825,0.041268
207.852149,0.041279
208.162474,0.041289
208.472799,0.041300
208.783123,0.041310
209.093448,0.041321
209.403772,0.041332
209.714097,0.041342
210.024421,0.041353
210.334746,0.041364
210.645071,0.041375
210.955395,0.041386
211.265720,0.041397
211.576044,0.041408
211.886369,0.041419
212.196693,0.041430
212.507018,0.041441
212.817343,0.041453
213.127667,0.041464
213.437992,0.041475
213.748316,0.041487
214.058641,0.041498
214.368965,0.041510
214.679290,0.041521
214.989615,0.041533
215.299939,0.041544
215.610264,0.041556
215.920588,0.041568
216.230913,0.041580
216.541237,0.041592
216.851562,0.041604
217.161887,0.041616
217.472211,0.041628
217.782536,0.041640
218.092860,0.041652
218.403185,0.041664
218.713509,0.041676
219.023834,0.041689
219.334159,0.041701
219.644483,0.041714
219.954808,0.041726
220.265132,0.041739
220.575457,0.041751
220.885781,0.041764
221.196106,0.041777
221.506431,0.041790
221.816755,0.041802
222.127080,0.041815
222.437404,0.041828
222.747729,0.041842
223.058053,0.041855
223.368378,0.041868
223.678702,0.041881
223.989027,0.041894
224.299352,0.041908
224.609676,0.041921
224.920001,0.041935
225.230325,0.041948
225.540650,0.041962
225.850974,0.041976
226.161299,0.041990
226.471624,0.042004
226.781948,0.042017
227.092273,0.042031
227.402597,0.042046
227.712922,0.042060
228.023246,0.042074
228.333571,0.042088
228.643896,0.042103
228.954220,0.042117
229.264545,0.042132
229.574869,0.042146
229.885194,0.042161
230.195518,0.042175
230.505843,0.042190
230.816168,0.042205
231.126492,0.042220
231.436817,0.042235
231.747141,0.042250
232.057466,0.042265
232.367790,0.042281
232.678115,0.042296
232.988440,0.042312
233.298764,0.042327
233.609089,0.042343
233.919413,0.042358
234.229738,0.042374
234.540062,0.042390
234.850387,0.042406
235.160712,0.042422
235.471036,0.042438
235.781361,0.042454
236.091685,0.042470
236.402010,0.042487
236.712334,0.042503
237.022659,0.042520
237.332984,0.042536
237.643308,0.042553
237.953633,0.042570
238.263957,0.042587
238.574282,0.042604
238.884606,0.042621
239.194931,0.042638
239.505256,0.042655
239.815580,0.042672
240.125905,0.042690
240.436229,0.042707
240.746554,0.042725
241.056878,0.042743
241.367203,0.042760
241.677527,0.042778
241.987852,0.042796
242.298177,0.042815
242.608501,0.042833
242.918826,0.042851
243.229150,0.042869
243.539475,0.042888
243.849799,0.042907
244.160124,0.042925
244.470449,0.042944
244.780773,0.042963
245.091098,0.042982
245.401422,0.043001
245.711747,0.043021
246.022071,0.043040
246.332396,0.043059
246.642721,0.043079
246.953045,0.043099
247.263370,0.043119
247.573694,0.043138
247.884019,0.043159
248.194343,0.043179
248.504668,0.043199
248.814993,0.043219
249.125317,0.043240
249.435642,0.043260
249.745966,0.043281
250.056291,0.043302
250.366615,0.043323
250.676940,0.043344
250.987265,0.043365
251.297589,0.043387
251.607914,0.043408
251.918238,0.043430
252.228563,0.043452
252.538887,0.043474
252.849212,0.043496
253.159537,0.043518
253.469861,0.043540
253.780186,0.043562
254.090510,0.043585
254.400835,0.043608
254.711159,0.043631
255.021484,0.043654
255.331809,0.043677
255.642133,0.043700
255.952458,0.043723
256.262782,0.043747
256.573107,0.043770
256.883431,0.043794
257.193756,0.043818
257.504081,0.043842
257.814405,0.043867
258.124730,0.043891
258.435054,0.043916
258.745379,0.043940
259.055703,0.043965
259.366028,0.043990
259.676353,0.044015
259.986677,0.044041
260.297002,0.044066
260.607326,0.044092
260.917651,0.044118
261.227975,0.044144
261.538300,0.044170
261.848624,0.044196
262.158949,0.044223
262.469274,0.044250
262.779598,0.044276
263.089923,0.044303
263.400247,0.044331
263.710572,0.044358
264.020896,0.044386
264.331221,0.044413
264.641546,0.044441
264.951870,0.044469
265.262195,0.044498
265.572519,0.044526
265.882844,0.044555
266.193168,0.044584
266.503493,0.044613
266.813818,0.044642
267.124142,0.044672
267.434467,0.044701
267.744791,0.044731
268.055116,0.044761
268.365440,0.044791
268.675765,0.044822
268.986090,0.044853
269.296414,0.044884
269.606739,0.044915
269.917063,0.044946
270.227388,0.044978
270.537712,0.045009
270.848037,0.045041
271.158362,0.045073
271.468686,0.045106
271.779011,0.045139
272.089335,0.045171
272.399660,0.045205
272.709984,0.045238
273.020309,0.045272
273.330634,0.045305
273.640958,0.045340
273.951283,0.045374
274.261607,0.045408
274.571932,0.045443
274.882256,0.045478
275.192581,0.045514
275.502906,0.045549
275.813230,0.045585
276.123555,0.045621
276.433879,0.045658
276.744204,0.045694
277.054528,0.045731
277.364853,0.045768
277.675178,0.045806
277.985502,0.045844
278.295827,0.045882
278.606151,0.045920
278.916476,0.045959
279.226800,0.045998
279.537125,0.046037
279.847450,0.046076
280.157774,0.046116
280.468099,0.046156
280.778423,0.046197
281.088748,0.046238
281.399072,0.046279
281.709397,0.046320
282.019721,0.046362
282.330046,0.046404
282.640371,0.046446
282.950695,0.046489
283.261020,0.046532
283.571344,0.046575
283.881669,0.046619
284.191993,0.046663
284.502318,0.046708
284.812643,0.046752
285.122967,0.046798
285.433292,0.046843
285.743616,0.046889
286.053941,0.046935
286.364265,0.046982
286.674590,0.047029
286.984915,0.047076
287.295239,0.047124
287.605564,0.047173
287.915888,0.047221
288.226213,0.047270
288.536537,0.047320
288.846862,0.047370
289.157187,0.047420
289.467511,0.047471
289.777836,0.047522
290.088160,0.047573
290.398485,0.047625
290.708809,0.047678
291.019134,0.047731
291.329459,0.047784
291.639783,0.047838
291.950108,0.047893
292.260432,0.047947
292.570757,0.048003
292.881081,0.048059
293.191406,0.048115
293.501731,0.048172
293.812055,0.048229
294.122380,0.048287
294.432704,0.048345
294.743029,0.048404
295.053353,0.048464
295.363678,0.048524
295.674003,0.048584
295.984327,0.048645
296.294652,0.048707
296.604976,0.048769
296.915301,0.048832
297.225625,0.048896
297.535950,0.048960
297.846275,0.049024
298.156599,0.049090
298.466924,0.049156
298.777248,0.049222
299.087573,0.049289
299.397897,0.049357
299.708222,0.049426
300.018547,0.049495
300.328871,0.049564
300.639196,0.049635
300.949520,0.049706
301.259845,0.049778
301.570169,0.049851
301.880494,0.049924
302.190818,0.049998
302.501143,0.050073
302.811468,0.050149
303.121792,0.050225
303.432117,0.050302
303.742441,0.050380
304.052766,0.050459
304.363090,0.050539
304.673415,0.050619
304.983740,0.050700
305.294064,0.050783
305.604389,0.050866
305.914713,0.050949
306.225038,0.051034
306.535362,0.051120
306.845687,0.051207
307.156012,0.051294
307.466336,0.051383
307.776661,0.051472
308.086985,0.051562
308.397310,0.051654
308.707634,0.051746
309.017959,0.051840
309.328284,0.051934
309.638608,0.052030
309.948933,0.052127
310.259257,0.052224
310.569582,0.052323
310.879906,0.052423
311.190231,0.052524
311.500556,0.052627
311.810880,0.052730
312.121205,0.052835
312.431529,0.052941
312.741854,0.053048
313.052178,0.053156
313.362503,0.053266
313.672828,0.053377
313.983152,0.053489
314.293477,0.053603
314.603801,0.053718
314.914126,0.053834
315.224450,0.053952
315.534775,0.054071
315.845100,0.054192
316.155424,0.054314
316.465749,0.054438
316.776073,0.054563
317.086398,0.054690
317.396722,0.054818
317.707047,0.054948
318.017372,0.055080
318.327696,0.055213
318.638021,0.055348
318.948345,0.055485
319.258670,0.055623
319.568994,0.055764
319.879319,0.055906
320.189643,0.056049
320.499968,0.056195
320.810293,0.056343
321.120617,0.056492
321.430942,0.056644
321.741266,0.056797
322.051591,0.056953
322.361915,0.057110
322.672240,0.057270
322.982565,0.057432
323.292889,0.057596
323.603214,0.057762
323.913538,0.057930
324.223863,0.058101
324.534187,0.058274
324.844512,0.058449
325.154837,0.058627
325.465161,0.058807
325.775486,0.058989
326.085810,0.059174
326.396135,0.059362
326.706459,0.059552
327.016784,0.059744
327.327109,0.059939
327.637433,0.060137
327.947758,0.060338
328.258082,0.060541
328.568407,0.060747
328.878731,0.060956
329.189056,0.061168
329.499381,0.061382
329.809705,0.061600
330.120030,0.061820
330.430354,0.062044
330.740679,0.062270
331.051003,0.062500
331.361328,0.062732
331.671653,0.062968
331.981977,0.063207
332.292302,0.063449
332.602626,0.063694
332.912951,0.063942
333.223275,0.064194
333.533600,0.064448
333.843925,0.064706
334.154249,0.064968
334.464574,0.065232
334.774898,0.065500
335.085223,0.065771
335.395547,0.066046
335.705872,0.066323
336.016197,0.066604
336.326521,0.066888
336.636846,0.067176
336.947170,0.067467
337.257495,0.067761
337.567819,0.068058
337.878144,0.068358
338.188469,0.068661
338.498793,0.068968
338.809118,0.069277
339.119442,0.069589
339.429767,0.069905
339.740091,0.070223
340.050416,0.070543
340.360740,0.070866
340.671065,0.071192
340.981390,0.071520
341.291714,0.071851
341.602039,0.072183
341.912363,0.072518
342.222688,0.072854
342.533012,0.073192
342.843337,0.073531
343.153662,0.073872
343.463986,0.074214
343.774311,0.074557
344.084635,0.074901
344.394960,0.075245
344.705284,0.075589
345.015609,0.075934
345.325934,0.076278
345.636258,0.076622
345.946583,0.076965
346.256907,0.077307
346.567232,0.077648
346.877556,0.077987
347.187881,0.078325
347.498206,0.078660
347.808530,0.078993
348.118855,0.079323
348.429179,0.079650
348.739504,0.079973
349.049828,0.080293
349.360153,0.080609
349.670478,0.080920
349.980802,0.081227
350.291127,0.081529
350.601451,0.081826
350.911776,0.082117
351.222100,0.082403
351.532425,0.082683
351.842750,0.082956
352.153074,0.083223
352.463399,0.083483
352.773723,0.083737
353.084048,0.083983
353.394372,0.084223
353.704697,0.084455
354.015022,0.084679
354.325346,0.084897
354.635671,0.085106
354.945995,0.085308
355.256320,0.085503
355.566644,0.085690
355.876969,0.085869
356.187294,0.086041
356.497618,0.086205
356.807943,0.086363
357.118267,0.086513
357.428592,0.086656
357.738916,0.086792
358.049241,0.086922
358.359566,0.087045
358.669890,0.087162
358.980215,0.087273
359.290539,0.087379
359.600864,0.087479
359.911188,0.087575
360.221513,0.087665
360.531837,0.087752
360.842162,0.087834
361.152487,0.087912
361.462811,0.087988
361.773136,0.088060
362.083460,0.088130
362.393785,0.088197
362.704109,0.088262
363.014434,0.088326
363.324759,0.088389
363.635083,0.088451
363.945408,0.088512
364.255732,0.088574
364.566057,0.088635
364.876381,0.088697
365.186706,0.088760
365.497031,0.088825
365.807355,0.088890
366.117680,0.088958
366.428004,0.089028
366.738329,0.089100
367.048653,0.089174
367.358978,0.089252
367.669303,0.089333
367.979627,0.089417
368.289952,0.089505
368.600276,0.089597
368.910601,0.089694
369.220925,0.089794
369.531250,0.089899
369.841575,0.090009
370.151899,0.090123
370.462224,0.090243
370.772548,0.090368
371.082873,0.090498
371.393197,0.090634
371.703522,0.090776
372.013847,0.090923
372.324171,0.091077
372.634496,0.091236
372.944820,0.091401
373.255145,0.091573
373.565469,0.091751
373.875794,0.091936
374.186119,0.092127
374.496443,0.092324
374.806768,0.092529
375.117092,0.092740
375.427417,0.092958
375.737741,0.093183
376.048066,0.093414
376.358391,0.093653
376.668715,0.093899
376.979040,0.094152
377.289364,0.094412
377.599689,0.094679
377.910013,0.094953
378.220338,0.095235
378.530663,0.095524
378.840987,0.095820
379.151312,0.096124
379.461636,0.096435
379.771961,0.096754
380.082285,0.097080
380.392610,0.097413
380.702934,0.097754
381.013259,0.098102
381.323584,0.098458
381.633908,0.098822
381.944233,0.099193
382.254557,0.099572
382.564882,0.099958
382.875206,0.100352
383.185531,0.100753
383.495856,0.101162
383.806180,0.101578
384.116505,0.102003
384.426829,0.102435
384.737154,0.102874
385.047478,0.103321
385.357803,0.103776
385.668128,0.104238
385.978452,0.104708
386.288777,0.105185
386.599101,0.105670
386.909426,0.106163
387.219750,0.106663
387.530075,0.107171
387.840400,0.107686
388.150724,0.108209
388.461049,0.108739
388.771373,0.109276
389.081698,0.109821
389.392022,0.110373
389.702347,0.110933
390.012672,0.111499
390.322996,0.112073
390.633321,0.112654
390.943645,0.113242
391.253970,0.113838
391.564294,0.114440
391.874619,0.115049
392.184944,0.115664
392.495268,0.116287
392.805593,0.116916
393.115917,0.117551
393.426242,0.118193
393.736566,0.118841
394.046891,0.119496
394.357216,0.120156
394.667540,0.120823
394.977865,0.121495
395.288189,0.122172
395.598514,0.122856
395.908838,0.123544
396.219163,0.124238
396.529488,0.124936
396.839812,0.125640
397.150137,0.126348
397.460461,0.127060
397.770786,0.127777
398.081110,0.128497
398.391435,0.129221
398.701760,0.129948
399.012084,0.130679
399.322409,0.131412
399.632733,0.132149
399.943058,0.132887
400.253382,0.133628
400.563707,0.134370
400.874031,0.135113
401.184356,0.135858
401.494681,0.136603
401.805005,0.137349
402.115330,0.138095
402.425654,0.138840
402.735979,0.139585
403.046303,0.140328
403.356628,0.141070
403.666953,0.141810
403.977277,0.142547
404.287602,0.143282
404.597926,0.144013
404.908251,0.144740
405.218575,0.145464
405.528900,0.146182
405.839225,0.146895
406.149549,0.147603
406.459874,0.148304
406.770198,0.148998
407.080523,0.149686
407.390847,0.150365
407.701172,0.151036
408.011497,0.151699
408.321821,0.152352
408.632146,0.152995
408.942470,0.153628
409.252795,0.154249
409.563119,0.154860
409.873444,0.155458
410.183769,0.156043
410.494093,0.156616
410.804418,0.157175
411.114742,0.157720
411.425067,0.158250
411.735391,0.158765
412.045716,0.159264
412.356041,0.159747
412.666365,0.160213
412.976690,0.160663
413.287014,0.161095
413.597339,0.161508
413.907663,0.161904
414.217988,0.162280
414.528313,0.162637
414.838637,0.162975
415.148962,0.163292
415.459286,0.163590
415.769611,0.163866
416.079935,0.164122
416.390260,0.164356
416.700585,0.164569
417.010909,0.164761
417.321234,0.164930
417.631558,0.165078
417.941883,0.165203
418.252207,0.165306
418.562532,0.165387
418.872856,0.165445
419.183181,0.165480
419.493506,0.165493
419.803830,0.165484
420.114155,0.165452
420.424479,0.165397
420.734804,0.165321
421.045128,0.165222
421.355453,0.165101
421.665778,0.164958
421.976102,0.164794
422.286427,0.164608
422.596751,0.164400
422.907076,0.164172
423.217400,0.163924
423.527725,0.163655
423.838050,0.163366
424.148374,0.163057
424.458699,0.162729
424.769023,0.162382
425.079348,0.162017
425.389672,0.161634
425.699997,0.161233
426.010322,0.160816
426.320646,0.160381
426.630971,0.159931
426.941295,0.159464
427.251620,0.158983
427.561944,0.158487
427.872269,0.157977
428.182594,0.157453
428.492918,0.156917
428.803243,0.156368
429.113567,0.155807
429.423892,0.155234
429.734216,0.154651
430.044541,0.154057
430.354866,0.153454
430.665190,0.152841
430.975515,0.152220
431.285839,0.151591
431.596164,0.150954
431.906488,0.150310
432.216813,0.149659
432.527138,0.149003
432.837462,0.148341
433.147787,0.147674
433.458111,0.147002
433.768436,0.146327
434.078760,0.145648
434.389085,0.144966
434.699410,0.144281
435.009734,0.143595
435.320059,0.142907
435.630383,0.142218
435.940708,0.141527
436.251032,0.140837
436.561357,0.140147
436.871682,0.139457
437.182006,0.138768
437.492331,0.138080
437.802655,0.137394
438.112980,0.136710
438.423304,0.136028
438.733629,0.135349
439.043953,0.134672
439.354278,0.134000
439.664603,0.133330
439.974927,0.132665
440.285252,0.132004
440.595576,0.131347
440.905901,0.130695
441.216225,0.130048
441.526550,0.129406
441.836875,0.128770
442.147199,0.128139
442.457524,0.127514
442.767848,0.126896
443.078173,0.126284
443.388497,0.125678
443.698822,0.125080
444.009147,0.124488
444.319471,0.123903
444.629796,0.123326
444.940120,0.122756
445.250445,0.122194
445.560769,0.121639
445.871094,0.121093
446.181419,0.120555
446.491743,0.120025
446.802068,0.119503
447.112392,0.118990
447.422717,0.118486
447.733041,0.117990
448.043366,0.117504
448.353691,0.117026
448.664015,0.116558
448.974340,0.116099
449.284664,0.115650
449.594989,0.115210
449.905313,0.114780
450.215638,0.114359
450.525963,0.113949
450.836287,0.113548
451.146612,0.113158
451.456936,0.112778
451.767261,0.112409
452.077585,0.112050
452.387910,0.111702
452.698235,0.111364
453.008559,0.111038
453.318884,0.110723
453.629208,0.110419
453.939533,0.110126
454.249857,0.109845
454.560182,0.109575
454.870507,0.109317
455.180831,0.109072
455.491156,0.108838
455.801480,0.108617
456.111805,0.108408
456.422129,0.108212
456.732454,0.108028
457.042779,0.107858
457.353103,0.107701
457.663428,0.107557
457.973752,0.107427
458.284077,0.107311
458.594401,0.107210
458.904726,0.107122
459.215050,0.107049
459.525375,0.106991
459.835700,0.106948
460.146024,0.106921
460.456349,0.106909
460.766673,0.106913
461.076998,0.106933
461.387322,0.106970
461.697647,0.107024
462.007972,0.107096
462.318296,0.107184
462.628621,0.107291
462.938945,0.107416
463.249270,0.107560
463.559594,0.107723
463.869919,0.107906
464.180244,0.108108
464.490568,0.108330
464.800893,0.108573
465.111217,0.108838
465.421542,0.109123
465.731866,0.109431
466.042191,0.109760
466.352516,0.110113
466.662840,0.110488
466.973165,0.110887
467.283489,0.111310
467.593814,0.111756
467.904138,0.112228
468.214463,0.112724
468.524788,0.113245
468.835112,0.113792
469.145437,0.114363
469.455761,0.114961
469.766086,0.115584
470.076410,0.116233
470.386735,0.116908
470.697060,0.117608
471.007384,0.118333
471.317709,0.119083
471.628033,0.119858
471.938358,0.120656
472.248682,0.121477
472.559007,0.122320
472.869332,0.123184
473.179656,0.124068
473.489981,0.124970
473.800305,0.125889
474.110630,0.126822
474.420954,0.127767
474.731279,0.128723
475.041604,0.129685
475.351928,0.130653
475.662253,0.131621
475.972577,0.132587
476.282902,0.133547
476.593226,0.134497
476.903551,0.135433
477.213876,0.136350
477.524200,0.137244
477.834525,0.138111
478.144849,0.138945
478.455174,0.139741
478.765498,0.140495
479.075823,0.141202
479.386147,0.141857
479.696472,0.142454
480.006797,0.142991
480.317121,0.143463
480.627446,0.143865
480.937770,0.144196
481.248095,0.144451
481.558419,0.144628
481.868744,0.144726
482.179069,0.144743
482.489393,0.144679
482.799718,0.144533
483.110042,0.144307
483.420367,0.144002
483.730691,0.143618
484.041016,0.143160
484.351341,0.142628
484.661665,0.142028
484.971990,0.141363
485.282314,0.140636
485.592639,0.139853
485.902963,0.139017
486.213288,0.138134
486.523613,0.137209
486.833937,0.136246
487.144262,0.135251
487.454586,0.134228
487.764911,0.133182
488.075235,0.132117
488.385560,0.131039
488.695885,0.129951
489.006209,0.128857
489.316534,0.127762
489.626858,0.126668
489.937183,0.125579
490.247507,0.124497
490.557832,0.123426
490.868157,0.122369
491.178481,0.121326
491.488806,0.120301
491.799130,0.119295
492.109455,0.118309
492.419779,0.117345
492.730104,0.116405
493.040429,0.115488
493.350753,0.114597
493.661078,0.113731
493.971402,0.112891
494.281727,0.112078
494.592051,0.111292
494.902376,0.110534
495.212701,0.109802
495.523025,0.109099
495.833350,0.108422
496.143674,0.107774
496.453999,0.107153
496.764323,0.106559
497.074648,0.105992
497.384972,0.105453
497.695297,0.104940
498.005622,0.104455
498.315946,0.103995
498.626271,0.103562
498.936595,0.103155
499.246920,0.102774
499.557244,0.102419
499.867569,0.102089
500.177894,0.101785
500.488218,0.101505
500.798543,0.101251
501.108867,0.101022
501.419192,0.100818
501.729516,0.100639
502.039841,0.100485
502.350166,0.100355
502.660490,0.100251
502.970815,0.100171
503.281139,0.100117
503.591464,0.100088
503.901788,0.100084
504.212113,0.100107
504.522438,0.100155
504.832762,0.100230
505.143087,0.100332
505.453411,0.100461
505.763736,0.100618
506.074060,0.100803
506.384385,0.101018
506.694710,0.101261
507.005034,0.101535
507.315359,0.101840
507.625683,0.102177
507.936008,0.102545
508.246332,0.102946
508.556657,0.103381
508.866982,0.103849
509.177306,0.104351
509.487631,0.104886
509.797955,0.105456
510.108280,0.106058
510.418604,0.106691
510.728929,0.107354
511.039254,0.108044
511.349578,0.108758
511.659903,0.109491
511.970227,0.110239
512.280552,0.110995
512.590876,0.111752
512.901201,0.112501
513.211526,0.113235
513.521850,0.113944
513.832175,0.114620
514.142499,0.115255
514.452824,0.115840
514.763148,0.116371
515.073473,0.116844
515.383798,0.117258
515.694122,0.117613
516.004447,0.117912
516.314771,0.118161
516.625096,0.118367
516.935420,0.118536
517.245745,0.118678
517.556069,0.118802
517.866394,0.118915
518.176719,0.119026
518.487043,0.119142
518.797368,0.119268
519.107692,0.119410
519.418017,0.119571
519.728341,0.119756
520.038666,0.119965
520.348991,0.120200
520.659315,0.120463
520.969640,0.120753
521.279964,0.121071
521.590289,0.121415
521.900613,0.121785
522.210938,0.122180
522.521263,0.122599
522.831587,0.123040
523.141912,0.123501
523.452236,0.123981
523.762561,0.124479
524.072885,0.124993
524.383210,0.125521
524.693535,0.126061
525.003859,0.126612
525.314184,0.127171
525.624508,0.127738
525.934833,0.128310
526.245157,0.128886
526.555482,0.129464
526.865807,0.130042
527.176131,0.130618
527.486456,0.131191
527.796780,0.131759
528.107105,0.132320
528.417429,0.132872
528.727754,0.133414
529.038079,0.133943
529.348403,0.134459
529.658728,0.134960
529.969052,0.135443
530.279377,0.135907
530.589701,0.136352
530.900026,0.136774
531.210351,0.137173
531.520675,0.137546
531.831000,0.137894
532.141324,0.138214
532.451649,0.138505
532.761973,0.138765
533.072298,0.138995
533.382623,0.139192
533.692947,0.139356
534.003272,0.139485
534.313596,0.139580
534.623921,0.139640
534.934245,0.139663
535.244570,0.139650
535.554895,0.139600
535.865219,0.139513
536.175544,0.139388
536.485868,0.139227
536.796193,0.139028
537.106517,0.138793
537.416842,0.138521
537.727166,0.138213
538.037491,0.137870
538.347816,0.137492
538.658140,0.137079
538.968465,0.136634
539.278789,0.136156
539.589114,0.135646
539.899438,0.135106
540.209763,0.134537
540.520088,0.133940
540.830412,0.133316
541.140737,0.132666
541.451061,0.131992
541.761386,0.131294
542.071710,0.130575
542.382035,0.129836
542.692360,0.129077
543.002684,0.128301
543.313009,0.127509
543.623333,0.126702
543.933658,0.125881
544.243982,0.125048
544.554307,0.124203
544.864632,0.123350
545.174956,0.122487
545.485281,0.121618
545.795605,0.120743
546.105930,0.119862
546.416254,0.118978
546.726579,0.118091
547.036904,0.117202
547.347228,0.116313
547.657553,0.115424
547.967877,0.114535
548.278202,0.113649
548.588526,0.112765
548.898851,0.111885
549.209176,0.111009
549.519500,0.110138
549.829825,0.109272
550.140149,0.108412
550.450474,0.107559
550.760798,0.106712
551.071123,0.105873
551.381448,0.105042
551.691772,0.104220
552.002097,0.103406
552.312421,0.102601
552.622746,0.101805
552.933070,0.101019
553.243395,0.100242
553.553720,0.099476
553.864044,0.098719
554.174369,0.097973
554.484693,0.097238
554.795018,0.096512
555.105342,0.095798
555.415667,0.095094
555.725992,0.094401
556.036316,0.093719
556.346641,0.093048
556.656965,0.092387
556.967290,0.091737
557.277614,0.091098
557.587939,0.090470
557.898263,0.089853
558.208588,0.089246
558.518913,0.088650
558.829237,0.088064
559.139562,0.087489
559.449886,0.086925
559.760211,0.086371
560.070535,0.085827
560.380860,0.085293
560.691185,0.084769
561.001509,0.084256
561.311834,0.083752
561.622158,0.083258
561.932483,0.082773
562.242807,0.082299
562.553132,0.081833
562.863457,0.081377
563.173781,0.080930
563.484106,0.080493
563.794430,0.080064
564.104755,0.079644
564.415079,0.079233
564.725404,0.078830
565.035729,0.078437
565.346053,0.078051
565.656378,0.077674
565.966702,0.077305
566.277027,0.076944
566.587351,0.076592
566.897676,0.076247
567.208001,0.075910
567.518325,0.075580
567.828650,0.075258
568.138974,0.074944
568.449299,0.074637
568.759623,0.074338
569.069948,0.074046
569.380273,0.073760
569.690597,0.073482
570.000922,0.073211
570.311246,0.072947
570.621571,0.072690
570.931895,0.072439
571.242220,0.072195
571.552545,0.071958
571.862869,0.071727
572.173194,0.071502
572.483518,0.071284
572.793843,0.071073
573.104167,0.070867
573.414492,0.070668
573.724817,0.070475
574.035141,0.070288
574.345466,0.070108
574.655790,0.069933
574.966115,0.069764
575.276439,0.069601
575.586764,0.069445
575.897089,0.069294
576.207413,0.069148
576.517738,0.069009
576.828062,0.068876
577.138387,0.068748
577.448711,0.068626
577.759036,0.068510
578.069360,0.068399
578.379685,0.068294
578.690010,0.068195
579.000334,0.068102
579.310659,0.068014
579.620983,0.067932
579.931308,0.067855
580.241632,0.067785
580.551957,0.067720
580.862282,0.067660
581.172606,0.067607
581.482931,0.067559
581.793255,0.067516
582.103580,0.067480
582.413904,0.067449
582.724229,0.067425
583.034554,0.067406
583.344878,0.067392
583.655203,0.067385
583.965527,0.067384
584.275852,0.067388
584.586176,0.067399
584.896501,0.067415
585.206826,0.067438
585.517150,0.067467
585.827475,0.067502
586.137799,0.067543
586.448124,0.067590
586.758448,0.067644
587.068773,0.067704
587.379098,0.067771
587.689422,0.067844
587.999747,0.067923
588.310071,0.068009
588.620396,0.068102
588.930720,0.068201
589.241045,0.068308
589.551370,0.068421
589.861694,0.068540
590.172019,0.068667
590.482343,0.068801
590.792668,0.068942
591.102992,0.069089
591.413317,0.069244
591.723642,0.069406
592.033966,0.069576
592.344291,0.069752
592.654615,0.069936
592.964940,0.070127
593.275264,0.070325
593.585589,0.070530
593.895914,0.070743
594.206238,0.070963
594.516563,0.071191
594.826887,0.071425
595.137212,0.071667
595.447536,0.071916
595.757861,0.072172
596.068185,0.072434
596.378510,0.072704
596.688835,0.072980
596.999159,0.073263
597.309484,0.073553
597.619808,0.073848
597.930133,0.074150
598.240457,0.074457
598.550782,0.074769
598.861107,0.075087
599.171431,0.075410
599.481756,0.075737
599.792080,0.076068
600.102405,0.076402
600.412729,0.076740
600.723054,0.077081
601.033379,0.077423
601.343703,0.077767
601.654028,0.078112
601.964352,0.078458
602.274677,0.078803
602.585001,0.079146
602.895326,0.079488
603.205651,0.079827
603.515975,0.080162
603.826300,0.080493
604.136624,0.080819
604.446949,0.081138
604.757273,0.081450
605.067598,0.081754
605.377923,0.082049
605.688247,0.082334
605.998572,0.082608
606.308896,0.082870
606.619221,0.083118
606.929545,0.083353
607.239870,0.083573
607.550195,0.083777
607.860519,0.083964
608.170844,0.084134
608.481168,0.084286
608.791493,0.084418
609.101817,0.084532
609.412142,0.084624
609.722467,0.084696
610.032791,0.084747
610.343116,0.084777
610.653440,0.084785
610.963765,0.084770
611.274089,0.084734
611.584414,0.084676
611.894739,0.084596
612.205063,0.084494
612.515388,0.084370
612.825712,0.084226
613.136037,0.084060
613.446361,0.083875
613.756686,0.083670
614.067011,0.083447
614.377335,0.083205
614.687660,0.082946
614.997984,0.082670
615.308309,0.082378
615.618633,0.082072
615.928958,0.081752
616.239282,0.081419
616.549607,0.081075
616.859932,0.080719
617.170256,0.080354
617.480581,0.079979
617.790905,0.079597
618.101230,0.079208
618.411554,0.078812
618.721879,0.078412
619.032204,0.078007
619.342528,0.077600
619.652853,0.077189
619.963177,0.076777
620.273502,0.076364
620.583826,0.075951
620.894151,0.075539
621.204476,0.075128
621.514800,0.074718
621.825125,0.074311
622.135449,0.073907
622.445774,0.073507
622.756098,0.073111
623.066423,0.072719
623.376748,0.072332
623.687072,0.071950
623.997397,0.071574
624.307721,0.071204
624.618046,0.070840
624.928370,0.070483
625.238695,0.070132
625.549020,0.069789
625.859344,0.069452
626.169669,0.069123
626.479993,0.068802
626.790318,0.068488
627.100642,0.068183
627.410967,0.067885
627.721292,0.067595
628.031616,0.067313
628.341941,0.067040
628.652265,0.066774
628.962590,0.066517
629.272914,0.066269
629.583239,0.066029
629.893564,0.065797
630.203888,0.065574
630.514213,0.065360
630.824537,0.065154
631.134862,0.064957
631.445186,0.064769
631.755511,0.064589
632.065836,0.064418
632.376160,0.064256
632.686485,0.064103
632.996809,0.063958
633.307134,0.063823
633.617458,0.063696
633.927783,0.063579
634.238108,0.063471
634.548432,0.063371
634.858757,0.063281
635.169081,0.063201
635.479406,0.063129
635.789730,0.063067
636.100055,0.063015
636.410379,0.062973
636.720704,0.062940
637.031029,0.062917
637.341353,0.062904
637.651678,0.062901
637.962002,0.062909
638.272327,0.062927
638.582651,0.062956
638.892976,0.062996
639.203301,0.063046
639.513625,0.063108
639.823950,0.063182
640.134274,0.063267
640.444599,0.063364
640.754923,0.063473
641.065248,0.063594
641.375573,0.063728
641.685897,0.063875
641.996222,0.064035
642.306546,0.064208
642.616871,0.064395
642.927195,0.064596
643.237520,0.064811
643.547845,0.065041
643.858169,0.065285
644.168494,0.065544
644.478818,0.065819
644.789143,0.066109
645.099467,0.066415
645.409792,0.066736
645.720117,0.067074
646.030441,0.067427
646.340766,0.067797
646.651090,0.068182
646.961415,0.068584
647.271739,0.069002
647.582064,0.069436
647.892389,0.069885
648.202713,0.070349
648.513038,0.070828
648.823362,0.071320
649.133687,0.071826
649.444011,0.072344
649.754336,0.072873
650.064661,0.073411
650.374985,0.073958
650.685310,0.074512
650.995634,0.075069
651.305959,0.075630
651.616283,0.076190
651.926608,0.076749
652.236933,0.077301
652.547257,0.077846
652.857582,0.078379
653.167906,0.078897
653.478231,0.079397
653.788555,0.079875
654.098880,0.080327
654.409205,0.080750
654.719529,0.081140
655.029854,0.081493
655.340178,0.081806
655.650503,0.082076
655.960827,0.082299
656.271152,0.082473
656.581476,0.082596
656.891801,0.082667
657.202126,0.082682
657.512450,0.082643
657.822775,0.082548
658.133099,0.082398
658.443424,0.082193
658.753748,0.081936
659.064073,0.081627
659.374398,0.081268
659.684722,0.080863
659.995047,0.080414
660.305371,0.079925
660.615696,0.079398
660.926020,0.078838
661.236345,0.078248
661.546670,0.077631
661.856994,0.076992
662.167319,0.076333
662.477643,0.075660
662.787968,0.074973
663.098292,0.074278
663.408617,0.073577
663.718942,0.072872
664.029266,0.072167
664.339591,0.071463
664.649915,0.070763
664.960240,0.070068
665.270564,0.069381
665.580889,0.068702
665.891214,0.068033
666.201538,0.067375
666.511863,0.066730
666.822187,0.066096
667.132512,0.065476
667.442836,0.064870
667.753161,0.064278
668.063486,0.063700
668.373810,0.063137
668.684135,0.062588
668.994459,0.062054
669.304784,0.061534
669.615108,0.061029
669.925433,0.060538
670.235758,0.060061
670.546082,0.059598
670.856407,0.059149
671.166731,0.058713
671.477056,0.058290
671.787380,0.057879
672.097705,0.057481
672.408030,0.057095
672.718354,0.056720
673.028679,0.056357
673.339003,0.056005
673.649328,0.055663
673.959652,0.055332
674.269977,0.055011
674.580301,0.054699
674.890626,0.054397
675.200951,0.054103
675.511275,0.053819
675.821600,0.053543
676.131924,0.053275
676.442249,0.053015
676.752573,0.052762
677.062898,0.052517
677.373223,0.052279
677.683547,0.052047
677.993872,0.051823
678.304196,0.051604
678.614521,0.051392
678.924845,0.051185
679.235170,0.050985
679.545495,0.050789
679.855819,0.050599
680.166144,0.050415
680.476468,0.050235
680.786793,0.050060
681.097117,0.049889
681.407442,0.049723
681.717767,0.049562
682.028091,0.049404
682.338416,0.049250
682.648740,0.049101
682.959065,0.048955
683.269389,0.048812
683.579714,0.048674
683.890039,0.048538
684.200363,0.048406
684.510688,0.048277
684.821012,0.048151
685.131337,0.048028
685.441661,0.047908
685.751986,0.047790
686.062311,0.047676
686.372635,0.047563
686.682960,0.047454
686.993284,0.047347
687.303609,0.047242
687.613933,0.047139
687.924258,0.047039
688.234583,0.046941
688.544907,0.046845
688.855232,0.046751
689.165556,0.046659
689.475881,0.046569
689.786205,0.046480
690.096530,0.046394
690.406855,0.046309
690.717179,0.046226
691.027504,0.046144
691.337828,0.046065
691.648153,0.045986
691.958477,0.045909
692.268802,0.045834
692.579127,0.045760
692.889451,0.045688
693.199776,0.045617
693.510100,0.045547
693.820425,0.045478
694.130749,0.045411
694.441074,0.045345
694.751398,0.045280
695.061723,0.045216
695.372048,0.045153
695.682372,0.045091
695.992697,0.045031
696.303021,0.044971
696.613346,0.044913
696.923670,0.044855
697.233995,0.044799
697.544320,0.044743
697.854644,0.044688
698.164969,0.044634
698.475293,0.044581
698.785618,0.044529
699.095942,0.044478
699.406267,0.044427
699.716592,0.044377
700.026916,0.044328
700.337241,0.044280
700.647565,0.044233
700.957890,0.044186
701.268214,0.044140
701.578539,0.044094
701.888864,0.044050
702.199188,0.044006
702.509513,0.043962
702.819837,0.043919
703.130162,0.043877
703.440486,0.043835
703.750811,0.043794
704.061136,0.043754
704.371460,0.043714
704.681785,0.043675
704.992109,0.043636
705.302434,0.043598
705.612758,0.043560
705.923083,0.043522
706.233408,0.043486
706.543732,0.043449
706.854057,0.043413
707.164381,0.043378
707.474706,0.043343
707.785030,0.043309
708.095355,0.043275
708.405680,0.043241
708.716004,0.043208
709.026329,0.043175
709.336653,0.043143
709.646978,0.043111
709.957302,0.043079
710.267627,0.043048
710.577952,0.043017
710.888276,0.042986
711.198601,0.042956
711.508925,0.042927
711.819250,0.042897
712.129574,0.042868
712.439899,0.042839
712.750224,0.042811
713.060548,0.042783
713.370873,0.042755
713.681197,0.042727
713.991522,0.042700
714.301846,0.042673
714.612171,0.042647
714.922495,0.042621
715.232820,0.042595
715.543145,0.042569
715.853469,0.042543
716.163794,0.042518
716.474118,0.042493
716.784443,0.042469
717.094767,0.042444
717.405092,0.042420
717.715417,0.042396
718.025741,0.042373
718.336066,0.042349
718.646390,0.042326
718.956715,0.042303
719.267039,0.042280
719.577364,0.042258
719.887689,0.042236
720.198013,0.042213
720.508338,0.042192
720.818662,0.042170
721.128987,0.042149
721.439311,0.042127
721.749636,0.042106
722.059961,0.042086
722.370285,0.042065
722.680610,0.042045
722.990934,0.042024
723.301259,0.042004
723.611583,0.041984
723.921908,0.041965
724.232233,0.041945
724.542557,0.041926
724.852882,0.041907
725.163206,0.041888
725.473531,0.041869
725.783855,0.041850
726.094180,0.041832
726.404505,0.041814
726.714829,0.041795
727.025154,0.041777
727.335478,0.041760
