# rshift,intensity
56.377700,0.024778
56.689851,0.024781
57.002002,0.024784
57.314153,0.024786
57.626305,0.024789
57.938456,0.024792
58.250607,0.024795
58.562758,0.024798
58.874909,0.024800
59.187060,0.024803
59.499211,0.024806
59.811362,0.024809
60.123514,0.024812
60.435665,0.024815
60.747816,0.024817
61.059967,0.024820
61.372118,0.024823
61.684269,0.024826
61.996420,0.024829
62.308572,0.024832
62.620723,0.024835
62.932874,0.024838
63.245025,0.024841
63.557176,0.024844
63.869327,0.024847
64.181478,0.024850
64.493629,0.024853
64.805781,0.024856
65.117932,0.024859
65.430083,0.024862
65.742234,0.024865
66.054385,0.024868
66.366536,0.024871
66.678687,0.024874
66.990839,0.024877
67.302990,0.024880
67.615141,0.024883
67.927292,0.024886
68.239443,0.024889
68.551594,0.024892
68.863745,0.024895
69.175896,0.024898
69.488048,0.024901
69.800199,0.024904
70.112350,0.024907
70.424501,0.024911
70.736652,0.024914
71.048803,0.024917
71.360954,0.024920
71.673106,0.024923
71.985257,0.024926
72.297408,0.024929
72.609559,0.024933
72.921710,0.024936
73.233861,0.024939
73.546012,0.024942
73.858163,0.024945
74.170315,0.024949
74.482466,0.024952
74.794617,0.024955
75.106768,0.024958
75.418919,0.024962
75.731070,0.024965
76.043221,0.024968
76.355373,0.024972
76.667524,0.024975
76.979675,0.024978
77.291826,0.024982
77.603977,0.024985
77.916128,0.024988
78.228279,0.024992
78.540430,0.024995
78.852582,0.024998
79.164733,0.025002
79.476884,0.025005
79.789035,0.025008
80.101186,0.025012
80.413337,0.025015
80.725488,0.025019
81.037640,0.025022
81.349791,0.025026
81.661942,0.025029
81.974093,0.025033
82.286244,0.025036
82.598395,0.025040
82.910546,0.025043
83.222697,0.025047
83.534849,0.025050
83.847000,0.025054
84.159151,0.025057
84.471302,0.025061
84.783453,0.025064
85.095604,0.025068
85.407755,0.025071
85.719907,0.025075
86.032058,0.025079
86.344209,0.025082
86.656360,0.025086
86.968511,0.025089
87.280662,0.025093
87.592813,0.025097
87.904964,0.025100
88.217116,0.025104
88.529267,0.025108
88.841418,0.025111
89.153569,0.025115
89.465720,0.025119
89.777871,0.025123
90.090022,0.025126
90.402173,0.025130
90.714325,0.025134
91.026476,0.025138
91.338627,0.025141
91.650778,0.025145
91.962929,0.025149
92.275080,0.025153
92.587231,0.025157
92.899383,0.025161
93.211534,0.025164
93.523685,0.025168
93.835836,0.025172
94.147987,0.025176
94.460138,0.025180
94.772289,0.025184
95.084440,0.025188
95.396592,0.025192
95.708743,0.025196
96.020894,0.025200
96.333045,0.025204
96.645196,0.025208
96.957347,0.025212
97.269498,0.025216
97.581650,0.025220
97.893801,0.025224
98.205952,0.025228
98.518103,0.025232
98.830254,0.025236
99.142405,0.025240
99.454556,0.025244
99.766707,0.025248
100.078859,0.025252
100.391010,0.025256
100.703161,0.025260
101.015312,0.025265
101.327463,0.025269
101.639614,0.025273
101.951765,0.025277
102.263917,0.025281
102.576068,0.025286
102.888219,0.025290
103.200370,0.025294
103.512521,0.025298
103.824672,0.025303
104.136823,0.025307
104.448974,0.025311
104.761126,0.025315
105.073277,0.025320
105.385428,0.025324
105.697579,0.025328
106.009730,0.025333
106.321881,0.025337
106.634032,0.025342
106.946184,0.025346
107.258335,0.025350
107.570486,0.025355
107.882637,0.025359
108.194788,0.025364
108.506939,0.025368
108.819090,0.025373
109.131241,0.025377
109.443393,0.025382
109.755544,0.025386
110.067695,0.025391
110.379846,0.025395
110.691997,0.025400
111.004148,0.025405
111.316299,0.025409
111.628451,0.025414
111.940602,0.025418
112.252753,0.025423
112.564904,0.025428
112.877055,0.025432
113.189206,0.025437
113.501357,0.025442
113.813508,0.025447
114.125660,0.025451
114.437811,0.025456
114.749962,0.025461
115.062113,0.025466
115.374264,0.025470
115.686415,0.025475
115.998566,0.025480
116.310718,0.025485
116.622869,0.025490
116.935020,0.025495
117.247171,0.025500
117.559322,0.025504
117.871473,0.025509
118.183624,0.025514
118.495775,0.025519
118.807927,0.025524
119.120078,0.025529
119.432229,0.025534
119.744380,0.025539
120.056531,0.025544
120.368682,0.025549
120.680833,0.025554
120.992985,0.025560
121.305136,0.025565
121.617287,0.025570
121.929438,0.025575
122.241589,0.025580
122.553740,0.025585
122.865891,0.025590
123.178042,0.025596
123.490194,0.025601
123.802345,0.025606
124.114496,0.025611
124.426647,0.025617
124.738798,0.025622
125.050949,0.025627
125.363100,0.025633
125.675252,0.025638
125.987403,0.025643
126.299554,0.025649
126.611705,0.025654
126.923856,0.025659
127.236007,0.025665
127.548158,0.025670
127.860309,0.025676
128.172461,0.025681
128.484612,0.025687
128.796763,0.025692
129.108914,0.025698
129.421065,0.025704
129.733216,0.025709
130.045367,0.025715
130.357519,0.025720
130.669670,0.025726
130.981821,0.025732
131.293972,0.025737
131.606123,0.025743
131.918274,0.025749
132.230425,0.025755
132.542576,0.025760
132.854728,0.025766
133.166879,0.025772
133.479030,0.025778
133.791181,0.025784
134.103332,0.025789
134.415483,0.025795
134.727634,0.025801
135.039786,0.025807
135.351937,0.025813
135.664088,0.025819
135.976239,0.025825
136.288390,0.025831
136.600541,0.025837
136.912692,0.025843
137.224843,0.025849
137.536995,0.025855
137.849146,0.025861
138.161297,0.025868
138.473448,0.025874
138.785599,0.025880
139.097750,0.025886
139.409901,0.025892
139.722053,0.025899
140.034204,0.025905
140.346355,0.025911
140.658506,0.025917
140.970657,0.025924
141.282808,0.025930
141.594959,0.025936
141.907110,0.025943
142.219262,0.025949
142.531413,0.025956
142.843564,0.025962
143.155715,0.025969
143.467866,0.025975
143.780017,0.025982
144.092168,0.025988
144.404320,0.025995
144.716471,0.026001
145.028622,0.026008
145.340773,0.026015
145.652924,0.026021
145.965075,0.026028
146.277226,0.026035
146.589377,0.026042
146.901529,0.026048
147.213680,0.026055
147.525831,0.026062
147.837982,0.026069
148.150133,0.026076
148.462284,0.026083
148.774435,0.026090
149.086587,0.026097
149.398738,0.026104
149.710889,0.026111
150.023040,0.026118
150.335191,0.026125
150.647342,0.026132
150.959493,0.026139
151.271644,0.026146
151.583796,0.026153
151.895947,0.026160
152.208098,0.026168
152.520249,0.026175
152.832400,0.026182
153.144551,0.026189
153.456702,0.026197
153.768853,0.026204
154.081005,0.026212
154.393156,0.026219
154.705307,0.026226
155.017458,0.026234
155.329609,0.026241
155.641760,0.026249
155.953911,0.026256
156.266063,0.026264
156.578214,0.026272
156.890365,0.026279
157.202516,0.026287
157.514667,0.026295
157.826818,0.026302
158.138969,0.026310
158.451120,0.026318
158.763272,0.026326
159.075423,0.026334
159.387574,0.026341
159.699725,0.026349
160.011876,0.026357
160.324027,0.026365
160.636178,0.026373
160.948330,0.026381
161.260481,0.026389
161.572632,0.026397
161.884783,0.026406
162.196934,0.026414
162.509085,0.026422
162.821236,0.026430
163.133387,0.026438
163.445539,0.026447
163.757690,0.026455
164.069841,0.026463
164.381992,0.026472
164.694143,0.026480
165.006294,0.026489
165.318445,0.026497
165.630597,0.026505
165.942748,0.026514
166.254899,0.026523
166.567050,0.026531
166.879201,0.026540
167.191352,0.026549
167.503503,0.026557
167.815654,0.026566
168.127806,0.026575
168.439957,0.026584
168.752108,0.026593
169.064259,0.026601
169.376410,0.026610
169.688561,0.026619
170.000712,0.026628
170.312864,0.026637
170.625015,0.026646
170.937166,0.026656
171.249317,0.026665
171.561468,0.026674
171.873619,0.026683
172.185770,0.026692
172.497921,0.026702
172.810073,0.026711
173.122224,0.026720
173.434375,0.026730
173.746526,0.026739
174.058677,0.026749
174.370828,0.026758
174.682979,0.026768
174.995131,0.026777
175.307282,0.026787
175.619433,0.026797
175.931584,0.026807
176.243735,0.026816
176.555886,0.026826
176.868037,0.026836
177.180188,0.026846
177.492340,0.026856
177.804491,0.026866
178.116642,0.026876
178.428793,0.026886
178.740944,0.026896
179.053095,0.026906
179.365246,0.026916
179.677398,0.026926
179.989549,0.026937
180.301700,0.026947
180.613851,0.026957
180.926002,0.026968
181.238153,0.026978
181.550304,0.026989
181.862455,0.026999
182.174607,0.027010
182.486758,0.027021
182.798909,0.027031
183.111060,0.027042
183.423211,0.027053
183.735362,0.027064
184.047513,0.027074
184.359665,0.027085
184.671816,0.027096
184.983967,0.027107
185.296118,0.027118
185.608269,0.027129
185.920420,0.027141
186.232571,0.027152
186.544722,0.027163
186.856874,0.027174
187.169025,0.027186
187.481176,0.027197
187.793327,0.027208
188.105478,0.027220
188.417629,0.027231
188.729780,0.027243
189.041932,0.027255
189.354083,0.027266
189.666234,0.027278
189.978385,0.027290
190.290536,0.027302
190.602687,0.027314
190.914838,0.027326
191.226989,0.027338
191.539141,0.027350
191.851292,0.027362
192.163443,0.027374
192.475594,0.027386
192.787745,0.027399
193.099896,0.027411
193.412047,0.027423
193.724199,0.027436
194.036350,0.027448
194.348501,0.027461
194.660652,0.027473
194.972803,0.027486
195.284954,0.027499
195.597105,0.027512
195.909256,0.027525
196.221408,0.027537
196.533559,0.027550
196.845710,0.027563
197.157861,0.027577
197.470012,0.027590
197.782163,0.027603
198.094314,0.027616
198.406466,0.027630
198.718617,0.027643
199.030768,0.027656
199.342919,0.027670
199.655070,0.027684
199.967221,0.027697
200.279372,0.027711
200.591523,0.027725
200.903675,0.027739
201.215826,0.027752
201.527977,0.027766
201.840128,0.027780
202.152279,0.027795
202.464430,0.027809
202.776581,0.027823
203.088733,0.027837
203.400884,0.027852
203.713035,0.027866
204.025186,0.027881
204.337337,0.027895
204.649488,0.027910
204.961639,0.027925
205.273790,0.027939
205.585942,0.027954
205.898093,0.027969
206.210244,0.027984
206.522395,0.027999
206.834546,0.028015
207.146697,0.028030
207.458848,0.028045
207.771000,0.028060
208.083151,0.028076
208.395302,0.028091
208.707453,0.028107
209.019604,0.028123
209.331755,0.028138
209.643906,0.028154
209.956057,0.028170
210.268209,0.028186
210.580360,0.028202
210.892511,0.028218
211.204662,0.028235
211.516813,0.028251
211.828964,0.028267
212.141115,0.028284
212.453267,0.028301
212.765418,0.028317
213.077569,0.028334
213.389720,0.028351
213.701871,0.028368
214.014022,0.028385
214.326173,0.028402
214.638324,0.028419
214.950476,0.028436
215.262627,0.028453
215.574778,0.028471
215.886929,0.028488
216.199080,0.028506
216.511231,0.028524
216.823382,0.028541
217.135533,0.028559
217.447685,0.028577
217.759836,0.028595
218.071987,0.028614
218.384138,0.028632
218.696289,0.028650
219.008440,0.028669
219.320591,0.028687
219.632743,0.028706
219.944894,0.028724
220.257045,0.028743
220.569196,0.028762
220.881347,0.028781
221.193498,0.028800
221.505649,0.028820
221.817800,0.028839
222.129952,0.028858
222.442103,0.028878
222.754254,0.028898
223.066405,0.028917
223.378556,0.028937
223.690707,0.028957
224.002858,0.028977
224.315010,0.028997
224.627161,0.029018
224.939312,0.029038
225.251463,0.029059
225.563614,0.029079
225.875765,0.029100
226.187916,0.029121
226.500067,0.029142
226.812219,0.029163
227.124370,0.029184
227.436521,0.029205
227.748672,0.029227
228.060823,0.029248
228.372974,0.029270
228.685125,0.029292
228.997277,0.029313
229.309428,0.029335
229.621579,0.029358
229.933730,0.029380
230.245881,0.029402
230.558032,0.029425
230.870183,0.029447
231.182334,0.029470
231.494486,0.029493
231.806637,0.029516
232.118788,0.029539
232.430939,0.029562
232.743090,0.029586
233.055241,0.029609
233.367392,0.029633
233.679544,0.029657
233.991695,0.029681
234.303846,0.029705
234.615997,0.029729
234.928148,0.029753
235.240299,0.029778
235.552450,0.029803
235.864601,0.029827
236.176753,0.029852
236.488904,0.029877
236.801055,0.029902
237.113206,0.029928
237.425357,0.029953
237.737508,0.029979
238.049659,0.030005
238.361811,0.030031
238.673962,0.030057
238.986113,0.030083
239.298264,0.030110
239.610415,0.030136
239.922566,0.030163
240.234717,0.030190
240.546868,0.030217
240.859020,0.030244
241.171171,0.030271
241.483322,0.030299
241.795473,0.030327
242.107624,0.030354
242.419775,0.030382
242.731926,0.030411
243.044078,0.030439
243.356229,0.030468
243.668380,0.030496
243.980531,0.030525
244.292682,0.030554
244.604833,0.030583
244.916984,0.030613
245.229135,0.030642
245.541287,0.030672
245.853438,0.030702
246.165589,0.030732
246.477740,0.030763
246.789891,0.030793
247.102042,0.030824
247.414193,0.030855
247.726345,0.030886
248.038496,0.030917
248.350647,0.030949
248.662798,0.030980
248.974949,0.031012
249.287100,0.031044
249.599251,0.031077
249.911402,0.031109
250.223554,0.031142
250.535705,0.031175
250.847856,0.031208
251.160007,0.031241
251.472158,0.031275
251.784309,0.031308
252.096460,0.031342
252.408612,0.031376
252.720763,0.031411
253.032914,0.031445
253.345065,0.031480
253.657216,0.031515
253.969367,0.031551
254.281518,0.031586
254.593669,0.031622
254.905821,0.031658
255.217972,0.031694
255.530123,0.031731
255.842274,0.031767
256.154425,0.031804
256.466576,0.031841
256.778727,0.031879
257.090879,0.031917
257.403030,0.031955
257.715181,0.031993
258.027332,0.032031
258.339483,0.032070
258.651634,0.032109
258.963785,0.032148
259.275936,0.032187
259.588088,0.032227
259.900239,0.032267
260.212390,0.032308
260.524541,0.032348
260.836692,0.032389
261.148843,0.032430
261.460994,0.032471
261.773146,0.032513
262.085297,0.032555
262.397448,0.032597
262.709599,0.032640
263.021750,0.032683
263.333901,0.032726
263.646052,0.032769
263.958203,0.032813
264.270355,0.032857
264.582506,0.032901
264.894657,0.032946
265.206808,0.032991
265.518959,0.033036
265.831110,0.033082
266.143261,0.033128
266.455413,0.033174
266.767564,0.033220
267.079715,0.033267
267.391866,0.033314
267.704017,0.033362
268.016168,0.033410
268.328319,0.033458
268.640470,0.033507
268.952622,0.033556
269.264773,0.033605
269.576924,0.033655
269.889075,0.033705
270.201226,0.033755
270.513377,0.033806
270.825528,0.033857
271.137680,0.033908
271.449831,0.033960
271.761982,0.034012
272.074133,0.034065
272.386284,0.034118
272.698435,0.034171
273.010586,0.034225
273.322737,0.034279
273.634889,0.034334
273.947040,0.034389
274.259191,0.034444
274.571342,0.034500
274.883493,0.034556
275.195644,0.034613
275.507795,0.034670
275.819947,0.034727
276.132098,0.034785
276.444249,0.034843
276.756400,0.034902
277.068551,0.034961
277.380702,0.035021
277.692853,0.035081
278.005004,0.035142
278.317156,0.035203
278.629307,0.035264
278.941458,0.035326
279.253609,0.035389
279.565760,0.035452
279.877911,0.035515
280.190062,0.035579
280.502213,0.035643
280.814365,0.035708
281.126516,0.035774
281.438667,0.035840
281.750818,0.035906
282.062969,0.035973
282.375120,0.036040
282.687271,0.036108
282.999423,0.036177
283.311574,0.036246
283.623725,0.036316
283.935876,0.036386
284.248027,0.036456
284.560178,0.036528
284.872329,0.036600
285.184480,0.036672
285.496632,0.036745
285.808783,0.036818
286.120934,0.036893
286.433085,0.036967
286.745236,0.037043
287.057387,0.037119
287.369538,0.037195
287.681690,0.037272
287.993841,0.037350
288.305992,0.037429
288.618143,0.037508
288.930294,0.037587
289.242445,0.037668
289.554596,0.037749
289.866747,0.037830
290.178899,0.037913
290.491050,0.037996
290.803201,0.038079
291.115352,0.038164
291.427503,0.038249
291.739654,0.038334
292.051805,0.038421
292.363957,0.038508
292.676108,0.038596
292.988259,0.038684
293.300410,0.038774
293.612561,0.038864
293.924712,0.038955
294.236863,0.039046
294.549014,0.039139
294.861166,0.039232
295.173317,0.039326
295.485468,0.039420
295.797619,0.039516
296.109770,0.039612
296.421921,0.039709
296.734072,0.039807
297.046224,0.039906
297.358375,0.040005
297.670526,0.040106
297.982677,0.040207
298.294828,0.040309
298.606979,0.040412
298.919130,0.040516
299.231281,0.040620
299.543433,0.040726
299.855584,0.040832
300.167735,0.040940
300.479886,0.041048
300.792037,0.041157
301.104188,0.041267
301.416339,0.041378
301.728491,0.041490
302.040642,0.041603
302.352793,0.041717
302.664944,0.041832
302.977095,0.041948
303.289246,0.042064
303.601397,0.042182
303.913548,0.042301
304.225700,0.042421
304.537851,0.042542
304.850002,0.042663
305.162153,0.042786
305.474304,0.042910
305.786455,0.043035
306.098606,0.043161
306.410758,0.043288
306.722909,0.043417
307.035060,0.043546
307.347211,0.043676
307.659362,0.043808
307.971513,0.043940
308.283664,0.044074
308.595815,0.044209
308.907967,0.044345
309.220118,0.044482
309.532269,0.044620
309.844420,0.044760
310.156571,0.044901
310.468722,0.045042
310.780873,0.045185
311.093025,0.045330
311.405176,0.045475
311.717327,0.045622
312.029478,0.045770
312.341629,0.045919
312.653780,0.046069
312.965931,0.046220
313.278082,0.046373
313.590234,0.046527
313.902385,0.046683
314.214536,0.046839
314.526687,0.046997
314.838838,0.047156
315.150989,0.047317
315.463140,0.047479
315.775292,0.047642
316.087443,0.047806
316.399594,0.047972
316.711745,0.048139
317.023896,0.048307
317.336047,0.048477
317.648198,0.048648
317.960349,0.048821
318.272501,0.048994
318.584652,0.049169
318.896803,0.049346
319.208954,0.049524
319.521105,0.049703
319.833256,0.049883
320.145407,0.050065
320.457559,0.050249
320.769710,0.050433
321.081861,0.050619
321.394012,0.050807
321.706163,0.050995
322.018314,0.051186
322.330465,0.051377
322.642616,0.051570
322.954768,0.051764
323.266919,0.051960
323.579070,0.052157
323.891221,0.052355
324.203372,0.052555
324.515523,0.052756
324.827674,0.052959
325.139826,0.053162
325.451977,0.053367
325.764128,0.053574
326.076279,0.053782
326.388430,0.053991
326.700581,0.054201
327.012732,0.054413
327.324883,0.054626
327.637035,0.054840
327.949186,0.055056
328.261337,0.055273
328.573488,0.055491
328.885639,0.055710
329.197790,0.055930
329.509941,0.056152
329.822093,0.056375
330.134244,0.056599
330.446395,0.056824
330.758546,0.057050
331.070697,0.057278
331.382848,0.057506
331.694999,0.057735
332.007150,0.057966
332.319302,0.058198
332.631453,0.058430
332.943604,0.058664
333.255755,0.058898
333.567906,0.059133
333.880057,0.059369
334.192208,0.059606
334.504360,0.059844
334.816511,0.060083
335.128662,0.060322
335.440813,0.060562
335.752964,0.060803
336.065115,0.061044
336.377266,0.061286
336.689417,0.061529
337.001569,0.061772
337.313720,0.062015
337.625871,0.062259
337.938022,0.062504
338.250173,0.062749
338.562324,0.062994
338.874475,0.063239
339.186627,0.063484
339.498778,0.063730
339.810929,0.063976
340.123080,0.064222
340.435231,0.064467
340.747382,0.064713
341.059533,0.064959
341.371684,0.065205
341.683836,0.065450
341.995987,0.065695
342.308138,0.065940
342.620289,0.066185
342.932440,0.066429
343.244591,0.066673
343.556742,0.066916
343.868893,0.067158
344.181045,0.067400
344.493196,0.067642
344.805347,0.067882
345.117498,0.068122
345.429649,0.068361
345.741800,0.068599
346.053951,0.068836
346.366103,0.069072
346.678254,0.069308
346.990405,0.069541
347.302556,0.069774
347.614707,0.070006
347.926858,0.070236
348.239009,0.070465
348.551160,0.070693
348.863312,0.070919
349.175463,0.071144
349.487614,0.071367
349.799765,0.071589
350.111916,0.071809
350.424067,0.072027
350.736218,0.072244
351.048370,0.072459
351.360521,0.072672
351.672672,0.072884
351.984823,0.073093
352.296974,0.073301
352.609125,0.073507
352.921276,0.073711
353.233427,0.073913
353.545579,0.074114
353.857730,0.074312
354.169881,0.074508
354.482032,0.074702
354.794183,0.074895
355.106334,0.075085
355.418485,0.075273
355.730637,0.075460
356.042788,0.075644
356.354939,0.075826
356.667090,0.076006
356.979241,0.076184
357.291392,0.076361
357.603543,0.076535
357.915694,0.076707
358.227846,0.076877
358.539997,0.077046
358.852148,0.077212
359.164299,0.077377
359.476450,0.077540
359.788601,0.077701
360.100752,0.077860
360.412904,0.078018
360.725055,0.078174
361.037206,0.078328
361.349357,0.078481
361.661508,0.078633
361.973659,0.078782
362.285810,0.078931
362.597961,0.079078
362.910113,0.079224
363.222264,0.079369
363.534415,0.079512
363.846566,0.079655
364.158717,0.079796
364.470868,0.079937
364.783019,0.080077
365.095171,0.080216
365.407322,0.080354
365.719473,0.080492
366.031624,0.080629
366.343775,0.080766
366.655926,0.080903
366.968077,0.081039
367.280228,0.081176
367.592380,0.081312
367.904531,0.081448
368.216682,0.081584
368.528833,0.081721
368.840984,0.081858
369.153135,0.081996
369.465286,0.082134
369.777438,0.082272
370.089589,0.082412
370.401740,0.082552
370.713891,0.082693
371.026042,0.082836
371.338193,0.082979
371.650344,0.083124
371.962495,0.083270
372.274647,0.083418
372.586798,0.083567
372.898949,0.083718
373.211100,0.083870
373.523251,0.084025
373.835402,0.084182
374.147553,0.084340
374.459705,0.084501
374.771856,0.084664
375.084007,0.084830
375.396158,0.084998
375.708309,0.085168
376.020460,0.085342
376.332611,0.085518
376.644762,0.085697
376.956914,0.085879
377.269065,0.086064
377.581216,0.086252
377.893367,0.086444
378.205518,0.086638
378.517669,0.086837
378.829820,0.087039
379.141972,0.087244
379.454123,0.087453
379.766274,0.087666
380.078425,0.087883
380.390576,0.088103
380.702727,0.088328
381.014878,0.088557
381.327029,0.088790
381.639181,0.089027
381.951332,0.089268
382.263483,0.089514
382.575634,0.089765
382.887785,0.090019
383.199936,0.090279
383.512087,0.090543
383.824239,0.090812
384.136390,0.091085
384.448541,0.091363
384.760692,0.091646
385.072843,0.091934
385.384994,0.092227
385.697145,0.092525
386.009296,0.092828
386.321448,0.093135
386.633599,0.093448
386.945750,0.093766
387.257901,0.094089
387.570052,0.094418
387.882203,0.094751
388.194354,0.095089
388.506506,0.095433
388.818657,0.095782
389.130808,0.096136
389.442959,0.096495
389.755110,0.096860
390.067261,0.097229
390.379412,0.097604
390.691563,0.097984
391.003715,0.098369
391.315866,0.098759
391.628017,0.099154
391.940168,0.099554
392.252319,0.099959
392.564470,0.100369
392.876621,0.100784
393.188773,0.101203
393.500924,0.101627
393.813075,0.102056
394.125226,0.102490
394.437377,0.102927
394.749528,0.103370
395.061679,0.103816
395.373830,0.104267
395.685982,0.104721
395.998133,0.105180
396.310284,0.105642
396.622435,0.106108
396.934586,0.106578
397.246737,0.107051
397.558888,0.107527
397.871040,0.108006
398.183191,0.108488
398.495342,0.108972
398.807493,0.109459
399.119644,0.109948
399.431795,0.110440
399.743946,0.110933
400.056097,0.111428
400.368249,0.111924
400.680400,0.112421
400.992551,0.112919
401.304702,0.113418
401.616853,0.113917
401.929004,0.114417
402.241155,0.114916
402.553307,0.115414
402.865458,0.115912
403.177609,0.116408
403.489760,0.116903
403.801911,0.117397
404.114062,0.117888
404.426213,0.118377
404.738364,0.118863
405.050516,0.119346
405.362667,0.119825
405.674818,0.120301
405.986969,0.120772
406.299120,0.121239
406.611271,0.121701
406.923422,0.122157
407.235573,0.122608
407.547725,0.123053
407.859876,0.123491
408.172027,0.123922
408.484178,0.124346
408.796329,0.124762
409.108480,0.125170
409.420631,0.125569
409.732783,0.125960
410.044934,0.126342
410.357085,0.126714
410.669236,0.127075
410.981387,0.127427
411.293538,0.127768
411.605689,0.128097
411.917840,0.128415
412.229992,0.128722
412.542143,0.129016
412.854294,0.129297
413.166445,0.129566
413.478596,0.129822
413.790747,0.130064
414.102898,0.130293
414.415050,0.130508
414.727201,0.130708
415.039352,0.130894
415.351503,0.131066
415.663654,0.131222
415.975805,0.131364
416.287956,0.131490
416.600107,0.131601
416.912259,0.131696
417.224410,0.131776
417.536561,0.131840
417.848712,0.131888
418.160863,0.131920
418.473014,0.131936
418.785165,0.131937
419.097317,0.131921
419.409468,0.131890
419.721619,0.131842
420.033770,0.131779
420.345921,0.131700
420.658072,0.131605
420.970223,0.131495
421.282374,0.131370
421.594526,0.131229
421.906677,0.131073
422.218828,0.130902
422.530979,0.130717
422.843130,0.130517
423.155281,0.130303
423.467432,0.130075
423.779584,0.129833
424.091735,0.129578
424.403886,0.129309
424.716037,0.129028
425.028188,0.128735
425.340339,0.128429
425.652490,0.128111
425.964641,0.127782
426.276793,0.127442
426.588944,0.127091
426.901095,0.126730
427.213246,0.126359
427.525397,0.125978
427.837548,0.125588
428.149699,0.125190
428.461851,0.124782
428.774002,0.124367
429.086153,0.123945
429.398304,0.123515
429.710455,0.123078
430.022606,0.122635
430.334757,0.122186
430.646908,0.121732
430.959060,0.121272
431.271211,0.120808
431.583362,0.120339
431.895513,0.119866
432.207664,0.119390
432.519815,0.118910
432.831966,0.118428
433.144118,0.117943
433.456269,0.117456
433.768420,0.116968
434.080571,0.116478
434.392722,0.115987
434.704873,0.115496
435.017024,0.115004
435.329175,0.114512
435.641327,0.114020
435.953478,0.113529
436.265629,0.113039
436.577780,0.112551
436.889931,0.112063
437.202082,0.111578
437.514233,0.111095
437.826385,0.110614
438.138536,0.110135
438.450687,0.109660
438.762838,0.109187
439.074989,0.108718
439.387140,0.108253
439.699291,0.107791
440.011442,0.107334
440.323594,0.106880
440.635745,0.106431
440.947896,0.105987
441.260047,0.105547
441.572198,0.105113
441.884349,0.104683
442.196500,0.104259
442.508652,0.103840
442.820803,0.103427
443.132954,0.103020
443.445105,0.102619
443.757256,0.102223
444.069407,0.101834
444.381558,0.101451
444.693709,0.101075
445.005861,0.100705
445.318012,0.100342
445.630163,0.099986
445.942314,0.099636
446.254465,0.099294
446.566616,0.098958
446.878767,0.098630
447.190919,0.098309
447.503070,0.097995
447.815221,0.097688
448.127372,0.097390
448.439523,0.097098
448.751674,0.096814
449.063825,0.096538
449.375976,0.096270
449.688128,0.096009
450.000279,0.095756
450.312430,0.095512
450.624581,0.095275
450.936732,0.095046
451.248883,0.094825
451.561034,0.094612
451.873186,0.094408
452.185337,0.094211
452.497488,0.094023
452.809639,0.093843
453.121790,0.093671
453.433941,0.093508
453.746092,0.093353
454.058243,0.093206
454.370395,0.093068
454.682546,0.092938
454.994697,0.092816
455.306848,0.092703
455.618999,0.092599
455.931150,0.092502
456.243301,0.092415
456.555453,0.092336
456.867604,0.092265
457.179755,0.092203
457.491906,0.092149
457.804057,0.092104
458.116208,0.092068
458.428359,0.092040
458.740510,0.092020
459.052662,0.092009
459.364813,0.092006
459.676964,0.092012
459.989115,0.092026
460.301266,0.092048
460.613417,0.092079
460.925568,0.092118
461.237720,0.092165
461.549871,0.092220
461.862022,0.092284
462.174173,0.092355
462.486324,0.092435
462.798475,0.092522
463.110626,0.092618
463.422777,0.092721
463.734929,0.092831
464.047080,0.092950
464.359231,0.093075
464.671382,0.093208
464.983533,0.093348
465.295684,0.093495
465.607835,0.093649
465.919987,0.093809
466.232138,0.093977
466.544289,0.094150
466.856440,0.094330
467.168591,0.094515
467.480742,0.094706
467.792893,0.094903
468.105044,0.095105
468.417196,0.095312
468.729347,0.095524
469.041498,0.095740
469.353649,0.095960
469.665800,0.096185
469.977951,0.096412
470.290102,0.096643
470.602253,0.096877
470.914405,0.097113
471.226556,0.097352
471.538707,0.097592
471.850858,0.097833
472.163009,0.098075
472.475160,0.098318
472.787311,0.098561
473.099463,0.098803
473.411614,0.099045
473.723765,0.099285
474.035916,0.099523
474.348067,0.099760
474.660218,0.099993
474.972369,0.100223
475.284520,0.100449
475.596672,0.100672
475.908823,0.100889
476.220974,0.101101
476.533125,0.101307
476.845276,0.101507
477.157427,0.101701
477.469578,0.101887
477.781730,0.102065
478.093881,0.102235
478.406032,0.102396
478.718183,0.102549
479.030334,0.102691
479.342485,0.102824
479.654636,0.102947
479.966787,0.103058
480.278939,0.103159
480.591090,0.103248
480.903241,0.103326
481.215392,0.103392
481.527543,0.103445
481.839694,0.103486
482.151845,0.103514
482.463997,0.103530
482.776148,0.103532
483.088299,0.103522
483.400450,0.103498
483.712601,0.103462
484.024752,0.103412
484.336903,0.103349
484.649054,0.103274
484.961206,0.103185
485.273357,0.103084
485.585508,0.102970
485.897659,0.102844
486.209810,0.102706
486.521961,0.102556
486.834112,0.102395
487.146264,0.102223
487.458415,0.102039
487.770566,0.101846
488.082717,0.101642
488.394868,0.101429
488.707019,0.101206
489.019170,0.100975
489.331321,0.100736
489.643473,0.100489
489.955624,0.100235
490.267775,0.099974
490.579926,0.099707
490.892077,0.099434
491.204228,0.099157
491.516379,0.098875
491.828531,0.098588
492.140682,0.098299
492.452833,0.098006
492.764984,0.097712
493.077135,0.097415
493.389286,0.097117
493.701437,0.096819
494.013588,0.096520
494.325740,0.096222
494.637891,0.095925
494.950042,0.095629
495.262193,0.095335
495.574344,0.095044
495.886495,0.094755
496.198646,0.094470
496.510798,0.094189
496.822949,0.093912
497.135100,0.093640
497.447251,0.093373
497.759402,0.093112
498.071553,0.092857
498.383704,0.092608
498.695855,0.092367
499.008007,0.092132
499.320158,0.091906
499.632309,0.091687
499.944460,0.091477
500.256611,0.091276
500.568762,0.091084
500.880913,0.090901
501.193065,0.090728
501.505216,0.090566
501.817367,0.090414
502.129518,0.090273
502.441669,0.090143
502.753820,0.090025
503.065971,0.089919
503.378122,0.089824
503.690274,0.089743
504.002425,0.089674
504.314576,0.089618
504.626727,0.089575
504.938878,0.089546
505.251029,0.089532
505.563180,0.089531
505.875332,0.089545
506.187483,0.089574
506.499634,0.089618
506.811785,0.089677
507.123936,0.089753
507.436087,0.089844
507.748238,0.089951
508.060389,0.090074
508.372541,0.090214
508.684692,0.090371
508.996843,0.090545
509.308994,0.090736
509.621145,0.090944
509.933296,0.091169
510.245447,0.091411
510.557599,0.091670
510.869750,0.091946
511.181901,0.092239
511.494052,0.092548
511.806203,0.092873
512.118354,0.093214
512.430505,0.093570
512.742656,0.093940
513.054808,0.094323
513.366959,0.094719
513.679110,0.095127
513.991261,0.095544
514.303412,0.095970
514.615563,0.096403
514.927714,0.096841
515.239866,0.097283
515.552017,0.097727
515.864168,0.098170
516.176319,0.098610
516.488470,0.099047
516.800621,0.099476
517.112772,0.099896
517.424923,0.100306
517.737075,0.100702
518.049226,0.101084
518.361377,0.101450
518.673528,0.101798
518.985679,0.102128
519.297830,0.102438
519.609981,0.102729
519.922133,0.103000
520.234284,0.103250
520.546435,0.103482
520.858586,0.103695
521.170737,0.103891
521.482888,0.104070
521.795039,0.104235
522.107190,0.104387
522.419342,0.104527
522.731493,0.104658
523.043644,0.104780
523.355795,0.104897
523.667946,0.105009
523.980097,0.105118
524.292248,0.105225
524.604400,0.105333
524.916551,0.105441
525.228702,0.105551
525.540853,0.105664
525.853004,0.105781
526.165155,0.105902
526.477306,0.106027
526.789457,0.106157
527.101609,0.106291
527.413760,0.106431
527.725911,0.106574
528.038062,0.106722
528.350213,0.106873
528.662364,0.107028
528.974515,0.107185
529.286667,0.107345
529.598818,0.107505
529.910969,0.107666
530.223120,0.107826
530.535271,0.107985
530.847422,0.108141
531.159573,0.108294
531.471724,0.108444
531.783876,0.108588
532.096027,0.108725
532.408178,0.108856
532.720329,0.108978
533.032480,0.109092
533.344631,0.109195
533.656782,0.109287
533.968933,0.109367
534.281085,0.109435
534.593236,0.109489
534.905387,0.109528
535.217538,0.109552
535.529689,0.109560
535.841840,0.109552
536.153991,0.109526
536.466143,0.109483
536.778294,0.109421
537.090445,0.109340
537.402596,0.109241
537.714747,0.109121
538.026898,0.108982
538.339049,0.108823
538.651200,0.108643
538.963352,0.108444
539.275503,0.108224
539.587654,0.107984
539.899805,0.107723
540.211956,0.107443
540.524107,0.107143
540.836258,0.106823
541.148410,0.106485
541.460561,0.106127
541.772712,0.105751
542.084863,0.105357
542.397014,0.104945
542.709165,0.104517
543.021316,0.104073
543.333467,0.103612
543.645619,0.103137
543.957770,0.102647
544.269921,0.102144
544.582072,0.101628
544.894223,0.101099
545.206374,0.100559
545.518525,0.100008
545.830677,0.099448
546.142828,0.098878
546.454979,0.098299
546.767130,0.097713
547.079281,0.097120
547.391432,0.096520
547.703583,0.095915
548.015734,0.095305
548.327886,0.094691
548.640037,0.094074
548.952188,0.093453
549.264339,0.092831
549.576490,0.092207
549.888641,0.091582
550.200792,0.090957
550.512944,0.090332
550.825095,0.089708
551.137246,0.089086
551.449397,0.088465
551.761548,0.087847
552.073699,0.087231
552.385850,0.086618
552.698001,0.086009
553.010153,0.085404
553.322304,0.084804
553.634455,0.084208
553.946606,0.083617
554.258757,0.083031
554.570908,0.082451
554.883059,0.081877
555.195211,0.081309
555.507362,0.080747
555.819513,0.080191
556.131664,0.079643
556.443815,0.079101
556.755966,0.078566
557.068117,0.078038
557.380268,0.077518
557.692420,0.077004
558.004571,0.076499
558.316722,0.076001
558.628873,0.075510
558.941024,0.075027
559.253175,0.074552
559.565326,0.074085
559.877478,0.073626
560.189629,0.073174
560.501780,0.072731
560.813931,0.072295
561.126082,0.071867
561.438233,0.071447
561.750384,0.071035
562.062535,0.070631
562.374687,0.070235
562.686838,0.069846
562.998989,0.069465
563.311140,0.069092
563.623291,0.068727
563.935442,0.068370
564.247593,0.068020
564.559745,0.067678
564.871896,0.067343
565.184047,0.067016
565.496198,0.066696
565.808349,0.066384
566.120500,0.066079
566.432651,0.065782
566.744802,0.065492
567.056954,0.065209
567.369105,0.064933
567.681256,0.064664
567.993407,0.064403
568.305558,0.064148
568.617709,0.063901
568.929860,0.063660
569.242012,0.063426
569.554163,0.063199
569.866314,0.062979
570.178465,0.062765
570.490616,0.062558
570.802767,0.062358
571.114918,0.062164
571.427069,0.061977
571.739221,0.061796
572.051372,0.061622
572.363523,0.061454
572.675674,0.061292
572.987825,0.061137
573.299976,0.060987
573.612127,0.060844
573.924279,0.060708
574.236430,0.060577
574.548581,0.060452
574.860732,0.060333
575.172883,0.060221
575.485034,0.060114
575.797185,0.060013
576.109336,0.059918
576.421488,0.059829
576.733639,0.059746
577.045790,0.059669
577.357941,0.059597
577.670092,0.059532
577.982243,0.059471
578.294394,0.059417
578.606546,0.059368
578.918697,0.059325
579.230848,0.059287
579.542999,0.059256
579.855150,0.059229
580.167301,0.059208
580.479452,0.059193
580.791603,0.059183
581.103755,0.059179
581.415906,0.059180
581.728057,0.059186
582.040208,0.059198
582.352359,0.059215
582.664510,0.059237
582.976661,0.059265
583.288813,0.059298
583.600964,0.059336
583.913115,0.059380
584.225266,0.059428
584.537417,0.059482
584.849568,0.059541
585.161719,0.059605
585.473870,0.059674
585.786022,0.059748
586.098173,0.059826
586.410324,0.059910
586.722475,0.059998
587.034626,0.060091
587.346777,0.060189
587.658928,0.060292
587.971080,0.060399
588.283231,0.060510
588.595382,0.060626
588.907533,0.060746
589.219684,0.060871
589.531835,0.060999
589.843986,0.061132
590.156137,0.061268
590.468289,0.061408
590.780440,0.061552
591.092591,0.061700
591.404742,0.061851
591.716893,0.062005
592.029044,0.062162
592.341195,0.062322
592.653347,0.062485
592.965498,0.062651
593.277649,0.062819
593.589800,0.062990
593.901951,0.063162
594.214102,0.063337
594.526253,0.063513
594.838404,0.063690
595.150556,0.063868
595.462707,0.064048
595.774858,0.064228
596.087009,0.064408
596.399160,0.064589
596.711311,0.064770
597.023462,0.064950
597.335613,0.065129
597.647765,0.065307
597.959916,0.065484
598.272067,0.065659
598.584218,0.065833
598.896369,0.066004
599.208520,0.066172
599.520671,0.066337
599.832823,0.066499
600.144974,0.066657
600.457125,0.066812
600.769276,0.066961
601.081427,0.067107
601.393578,0.067246
601.705729,0.067381
602.017880,0.067510
602.330032,0.067633
602.642183,0.067749
602.954334,0.067858
603.266485,0.067961
603.578636,0.068056
603.890787,0.068143
604.202938,0.068223
604.515090,0.068294
604.827241,0.068356
605.139392,0.068410
605.451543,0.068455
605.763694,0.068491
606.075845,0.068518
606.387996,0.068535
606.700147,0.068542
607.012299,0.068539
607.324450,0.068527
607.636601,0.068505
607.948752,0.068472
608.260903,0.068430
608.573054,0.068377
608.885205,0.068314
609.197357,0.068241
609.509508,0.068159
609.821659,0.068066
610.133810,0.067963
610.445961,0.067851
610.758112,0.067729
611.070263,0.067598
611.382414,0.067457
611.694566,0.067308
612.006717,0.067149
612.318868,0.066982
612.631019,0.066807
612.943170,0.066623
613.255321,0.066432
613.567472,0.066233
613.879624,0.066028
614.191775,0.065815
614.503926,0.065595
614.816077,0.065370
615.128228,0.065138
615.440379,0.064901
615.752530,0.064659
616.064681,0.064411
616.376833,0.064160
616.688984,0.063904
617.001135,0.063644
617.313286,0.063381
617.625437,0.063114
617.937588,0.062845
618.249739,0.062573
618.561891,0.062299
618.874042,0.062024
619.186193,0.061747
619.498344,0.061468
619.810495,0.061189
620.122646,0.060910
620.434797,0.060630
620.746948,0.060350
621.059100,0.060070
621.371251,0.059791
621.683402,0.059513
621.995553,0.059236
622.307704,0.058961
622.619855,0.058686
622.932006,0.058414
623.244158,0.058144
623.556309,0.057876
623.868460,0.057611
624.180611,0.057348
624.492762,0.057088
624.804913,0.056831
625.117064,0.056578
625.429215,0.056327
625.741367,0.056081
626.053518,0.055838
626.365669,0.055599
626.677820,0.055364
626.989971,0.055133
627.302122,0.054906
627.614273,0.054684
627.926425,0.054466
628.238576,0.054254
628.550727,0.054045
628.862878,0.053842
629.175029,0.053644
629.487180,0.053451
629.799331,0.053263
630.111482,0.053081
630.423634,0.052904
630.735785,0.052732
631.047936,0.052567
631.360087,0.052407
631.672238,0.052253
631.984389,0.052105
632.296540,0.051963
632.608692,0.051828
632.920843,0.051698
633.232994,0.051575
633.545145,0.051459
633.857296,0.051350
634.169447,0.051247
634.481598,0.051151
634.793749,0.051062
635.105901,0.050981
635.418052,0.050906
635.730203,0.050839
636.042354,0.050780
636.354505,0.050729
636.666656,0.050685
636.978807,0.050650
637.290959,0.050623
637.603110,0.050604
637.915261,0.050593
638.227412,0.050592
638.539563,0.050599
638.851714,0.050616
639.163865,0.050642
639.476016,0.050677
639.788168,0.050722
640.100319,0.050777
640.412470,0.050843
640.724621,0.050918
641.036772,0.051004
641.348923,0.051101
641.661074,0.051209
641.973226,0.051328
642.285377,0.051458
642.597528,0.051600
642.909679,0.051754
643.221830,0.051920
643.533981,0.052098
643.846132,0.052288
644.158283,0.052490
644.470435,0.052705
644.782586,0.052933
645.094737,0.053173
645.406888,0.053425
645.719039,0.053690
646.031190,0.053967
646.343341,0.054257
646.655493,0.054558
646.967644,0.054871
647.279795,0.055194
647.591946,0.055529
647.904097,0.055873
648.216248,0.056226
648.528399,0.056587
648.840550,0.056956
649.152702,0.057331
649.464853,0.057710
649.777004,0.058093
650.089155,0.058477
650.401306,0.058861
650.713457,0.059243
651.025608,0.059620
651.337760,0.059991
651.649911,0.060354
651.962062,0.060704
652.274213,0.061041
652.586364,0.061361
652.898515,0.061661
653.210666,0.061940
653.522817,0.062193
653.834969,0.062419
654.147120,0.062615
654.459271,0.062779
654.771422,0.062908
655.083573,0.063001
655.395724,0.063055
655.707875,0.063071
656.020027,0.063046
656.332178,0.062980
656.644329,0.062873
656.956480,0.062725
657.268631,0.062536
657.580782,0.062309
657.892933,0.062042
658.205084,0.061739
658.517236,0.061402
658.829387,0.061031
659.141538,0.060630
659.453689,0.060201
659.765840,0.059747
660.077991,0.059270
660.390142,0.058773
660.702293,0.058258
661.014445,0.057729
661.326596,0.057188
661.638747,0.056637
661.950898,0.056078
662.263049,0.055515
662.575200,0.054949
662.887351,0.054381
663.199503,0.053814
663.511654,0.053250
663.823805,0.052689
664.135956,0.052134
664.448107,0.051585
664.760258,0.051043
665.072409,0.050508
665.384560,0.049983
665.696712,0.049468
666.008863,0.048962
666.321014,0.048466
666.633165,0.047981
666.945316,0.047507
667.257467,0.047044
667.569618,0.046593
667.881770,0.046152
668.193921,0.045723
668.506072,0.045304
668.818223,0.044897
669.130374,0.044501
669.442525,0.044115
669.754676,0.043740
670.066827,0.043375
670.378979,0.043020
670.691130,0.042676
671.003281,0.042341
671.315432,0.042015
671.627583,0.041699
671.939734,0.041391
672.251885,0.041092
672.564037,0.040802
672.876188,0.040520
673.188339,0.040246
673.500490,0.039979
673.812641,0.039720
674.124792,0.039468
674.436943,0.039224
674.749094,0.038986
675.061246,0.038754
675.373397,0.038529
675.685548,0.038310
675.997699,0.038097
676.309850,0.037889
676.622001,0.037687
676.934152,0.037491
677.246304,0.037299
677.558455,0.037113
677.870606,0.036931
678.182757,0.036754
678.494908,0.036581
678.807059,0.036413
679.119210,0.036249
679.431361,0.036089
679.743513,0.035933
680.055664,0.035781
680.367815,0.035633
680.679966,0.035488
680.992117,0.035346
681.304268,0.035208
681.616419,0.035073
681.928571,0.034941
682.240722,0.034812
682.552873,0.034686
682.865024,0.034563
683.177175,0.034442
683.489326,0.034325
683.801477,0.034209
684.113628,0.034097
684.425780,0.033986
684.737931,0.033878
685.050082,0.033773
685.362233,0.033669
685.674384,0.033568
685.986535,0.033468
686.298686,0.033371
686.610838,0.033275
686.922989,0.033182
687.235140,0.033090
687.547291,0.033000
687.859442,0.032912
688.171593,0.032825
688.483744,0.032740
688.795895,0.032657
689.108047,0.032575
689.420198,0.032495
689.732349,0.032416
690.044500,0.032339
