# rshift,intensity
86.617796,0.228311
86.929514,0.228317
87.241232,0.228322
87.552950,0.228328
87.864669,0.228334
88.176387,0.228340
88.488105,0.228346
88.799823,0.228352
89.111542,0.228358
89.423260,0.228363
89.734978,0.228369
90.046696,0.228375
90.358415,0.228381
90.670133,0.228387
90.981851,0.228393
91.293569,0.228399
91.605288,0.228406
91.917006,0.228412
92.228724,0.228418
92.540442,0.228424
92.852161,0.228430
93.163879,0.228436
93.475597,0.228442
93.787315,0.228448
94.099034,0.228455
94.410752,0.228461
94.722470,0.228467
95.034188,0.228473
95.345907,0.228480
95.657625,0.228486
95.969343,0.228492
96.281061,0.228499
96.592780,0.228505
96.904498,0.228511
97.216216,0.228518
97.527934,0.228524
97.839653,0.228531
98.151371,0.228537
98.463089,0.228544
98.774807,0.228550
99.086526,0.228557
99.398244,0.228563
99.709962,0.228570
100.021681,0.228576
100.333399,0.228583
100.645117,0.228590
100.956835,0.228596
101.268554,0.228603
101.580272,0.228610
101.891990,0.228616
102.203708,0.228623
102.515427,0.228630
102.827145,0.228637
103.138863,0.228643
103.450581,0.228650
103.762300,0.228657
104.074018,0.228664
104.385736,0.228671
104.697454,0.228678
105.009173,0.228685
105.320891,0.228692
105.632609,0.228699
105.944327,0.228706
106.256046,0.228713
106.567764,0.228720
106.879482,0.228727
107.191200,0.228734
107.502919,0.228741
107.814637,0.228748
108.126355,0.228755
108.438073,0.228763
108.749792,0.228770
109.061510,0.228777
109.373228,0.228784
109.684946,0.228792
109.996665,0.228799
110.308383,0.228806
110.620101,0.228814
110.931819,0.228821
111.243538,0.228828
111.555256,0.228836
111.866974,0.228843
112.178692,0.228851
112.490411,0.228858
112.802129,0.228866
113.113847,0.228873
113.425565,0.228881
113.737284,0.228889
114.049002,0.228896
114.360720,0.228904
114.672438,0.228912
114.984157,0.228919
115.295875,0.228927
115.607593,0.228935
115.919311,0.228943
116.231030,0.228950
116.542748,0.228958
116.854466,0.228966
117.166184,0.228974
117.477903,0.228982
117.789621,0.228990
118.101339,0.228998
118.413057,0.229006
118.724776,0.229014
119.036494,0.229022
119.348212,0.229030
119.659930,0.229038
119.971649,0.229046
120.283367,0.229054
120.595085,0.229063
120.906803,0.229071
121.218522,0.229079
121.530240,0.229087
121.841958,0.229096
122.153676,0.229104
122.465395,0.229112
122.777113,0.229121
123.088831,0.229129
123.400549,0.229138
123.712268,0.229146
124.023986,0.229155
124.335704,0.229163
124.647422,0.229172
124.959141,0.229180
125.270859,0.229189
125.582577,0.229198
125.894295,0.229206
126.206014,0.229215
126.517732,0.229224
126.829450,0.229233
127.141168,0.229241
127.452887,0.229250
127.764605,0.229259
128.076323,0.229268
128.388041,0.229277
128.699760,0.229286
129.011478,0.229295
129.323196,0.229304
129.634915,0.229313
129.946633,0.229322
130.258351,0.229331
130.570069,0.229340
130.881788,0.229350
131.193506,0.229359
131.505224,0.229368
131.816942,0.229377
132.128661,0.229387
132.440379,0.229396
132.752097,0.229405
133.063815,0.229415
133.375534,0.229424
133.687252,0.229434
133.998970,0.229443
134.310688,0.229453
134.622407,0.229463
134.934125,0.229472
135.245843,0.229482
135.557561,0.229492
135.869280,0.229501
136.180998,0.229511
136.492716,0.229521
136.804434,0.229531
137.116153,0.229541
137.427871,0.229551
137.739589,0.229561
138.051307,0.229571
138.363026,0.229581
138.674744,0.229591
138.986462,0.229601
139.298180,0.229611
139.609899,0.229621
139.921617,0.229631
140.233335,0.229642
140.545053,0.229652
140.856772,0.229662
141.168490,0.229673
141.480208,0.229683
141.791926,0.229693
142.103645,0.229704
142.415363,0.229714
142.727081,0.229725
143.038799,0.229736
143.350518,0.229746
143.662236,0.229757
143.973954,0.229768
144.285672,0.229779
144.597391,0.229789
144.909109,0.229800
145.220827,0.229811
145.532545,0.229822
145.844264,0.229833
146.155982,0.229844
146.467700,0.229855
146.779418,0.229866
147.091137,0.229877
147.402855,0.229889
147.714573,0.229900
148.026291,0.229911
148.338010,0.229922
148.649728,0.229934
148.961446,0.229945
149.273164,0.229957
149.584883,0.229968
149.896601,0.229980
150.208319,0.229991
150.520037,0.230003
150.831756,0.230015
151.143474,0.230026
151.455192,0.230038
151.766910,0.230050
152.078629,0.230062
152.390347,0.230074
152.702065,0.230086
153.013783,0.230098
153.325502,0.230110
153.637220,0.230122
153.948938,0.230134
154.260656,0.230146
154.572375,0.230158
154.884093,0.230171
155.195811,0.230183
155.507529,0.230195
155.819248,0.230208
156.130966,0.230220
156.442684,0.230233
156.754402,0.230245
157.066121,0.230258
157.377839,0.230271
157.689557,0.230283
158.001276,0.230296
158.312994,0.230309
158.624712,0.230322
158.936430,0.230335
159.248149,0.230348
159.559867,0.230361
159.871585,0.230374
160.183303,0.230387
160.495022,0.230400
160.806740,0.230414
161.118458,0.230427
161.430176,0.230440
161.741895,0.230454
162.053613,0.230467
162.365331,0.230481
162.677049,0.230494
162.988768,0.230508
163.300486,0.230522
163.612204,0.230536
163.923922,0.230549
164.235641,0.230563
164.547359,0.230577
164.859077,0.230591
165.170795,0.230605
165.482514,0.230619
165.794232,0.230634
166.105950,0.230648
166.417668,0.230662
166.729387,0.230676
167.041105,0.230691
167.352823,0.230705
167.664541,0.230720
167.976260,0.230734
168.287978,0.230749
168.599696,0.230764
168.911414,0.230779
169.223133,0.230793
169.534851,0.230808
169.846569,0.230823
170.158287,0.230838
170.470006,0.230853
170.781724,0.230869
171.093442,0.230884
171.405160,0.230899
171.716879,0.230914
172.028597,0.230930
172.340315,0.230945
172.652033,0.230961
172.963752,0.230976
173.275470,0.230992
173.587188,0.231008
173.898906,0.231024
174.210625,0.231040
174.522343,0.231056
174.834061,0.231072
175.145779,0.231088
175.457498,0.231104
175.769216,0.231120
176.080934,0.231136
176.392652,0.231153
176.704371,0.231169
177.016089,0.231186
177.327807,0.231202
177.639525,0.231219
177.951244,0.231236
178.262962,0.231253
178.574680,0.231270
178.886398,0.231287
179.198117,0.231304
179.509835,0.231321
179.821553,0.231338
180.133271,0.231355
180.444990,0.231373
180.756708,0.231390
181.068426,0.231408
181.380144,0.231425
181.691863,0.231443
182.003581,0.231461
182.315299,0.231479
182.627017,0.231496
182.938736,0.231514
183.250454,0.231533
183.562172,0.231551
183.873890,0.231569
184.185609,0.231587
184.497327,0.231606
184.809045,0.231624
185.120763,0.231643
185.432482,0.231661
185.744200,0.231680
186.055918,0.231699
186.367637,0.231718
186.679355,0.231737
186.991073,0.231756
187.302791,0.231775
187.614510,0.231795
187.926228,0.231814
188.237946,0.231833
188.549664,0.231853
188.861383,0.231873
189.173101,0.231892
189.484819,0.231912
189.796537,0.231932
190.108256,0.231952
190.419974,0.231972
190.731692,0.231993
191.043410,0.232013
191.355129,0.232033
191.666847,0.232054
191.978565,0.232074
192.290283,0.232095
192.602002,0.232116
192.913720,0.232137
193.225438,0.232158
193.537156,0.232179
193.848875,0.232200
194.160593,0.232221
194.472311,0.232243
194.784029,0.232264
195.095748,0.232286
195.407466,0.232308
195.719184,0.232329
196.030902,0.232351
196.342621,0.232373
196.654339,0.232396
196.966057,0.232418
197.277775,0.232440
197.589494,0.232463
197.901212,0.232485
198.212930,0.232508
198.524648,0.232531
198.836367,0.232554
199.148085,0.232577
199.459803,0.232600
199.771521,0.232623
200.083240,0.232647
200.394958,0.232670
200.706676,0.232694
201.018394,0.232717
201.330113,0.232741
201.641831,0.232765
201.953549,0.232789
202.265267,0.232814
202.576986,0.232838
202.888704,0.232862
203.200422,0.232887
203.512140,0.232912
203.823859,0.232937
204.135577,0.232962
204.447295,0.232987
204.759013,0.233012
205.070732,0.233037
205.382450,0.233063
205.694168,0.233088
206.005886,0.233114
206.317605,0.233140
206.629323,0.233166
206.941041,0.233192
207.252759,0.233218
207.564478,0.233245
207.876196,0.233271
208.187914,0.233298
208.499632,0.233325
208.811351,0.233352
209.123069,0.233379
209.434787,0.233406
209.746505,0.233434
210.058224,0.233461
210.369942,0.233489
210.681660,0.233517
210.993378,0.233545
211.305097,0.233573
211.616815,0.233601
211.928533,0.233630
212.240251,0.233658
212.551970,0.233687
212.863688,0.233716
213.175406,0.233745
213.487124,0.233774
213.798843,0.233804
214.110561,0.233833
214.422279,0.233863
214.733998,0.233893
215.045716,0.233923
215.357434,0.233953
215.669152,0.233983
215.980871,0.234014
216.292589,0.234045
216.604307,0.234075
216.916025,0.234106
217.227744,0.234138
217.539462,0.234169
217.851180,0.234201
218.162898,0.234232
218.474617,0.234264
218.786335,0.234296
219.098053,0.234328
219.409771,0.234361
219.721490,0.234393
220.033208,0.234426
220.344926,0.234459
220.656644,0.234492
220.968363,0.234526
221.280081,0.234559
221.591799,0.234593
221.903517,0.234627
222.215236,0.234661
222.526954,0.234695
222.838672,0.234730
223.150390,0.234765
223.462109,0.234800
223.773827,0.234835
224.085545,0.234870
224.397263,0.234905
224.708982,0.234941
225.020700,0.234977
225.332418,0.235013
225.644136,0.235050
225.955855,0.235086
226.267573,0.235123
226.579291,0.235160
226.891009,0.235197
227.202728,0.235234
227.514446,0.235272
227.826164,0.235310
228.137882,0.235348
228.449601,0.235386
228.761319,0.235425
229.073037,0.235464
229.384755,0.235503
229.696474,0.235542
230.008192,0.235581
230.319910,0.235621
230.631628,0.235661
230.943347,0.235701
231.255065,0.235741
231.566783,0.235782
231.878501,0.235823
232.190220,0.235864
232.501938,0.235906
232.813656,0.235947
233.125374,0.235989
233.437093,0.236031
233.748811,0.236074
234.060529,0.236116
234.372247,0.236159
234.683966,0.236203
234.995684,0.236246
235.307402,0.236290
235.619120,0.236334
235.930839,0.236378
236.242557,0.236423
236.554275,0.236468
236.865993,0.236513
237.177712,0.236558
237.489430,0.236604
237.801148,0.236650
238.112866,0.236696
238.424585,0.236743
238.736303,0.236789
239.048021,0.236837
239.359739,0.236884
239.671458,0.236932
239.983176,0.236980
240.294894,0.237028
240.606612,0.237077
240.918331,0.237126
241.230049,0.237175
241.541767,0.237225
241.853485,0.237275
242.165204,0.237325
242.476922,0.237376
242.788640,0.237427
243.100359,0.237478
243.412077,0.237529
243.723795,0.237581
244.035513,0.237634
244.347232,0.237686
244.658950,0.237739
244.970668,0.237792
245.282386,0.237846
245.594105,0.237900
245.905823,0.237954
246.217541,0.238009
246.529259,0.238064
246.840978,0.238120
247.152696,0.238176
247.464414,0.238232
247.776132,0.238288
248.087851,0.238345
248.399569,0.238403
248.711287,0.238460
249.023005,0.238519
249.334724,0.238577
249.646442,0.238636
249.958160,0.238695
250.269878,0.238755
250.581597,0.238815
250.893315,0.238876
251.205033,0.238937
251.516751,0.238998
251.828470,0.239060
252.140188,0.239122
252.451906,0.239185
252.763624,0.239248
253.075343,0.239311
253.387061,0.239375
253.698779,0.239440
254.010497,0.239505
254.322216,0.239570
254.633934,0.239636
254.945652,0.239702
255.257370,0.239769
255.569089,0.239836
255.880807,0.239904
256.192525,0.239972
256.504243,0.240041
256.815962,0.240110
257.127680,0.240179
257.439398,0.240249
257.751116,0.240320
258.062835,0.240391
258.374553,0.240463
258.686271,0.240535
258.997989,0.240608
259.309708,0.240681
259.621426,0.240755
259.933144,0.240829
260.244862,0.240904
260.556581,0.240979
260.868299,0.241055
261.180017,0.241132
261.491735,0.241209
261.803454,0.241286
262.115172,0.241365
262.426890,0.241443
262.738608,0.241523
263.050327,0.241603
263.362045,0.241683
263.673763,0.241764
263.985481,0.241846
264.297200,0.241929
264.608918,0.242012
264.920636,0.242095
265.232354,0.242179
265.544073,0.242264
265.855791,0.242350
266.167509,0.242436
266.479227,0.242523
266.790946,0.242610
267.102664,0.242698
267.414382,0.242787
267.726100,0.242877
268.037819,0.242967
268.349537,0.243058
268.661255,0.243150
268.972973,0.243242
269.284692,0.243335
269.596410,0.243429
269.908128,0.243523
270.219846,0.243618
270.531565,0.243714
270.843283,0.243811
271.155001,0.243908
271.466720,0.244007
271.778438,0.244106
272.090156,0.244205
272.401874,0.244306
272.713593,0.244407
273.025311,0.244510
273.337029,0.244613
273.648747,0.244716
273.960466,0.244821
274.272184,0.244926
274.583902,0.245033
274.895620,0.245140
275.207339,0.245248
275.519057,0.245357
275.830775,0.245466
276.142493,0.245577
276.454212,0.245689
276.765930,0.245801
277.077648,0.245914
277.389366,0.246029
277.701085,0.246144
278.012803,0.246260
278.324521,0.246377
278.636239,0.246495
278.947958,0.246614
279.259676,0.246734
279.571394,0.246855
279.883112,0.246977
280.194831,0.247100
280.506549,0.247224
280.818267,0.247349
281.129985,0.247475
281.441704,0.247602
281.753422,0.247730
282.065140,0.247859
282.376858,0.247990
282.688577,0.248121
283.000295,0.248253
283.312013,0.248387
283.623731,0.248522
283.935450,0.248657
284.247168,0.248794
284.558886,0.248932
284.870604,0.249072
285.182323,0.249212
285.494041,0.249354
285.805759,0.249496
286.117477,0.249641
286.429196,0.249786
286.740914,0.249932
287.052632,0.250080
287.364350,0.250229
287.676069,0.250379
287.987787,0.250531
288.299505,0.250683
288.611223,0.250837
288.922942,0.250993
289.234660,0.251150
289.546378,0.251308
289.858096,0.251467
290.169815,0.251628
290.481533,0.251790
290.793251,0.251953
291.104969,0.252118
291.416688,0.252285
291.728406,0.252453
292.040124,0.252622
292.351842,0.252792
292.663561,0.252965
292.975279,0.253138
293.286997,0.253313
293.598715,0.253490
293.910434,0.253668
294.222152,0.253848
294.533870,0.254029
294.845588,0.254212
295.157307,0.254396
295.469025,0.254582
295.780743,0.254769
296.092461,0.254959
296.404180,0.255149
296.715898,0.255342
297.027616,0.255536
297.339334,0.255731
297.651053,0.255929
297.962771,0.256128
298.274489,0.256329
298.586207,0.256531
298.897926,0.256735
299.209644,0.256941
299.521362,0.257149
299.833080,0.257359
300.144799,0.257570
300.456517,0.257783
300.768235,0.257998
301.079954,0.258214
301.391672,0.258433
301.703390,0.258653
302.015108,0.258876
302.326827,0.259100
302.638545,0.259326
302.950263,0.259554
303.261981,0.259783
303.573700,0.260015
303.885418,0.260249
304.197136,0.260484
304.508854,0.260722
304.820573,0.260962
305.132291,0.261203
305.444009,0.261447
305.755727,0.261692
306.067446,0.261939
306.379164,0.262189
306.690882,0.262441
307.002600,0.262694
307.314319,0.262950
307.626037,0.263207
307.937755,0.263467
308.249473,0.263729
308.561192,0.263993
308.872910,0.264258
309.184628,0.264526
309.496346,0.264796
309.808065,0.265069
310.119783,0.265343
310.431501,0.265619
310.743219,0.265898
311.054938,0.266178
311.366656,0.266461
311.678374,0.266746
311.990092,0.267033
312.301811,0.267321
312.613529,0.267613
312.925247,0.267906
313.236965,0.268201
313.548684,0.268498
313.860402,0.268798
314.172120,0.269099
314.483838,0.269403
314.795557,0.269709
315.107275,0.270017
315.418993,0.270326
315.730711,0.270638
316.042430,0.270952
316.354148,0.271268
316.665866,0.271586
316.977584,0.271906
317.289303,0.272228
317.601021,0.272552
317.912739,0.272878
318.224457,0.273206
318.536176,0.273535
318.847894,0.273867
319.159612,0.274200
319.471330,0.274535
319.783049,0.274872
320.094767,0.275211
320.406485,0.275552
320.718203,0.275894
321.029922,0.276238
321.341640,0.276583
321.653358,0.276931
321.965076,0.277279
322.276795,0.277630
322.588513,0.277981
322.900231,0.278335
323.211949,0.278689
323.523668,0.279045
323.835386,0.279402
324.147104,0.279761
324.458822,0.280121
324.770541,0.280482
325.082259,0.280844
325.393977,0.281206
325.705695,0.281570
326.017414,0.281935
326.329132,0.282301
326.640850,0.282667
326.952568,0.283035
327.264287,0.283402
327.576005,0.283771
327.887723,0.284140
328.199441,0.284509
328.511160,0.284878
328.822878,0.285248
329.134596,0.285618
329.446315,0.285988
329.758033,0.286358
330.069751,0.286728
330.381469,0.287098
330.693188,0.287468
331.004906,0.287837
331.316624,0.288205
331.628342,0.288573
331.940061,0.288941
332.251779,0.289308
332.563497,0.289673
332.875215,0.290038
333.186934,0.290402
333.498652,0.290764
333.810370,0.291126
334.122088,0.291486
334.433807,0.291844
334.745525,0.292201
335.057243,0.292556
335.368961,0.292909
335.680680,0.293260
335.992398,0.293609
336.304116,0.293956
336.615834,0.294300
336.927553,0.294642
337.239271,0.294982
337.550989,0.295319
337.862707,0.295653
338.174426,0.295985
338.486144,0.296313
338.797862,0.296638
339.109580,0.296960
339.421299,0.297279
339.733017,0.297594
340.044735,0.297905
340.356453,0.298213
340.668172,0.298518
340.979890,0.298818
341.291608,0.299114
341.603326,0.299406
341.915045,0.299695
342.226763,0.299978
342.538481,0.300258
342.850199,0.300533
343.161918,0.300803
343.473636,0.301069
343.785354,0.301330
344.097072,0.301587
344.408791,0.301838
344.720509,0.302085
345.032227,0.302326
345.343945,0.302563
345.655664,0.302794
345.967382,0.303021
346.279100,0.303242
346.590818,0.303457
346.902537,0.303668
347.214255,0.303873
347.525973,0.304073
347.837691,0.304267
348.149410,0.304456
348.461128,0.304640
348.772846,0.304818
349.084564,0.304990
349.396283,0.305157
349.708001,0.305319
350.019719,0.305475
350.331437,0.305626
350.643156,0.305772
350.954874,0.305912
351.266592,0.306046
351.578310,0.306176
351.890029,0.306300
352.201747,0.306418
352.513465,0.306532
352.825183,0.306641
353.136902,0.306744
353.448620,0.306842
353.760338,0.306936
354.072056,0.307025
354.383775,0.307108
354.695493,0.307187
355.007211,0.307262
355.318929,0.307332
355.630648,0.307397
355.942366,0.307459
356.254084,0.307516
356.565802,0.307569
356.877521,0.307617
357.189239,0.307662
357.500957,0.307704
357.812676,0.307741
358.124394,0.307775
358.436112,0.307806
358.747830,0.307833
359.059549,0.307857
359.371267,0.307879
359.682985,0.307897
359.994703,0.307912
360.306422,0.307926
360.618140,0.307936
360.929858,0.307944
361.241576,0.307950
361.553295,0.307954
361.865013,0.307957
362.176731,0.307957
362.488449,0.307956
362.800168,0.307954
363.111886,0.307950
363.423604,0.307945
363.735322,0.307939
364.047041,0.307932
364.358759,0.307925
364.670477,0.307917
364.982195,0.307909
365.293914,0.307900
365.605632,0.307892
365.917350,0.307883
366.229068,0.307875
366.540787,0.307867
366.852505,0.307860
367.164223,0.307853
367.475941,0.307847
367.787660,0.307842
368.099378,0.307838
368.411096,0.307835
368.722814,0.307834
369.034533,0.307834
369.346251,0.307836
369.657969,0.307839
369.969687,0.307845
370.281406,0.307852
370.593124,0.307862
370.904842,0.307874
371.216560,0.307888
371.528279,0.307905
371.839997,0.307924
372.151715,0.307946
372.463433,0.307971
372.775152,0.307999
373.086870,0.308030
373.398588,0.308064
373.710306,0.308102
374.022025,0.308143
374.333743,0.308187
374.645461,0.308236
374.957179,0.308287
375.268898,0.308343
375.580616,0.308402
375.892334,0.308466
376.204052,0.308534
376.515771,0.308605
376.827489,0.308681
377.139207,0.308762
377.450925,0.308846
377.762644,0.308935
378.074362,0.309029
378.386080,0.309128
378.697798,0.309231
379.009517,0.309338
379.321235,0.309451
379.632953,0.309569
379.944671,0.309691
380.256390,0.309819
380.568108,0.309951
380.879826,0.310089
381.191544,0.310232
381.503263,0.310380
381.814981,0.310534
382.126699,0.310692
382.438417,0.310857
382.750136,0.311026
383.061854,0.311201
383.373572,0.311381
383.685290,0.311567
383.997009,0.311759
384.308727,0.311956
384.620445,0.312159
384.932163,0.312367
385.243882,0.312581
385.555600,0.312800
385.867318,0.313025
386.179037,0.313256
386.490755,0.313492
386.802473,0.313734
387.114191,0.313982
387.425910,0.314236
387.737628,0.314495
388.049346,0.314759
388.361064,0.315030
388.672783,0.315306
388.984501,0.315588
389.296219,0.315875
389.607937,0.316168
389.919656,0.316466
390.231374,0.316770
390.543092,0.317079
390.854810,0.317394
391.166529,0.317714
391.478247,0.318039
391.789965,0.318370
392.101683,0.318706
392.413402,0.319047
392.725120,0.319393
393.036838,0.319744
393.348556,0.320101
393.660275,0.320462
393.971993,0.320827
394.283711,0.321198
394.595429,0.321573
394.907148,0.321953
395.218866,0.322337
395.530584,0.322725
395.842302,0.323118
396.154021,0.323514
396.465739,0.323915
396.777457,0.324319
397.089175,0.324727
397.400894,0.325139
397.712612,0.325553
398.024330,0.325972
398.336048,0.326393
398.647767,0.326817
398.959485,0.327244
399.271203,0.327674
399.582921,0.328105
399.894640,0.328539
400.206358,0.328976
400.518076,0.329413
400.829794,0.329853
401.141513,0.330294
401.453231,0.330736
401.764949,0.331179
402.076667,0.331623
402.388386,0.332067
402.700104,0.332511
403.011822,0.332956
403.323540,0.333400
403.635259,0.333844
403.946977,0.334287
404.258695,0.334729
404.570413,0.335170
404.882132,0.335609
405.193850,0.336046
405.505568,0.336481
405.817286,0.336914
406.129005,0.337344
406.440723,0.337771
406.752441,0.338194
407.064159,0.338615
407.375878,0.339031
407.687596,0.339443
407.999314,0.339850
408.311032,0.340253
408.622751,0.340650
408.934469,0.341042
409.246187,0.341428
409.557905,0.341809
409.869624,0.342182
410.181342,0.342549
410.493060,0.342910
410.804778,0.343262
411.116497,0.343608
411.428215,0.343945
411.739933,0.344274
412.051651,0.344594
412.363370,0.344906
412.675088,0.345209
412.986806,0.345502
413.298524,0.345786
413.610243,0.346060
413.921961,0.346323
414.233679,0.346577
414.545398,0.346819
414.857116,0.347051
415.168834,0.347272
415.480552,0.347481
415.792271,0.347679
416.103989,0.347865
416.415707,0.348039
416.727425,0.348202
417.039144,0.348352
417.350862,0.348489
417.662580,0.348614
417.974298,0.348727
418.286017,0.348826
418.597735,0.348913
418.909453,0.348987
419.221171,0.349048
419.532890,0.349095
419.844608,0.349130
420.156326,0.349151
420.468044,0.349160
420.779763,0.349155
421.091481,0.349137
421.403199,0.349106
421.714917,0.349062
422.026636,0.349005
422.338354,0.348934
422.650072,0.348851
422.961790,0.348756
423.273509,0.348647
423.585227,0.348526
423.896945,0.348393
424.208663,0.348247
424.520382,0.348089
424.832100,0.347920
425.143818,0.347738
425.455536,0.347545
425.767255,0.347341
426.078973,0.347126
426.390691,0.346899
426.702409,0.346662
427.014128,0.346415
427.325846,0.346158
427.637564,0.345890
427.949282,0.345613
428.261001,0.345327
428.572719,0.345032
428.884437,0.344728
429.196155,0.344415
429.507874,0.344095
429.819592,0.343766
430.131310,0.343430
430.443028,0.343087
430.754747,0.342737
431.066465,0.342380
431.378183,0.342017
431.689901,0.341649
432.001620,0.341274
432.313338,0.340895
432.625056,0.340510
432.936774,0.340121
433.248493,0.339727
433.560211,0.339330
433.871929,0.338929
434.183647,0.338525
434.495366,0.338117
434.807084,0.337707
435.118802,0.337295
435.430520,0.336881
435.742239,0.336465
436.053957,0.336048
436.365675,0.335629
436.677393,0.335210
436.989112,0.334790
437.300830,0.334370
437.612548,0.333950
437.924266,0.333531
438.235985,0.333112
438.547703,0.332695
438.859421,0.332278
439.171139,0.331863
439.482858,0.331450
439.794576,0.331038
440.106294,0.330629
440.418012,0.330223
440.729731,0.329819
441.041449,0.329418
441.353167,0.329021
441.664885,0.328626
441.976604,0.328236
442.288322,0.327849
442.600040,0.327467
442.911759,0.327089
443.223477,0.326715
443.535195,0.326346
443.846913,0.325982
444.158632,0.325623
444.470350,0.325269
444.782068,0.324920
445.093786,0.324577
445.405505,0.324240
445.717223,0.323909
446.028941,0.323584
446.340659,0.323265
446.652378,0.322953
446.964096,0.322647
447.275814,0.322347
447.587532,0.322055
447.899251,0.321769
448.210969,0.321490
448.522687,0.321219
448.834405,0.320955
449.146124,0.320698
449.457842,0.320449
449.769560,0.320207
450.081278,0.319973
450.392997,0.319747
450.704715,0.319529
451.016433,0.319319
451.328151,0.319117
451.639870,0.318923
451.951588,0.318738
452.263306,0.318561
452.575024,0.318392
452.886743,0.318232
453.198461,0.318080
453.510179,0.317937
453.821897,0.317802
454.133616,0.317677
454.445334,0.317560
454.757052,0.317452
455.068770,0.317353
455.380489,0.317263
455.692207,0.317183
456.003925,0.317111
456.315643,0.317048
456.627362,0.316994
456.939080,0.316950
457.250798,0.316914
457.562516,0.316888
457.874235,0.316871
458.185953,0.316864
458.497671,0.316865
458.809389,0.316876
459.121108,0.316896
459.432826,0.316926
459.744544,0.316964
460.056262,0.317012
460.367981,0.317069
460.679699,0.317135
460.991417,0.317210
461.303135,0.317294
461.614854,0.317388
461.926572,0.317490
462.238290,0.317601
462.550008,0.317721
462.861727,0.317850
463.173445,0.317987
463.485163,0.318133
463.796881,0.318288
464.108600,0.318451
464.420318,0.318622
464.732036,0.318801
465.043754,0.318988
465.355473,0.319183
465.667191,0.319386
465.978909,0.319596
466.290627,0.319814
466.602346,0.320038
466.914064,0.320270
467.225782,0.320508
467.537500,0.320753
467.849219,0.321004
468.160937,0.321261
468.472655,0.321524
468.784373,0.321792
469.096092,0.322065
469.407810,0.322343
469.719528,0.322626
470.031246,0.322912
470.342965,0.323203
470.654683,0.323497
470.966401,0.323794
471.278120,0.324094
471.589838,0.324396
471.901556,0.324700
472.213274,0.325006
472.524993,0.325312
472.836711,0.325620
473.148429,0.325927
473.460147,0.326234
473.771866,0.326541
474.083584,0.326846
474.395302,0.327149
474.707020,0.327451
475.018739,0.327750
475.330457,0.328045
475.642175,0.328337
475.953893,0.328625
476.265612,0.328908
476.577330,0.329186
476.889048,0.329458
477.200766,0.329725
477.512485,0.329984
477.824203,0.330237
478.135921,0.330482
478.447639,0.330719
478.759358,0.330948
479.071076,0.331168
479.382794,0.331379
479.694512,0.331581
480.006231,0.331772
480.317949,0.331953
480.629667,0.332124
480.941385,0.332284
481.253104,0.332432
481.564822,0.332569
481.876540,0.332695
482.188258,0.332809
482.499977,0.332911
482.811695,0.333001
483.123413,0.333079
483.435131,0.333144
483.746850,0.333198
484.058568,0.333239
484.370286,0.333268
484.682004,0.333285
484.993723,0.333290
485.305441,0.333283
485.617159,0.333264
485.928877,0.333234
486.240596,0.333193
486.552314,0.333140
486.864032,0.333077
487.175750,0.333004
487.487469,0.332920
487.799187,0.332827
488.110905,0.332724
488.422623,0.332613
488.734342,0.332493
489.046060,0.332364
489.357778,0.332229
489.669496,0.332086
489.981215,0.331936
490.292933,0.331781
490.604651,0.331619
490.916369,0.331453
491.228088,0.331282
491.539806,0.331107
491.851524,0.330928
492.163242,0.330747
492.474961,0.330563
492.786679,0.330377
493.098397,0.330189
493.410115,0.330001
493.721834,0.329813
494.033552,0.329624
494.345270,0.329437
494.656988,0.329250
494.968707,0.329066
495.280425,0.328883
495.592143,0.328703
495.903861,0.328526
496.215580,0.328353
496.527298,0.328183
496.839016,0.328018
497.150734,0.327858
497.462453,0.327703
497.774171,0.327554
498.085889,0.327410
498.397607,0.327273
498.709326,0.327142
499.021044,0.327018
499.332762,0.326902
499.644480,0.326793
499.956199,0.326691
500.267917,0.326598
500.579635,0.326513
500.891354,0.326436
501.203072,0.326368
501.514790,0.326309
501.826508,0.326258
502.138227,0.326217
502.449945,0.326185
502.761663,0.326163
503.073381,0.326150
503.385100,0.326146
503.696818,0.326152
504.008536,0.326168
504.320254,0.326193
504.631973,0.326228
504.943691,0.326273
505.255409,0.326328
505.567127,0.326392
505.878846,0.326466
506.190564,0.326549
506.502282,0.326642
506.814000,0.326744
507.125719,0.326856
507.437437,0.326977
507.749155,0.327106
508.060873,0.327245
508.372592,0.327392
508.684310,0.327548
508.996028,0.327712
509.307746,0.327883
509.619465,0.328063
509.931183,0.328250
510.242901,0.328445
510.554619,0.328646
510.866338,0.328854
511.178056,0.329069
511.489774,0.329289
511.801492,0.329515
512.113211,0.329747
512.424929,0.329983
512.736647,0.330223
513.048365,0.330468
513.360084,0.330716
513.671802,0.330967
513.983520,0.331221
514.295238,0.331477
514.606957,0.331735
514.918675,0.331994
515.230393,0.332253
515.542111,0.332513
515.853830,0.332772
516.165548,0.333030
516.477266,0.333287
516.788984,0.333541
517.100703,0.333792
517.412421,0.334041
517.724139,0.334285
518.035857,0.334524
518.347576,0.334758
518.659294,0.334987
518.971012,0.335209
519.282730,0.335423
519.594449,0.335630
519.906167,0.335829
520.217885,0.336019
520.529603,0.336199
520.841322,0.336368
521.153040,0.336527
521.464758,0.336675
521.776476,0.336810
522.088195,0.336933
522.399913,0.337043
522.711631,0.337138
523.023349,0.337220
523.335068,0.337287
523.646786,0.337339
523.958504,0.337375
524.270222,0.337394
524.581941,0.337398
524.893659,0.337384
525.205377,0.337353
525.517095,0.337304
525.828814,0.337238
526.140532,0.337153
526.452250,0.337050
526.763968,0.336928
527.075687,0.336787
527.387405,0.336627
527.699123,0.336448
528.010841,0.336250
528.322560,0.336032
528.634278,0.335796
528.945996,0.335540
529.257715,0.335265
529.569433,0.334971
529.881151,0.334658
530.192869,0.334326
530.504588,0.333976
530.816306,0.333608
531.128024,0.333221
531.439742,0.332816
531.751461,0.332395
532.063179,0.331956
532.374897,0.331500
532.686615,0.331028
532.998334,0.330539
533.310052,0.330036
533.621770,0.329517
533.933488,0.328983
534.245207,0.328436
534.556925,0.327875
534.868643,0.327300
535.180361,0.326713
535.492080,0.326114
535.803798,0.325504
536.115516,0.324882
536.427234,0.324250
536.738953,0.323608
537.050671,0.322957
537.362389,0.322297
537.674107,0.321629
537.985826,0.320953
538.297544,0.320270
538.609262,0.319580
538.920980,0.318885
539.232699,0.318184
539.544417,0.317477
539.856135,0.316767
540.167853,0.316053
540.479572,0.315335
540.791290,0.314614
541.103008,0.313891
541.414726,0.313165
541.726445,0.312439
542.038163,0.311711
542.349881,0.310982
542.661599,0.310253
542.973318,0.309525
543.285036,0.308797
543.596754,0.308069
543.908472,0.307343
544.220191,0.306619
544.531909,0.305897
544.843627,0.305176
545.155345,0.304459
545.467064,0.303744
545.778782,0.303033
546.090500,0.302324
546.402218,0.301620
546.713937,0.300919
547.025655,0.300222
547.337373,0.299530
547.649091,0.298842
547.960810,0.298159
548.272528,0.297481
548.584246,0.296808
548.895964,0.296140
549.207683,0.295477
549.519401,0.294820
549.831119,0.294169
550.142837,0.293523
550.454556,0.292883
550.766274,0.292249
551.077992,0.291621
551.389710,0.290999
551.701429,0.290383
552.013147,0.289773
552.324865,0.289170
552.636583,0.288573
552.948302,0.287982
553.260020,0.287397
553.571738,0.286820
553.883456,0.286248
554.195175,0.285683
554.506893,0.285125
554.818611,0.284572
555.130329,0.284027
555.442048,0.283488
555.753766,0.282955
556.065484,0.282429
556.377202,0.281910
556.688921,0.281396
557.000639,0.280890
557.312357,0.280389
557.624076,0.279895
557.935794,0.279408
558.247512,0.278927
558.559230,0.278452
558.870949,0.277983
559.182667,0.277521
559.494385,0.277065
559.806103,0.276615
560.117822,0.276171
560.429540,0.275733
560.741258,0.275301
561.052976,0.274876
561.364695,0.274456
561.676413,0.274042
561.988131,0.273634
562.299849,0.273232
562.611568,0.272836
562.923286,0.272445
563.235004,0.272060
563.546722,0.271681
563.858441,0.271307
564.170159,0.270939
564.481877,0.270577
564.793595,0.270220
565.105314,0.269868
565.417032,0.269522
565.728750,0.269181
566.040468,0.268845
566.352187,0.268515
566.663905,0.268190
566.975623,0.267870
567.287341,0.267555
567.599060,0.267245
567.910778,0.266940
568.222496,0.266641
568.534214,0.266346
568.845933,0.266056
569.157651,0.265771
569.469369,0.265491
569.781087,0.265215
570.092806,0.264945
570.404524,0.264679
570.716242,0.264418
571.027960,0.264161
571.339679,0.263909
571.651397,0.263662
571.963115,0.263420
572.274833,0.263182
572.586552,0.262948
572.898270,0.262719
573.209988,0.262495
573.521706,0.262275
573.833425,0.262059
574.145143,0.261848
574.456861,0.261641
574.768579,0.261439
575.080298,0.261241
575.392016,0.261047
575.703734,0.260858
576.015452,0.260673
576.327171,0.260492
576.638889,0.260316
576.950607,0.260144
577.262325,0.259976
577.574044,0.259813
577.885762,0.259654
578.197480,0.259499
578.509198,0.259348
578.820917,0.259202
579.132635,0.259060
579.444353,0.258923
579.756071,0.258789
580.067790,0.258660
580.379508,0.258536
580.691226,0.258415
581.002944,0.258300
581.314663,0.258188
581.626381,0.258081
581.938099,0.257978
582.249817,0.257880
582.561536,0.257786
582.873254,0.257696
583.184972,0.257611
583.496690,0.257531
583.808409,0.257455
584.120127,0.257384
584.431845,0.257317
584.743563,0.257255
585.055282,0.257197
585.367000,0.257144
585.678718,0.257096
585.990437,0.257053
586.302155,0.257015
586.613873,0.256981
586.925591,0.256952
587.237310,0.256928
587.549028,0.256909
587.860746,0.256895
588.172464,0.256887
588.484183,0.256883
588.795901,0.256884
589.107619,0.256890
589.419337,0.256902
589.731056,0.256919
590.042774,0.256941
590.354492,0.256968
590.666210,0.257000
590.977929,0.257038
591.289647,0.257081
591.601365,0.257130
591.913083,0.257184
592.224802,0.257243
592.536520,0.257308
592.848238,0.257378
593.159956,0.257454
593.471675,0.257534
593.783393,0.257620
594.095111,0.257712
594.406829,0.257809
594.718548,0.257910
595.030266,0.258017
595.341984,0.258129
595.653702,0.258246
595.965421,0.258368
596.277139,0.258494
596.588857,0.258625
596.900575,0.258760
597.212294,0.258900
597.524012,0.259043
597.835730,0.259190
598.147448,0.259341
598.459167,0.259495
598.770885,0.259652
599.082603,0.259811
599.394321,0.259973
599.706040,0.260136
600.017758,0.260301
600.329476,0.260467
600.641194,0.260633
600.952913,0.260799
601.264631,0.260965
601.576349,0.261130
601.888067,0.261293
602.199786,0.261454
602.511504,0.261612
602.823222,0.261766
603.134940,0.261917
603.446659,0.262062
603.758377,0.262202
604.070095,0.262335
604.381813,0.262462
604.693532,0.262581
605.005250,0.262691
605.316968,0.262793
605.628686,0.262884
605.940405,0.262966
606.252123,0.263036
606.563841,0.263094
606.875559,0.263140
607.187278,0.263173
607.498996,0.263193
607.810714,0.263200
608.122432,0.263192
608.434151,0.263169
608.745869,0.263132
609.057587,0.263080
609.369305,0.263013
609.681024,0.262931
609.992742,0.262833
610.304460,0.262721
610.616178,0.262593
610.927897,0.262451
611.239615,0.262294
611.551333,0.262123
611.863051,0.261938
612.174770,0.261740
612.486488,0.261529
612.798206,0.261305
613.109924,0.261070
613.421643,0.260823
613.733361,0.260566
614.045079,0.260299
614.356798,0.260022
614.668516,0.259737
614.980234,0.259444
615.291952,0.259144
615.603671,0.258837
615.915389,0.258525
616.227107,0.258207
616.538825,0.257885
616.850544,0.257559
617.162262,0.257229
617.473980,0.256898
617.785698,0.256564
618.097417,0.256228
618.409135,0.255892
618.720853,0.255555
619.032571,0.255219
619.344290,0.254882
619.656008,0.254547
619.967726,0.254213
620.279444,0.253881
620.591163,0.253551
620.902881,0.253223
621.214599,0.252897
621.526317,0.252575
621.838036,0.252256
622.149754,0.251940
622.461472,0.251627
622.773190,0.251318
623.084909,0.251013
623.396627,0.250712
623.708345,0.250415
624.020063,0.250122
624.331782,0.249833
624.643500,0.249548
624.955218,0.249268
625.266936,0.248992
625.578655,0.248721
625.890373,0.248454
626.202091,0.248191
626.513809,0.247933
626.825528,0.247679
627.137246,0.247430
627.448964,0.247185
627.760682,0.246944
628.072401,0.246707
628.384119,0.246475
628.695837,0.246247
629.007555,0.246023
629.319274,0.245803
629.630992,0.245587
629.942710,0.245376
630.254428,0.245168
630.566147,0.244964
630.877865,0.244764
631.189583,0.244567
631.501301,0.244374
631.813020,0.244185
632.124738,0.244000
632.436456,0.243818
632.748174,0.243639
633.059893,0.243464
633.371611,0.243292
633.683329,0.243123
633.995047,0.242958
634.306766,0.242795
634.618484,0.242636
634.930202,0.242480
635.241920,0.242326
635.553639,0.242176
635.865357,0.242028
636.177075,0.241884
636.488793,0.241742
636.800512,0.241602
637.112230,0.241466
637.423948,0.241331
637.735666,0.241200
638.047385,0.241071
638.359103,0.240944
638.670821,0.240820
638.982539,0.240698
639.294258,0.240579
639.605976,0.240462
639.917694,0.240347
640.229412,0.240234
640.541131,0.240124
640.852849,0.240016
641.164567,0.239910
641.476285,0.239806
641.788004,0.239704
642.099722,0.239604
642.411440,0.239507
642.723159,0.239412
643.034877,0.239318
643.346595,0.239227
643.658313,0.239138
643.970032,0.239051
644.281750,0.238966
644.593468,0.238883
644.905186,0.238803
645.216905,0.238724
645.528623,0.238648
645.840341,0.238574
646.152059,0.238502
646.463778,0.238433
646.775496,0.238365
647.087214,0.238301
647.398932,0.238239
647.710651,0.238179
648.022369,0.238123
648.334087,0.238069
648.645805,0.238018
648.957524,0.237971
649.269242,0.237927
649.580960,0.237886
649.892678,0.237850
650.204397,0.237817
650.516115,0.237789
650.827833,0.237766
651.139551,0.237748
651.451270,0.237736
651.762988,0.237731
652.074706,0.237732
652.386424,0.237741
652.698143,0.237758
653.009861,0.237786
653.321579,0.237824
653.633297,0.237874
653.945016,0.237937
654.256734,0.238016
654.568452,0.238113
654.880170,0.238230
655.191889,0.238370
655.503607,0.238535
655.815325,0.238730
656.127043,0.238959
656.438762,0.239226
656.750480,0.239536
657.062198,0.239894
657.373916,0.240302
657.685635,0.240765
657.997353,0.241281
658.309071,0.241847
658.620789,0.242450
658.932508,0.243070
659.244226,0.243677
659.555944,0.244226
659.867662,0.244668
660.179381,0.244953
660.491099,0.245042
660.802817,0.244919
661.114535,0.244592
661.426254,0.244095
661.737972,0.243474
662.049690,0.242781
662.361408,0.242061
662.673127,0.241350
662.984845,0.240671
663.296563,0.240038
663.608281,0.239458
663.920000,0.238932
664.231718,0.238459
664.543436,0.238034
664.855154,0.237653
665.166873,0.237311
665.478591,0.237004
665.790309,0.236728
666.102027,0.236478
666.413746,0.236252
666.725464,0.236046
667.037182,0.235858
667.348900,0.235686
667.660619,0.235528
667.972337,0.235382
668.284055,0.235247
668.595773,0.235121
668.907492,0.235003
669.219210,0.234893
669.530928,0.234790
669.842646,0.234693
670.154365,0.234601
670.466083,0.234514
670.777801,0.234431
671.089519,0.234352
671.401238,0.234277
671.712956,0.234205
672.024674,0.234136
672.336393,0.234069
672.648111,0.234005
672.959829,0.233944
673.271547,0.233884
673.583266,0.233827
673.894984,0.233771
674.206702,0.233717
674.518420,0.233665
674.830139,0.233614
675.141857,0.233564
675.453575,0.233516
675.765293,0.233469
676.077012,0.233422
676.388730,0.233377
676.700448,0.233333
677.012166,0.233290
677.323885,0.233248
677.635603,0.233207
677.947321,0.233166
678.259039,0.233126
678.570758,0.233087
678.882476,0.233048
679.194194,0.233011
679.505912,0.232973
679.817631,0.232937
680.129349,0.232901
680.441067,0.232865
680.752785,0.232830
681.064504,0.232796
681.376222,0.232762
681.687940,0.232728
681.999658,0.232695
682.311377,0.232663
682.623095,0.232630
682.934813,0.232598
683.246531,0.232567
683.558250,0.232536
683.869968,0.232505
684.181686,0.232475
684.493404,0.232445
684.805123,0.232415
685.116841,0.232386
685.428559,0.232357
685.740277,0.232328
686.051996,0.232299
